r,tg,2026,2027,2028,2029,2030
p01001,battery,80.0,80.0,80.0,80.0,80.0
p01001,biomass,0.0,0.0,0.0,0.0,0.0
p01001,coal,0.0,0.0,0.0,0.0,0.0
p01001,gas,1902.0,1902.0,1902.0,1902.0,1902.0
p01001,geothermal,0.0,0.0,0.0,0.0,0.0
p01001,h2,0.0,0.0,0.0,0.0,0.0
p01001,hydro,0.0,0.0,0.0,0.0,0.0
p01001,nuclear,0.0,0.0,0.0,0.0,0.0
p01001,pumped-hydro,0.0,0.0,0.0,0.0,0.0
p01001,pv,80.0,80.0,80.0,80.0,80.0
p01001,wind-ofs,0.0,0.0,0.0,0.0,0.0
p01001,wind-ons,0.0,0.0,0.0,0.0,0.0
p01003,battery,240.0,240.0,240.0,240.0,240.0
p01003,biomass,0.0,0.0,0.0,0.0,0.0
p01003,coal,0.0,0.0,0.0,0.0,0.0
p01003,gas,0.0,0.0,0.0,0.0,0.0
p01003,geothermal,0.0,0.0,0.0,0.0,0.0
p01003,h2,0.0,0.0,0.0,0.0,0.0
p01003,hydro,0.0,0.0,0.0,0.0,0.0
p01003,nuclear,0.0,0.0,0.0,0.0,0.0
p01003,pumped-hydro,0.0,0.0,0.0,0.0,0.0
p01003,pv,660.0,660.0,660.0,660.0,660.0
p01003,wind-ofs,0.0,0.0,0.0,0.0,0.0
p01003,wind-ons,0.0,0.0,0.0,0.0,0.0
p01011,battery,0.0,0.0,0.0,0.0,0.0
p01011,biomass,0.0,0.0,0.0,0.0,0.0
p01011,coal,0.0,0.0,0.0,0.0,0.0
p01011,gas,0.0,0.0,0.0,0.0,0.0
p01011,geothermal,0.0,0.0,0.0,0.0,0.0
p01011,h2,0.0,0.0,0.0,0.0,0.0
p01011,hydro,0.0,0.0,0.0,0.0,0.0
p01011,nuclear,0.0,0.0,0.0,0.0,0.0
p01011,pumped-hydro,0.0,0.0,0.0,0.0,0.0
p01011,pv,200.0,200.0,200.0,200.0,200.0
p01011,wind-ofs,0.0,0.0,0.0,0.0,0.0
p01011,wind-ons,0.0,0.0,0.0,0.0,0.0
p01017,battery,80.0,80.0,80.0,80.0,80.0
p01017,biomass,0.0,0.0,0.0,0.0,0.0
p01017,coal,0.0,0.0,0.0,0.0,0.0
p01017,gas,0.0,0.0,0.0,0.0,0.0
p01017,geothermal,0.0,0.0,0.0,0.0,0.0
p01017,h2,0.0,0.0,0.0,0.0,0.0
p01017,hydro,0.0,0.0,0.0,0.0,0.0
p01017,nuclear,0.0,0.0,0.0,0.0,0.0
p01017,pumped-hydro,0.0,0.0,0.0,0.0,0.0
p01017,pv,80.0,80.0,80.0,80.0,80.0
p01017,wind-ofs,0.0,0.0,0.0,0.0,0.0
p01017,wind-ons,0.0,0.0,0.0,0.0,0.0
p01031,battery,80.0,80.0,80.0,80.0,80.0
p01031,biomass,0.0,0.0,0.0,0.0,0.0
p01031,coal,0.0,0.0,0.0,0.0,0.0
p01031,gas,0.0,0.0,0.0,0.0,0.0
p01031,geothermal,0.0,0.0,0.0,0.0,0.0
p01031,h2,0.0,0.0,0.0,0.0,0.0
p01031,hydro,0.0,0.0,0.0,0.0,0.0
p01031,nuclear,0.0,0.0,0.0,0.0,0.0
p01031,pumped-hydro,0.0,0.0,0.0,0.0,0.0
p01031,pv,80.0,80.0,80.0,80.0,80.0
p01031,wind-ofs,0.0,0.0,0.0,0.0,0.0
p01031,wind-ons,0.0,0.0,0.0,0.0,0.0
p01033,battery,0.0,0.0,0.0,0.0,0.0
p01033,biomass,0.0,0.0,0.0,0.0,0.0
p01033,coal,0.0,0.0,0.0,0.0,0.0
p01033,gas,1560.0,1560.0,1560.0,1560.0,1560.0
p01033,geothermal,0.0,0.0,0.0,0.0,0.0
p01033,h2,0.0,0.0,0.0,0.0,0.0
p01033,hydro,0.0,0.0,0.0,0.0,0.0
p01033,nuclear,0.0,0.0,0.0,0.0,0.0
p01033,pumped-hydro,0.0,0.0,0.0,0.0,0.0
p01033,pv,400.0,400.0,400.0,400.0,400.0
p01033,wind-ofs,0.0,0.0,0.0,0.0,0.0
p01033,wind-ons,0.0,0.0,0.0,0.0,0.0
p01035,battery,160.0,160.0,160.0,160.0,160.0
p01035,biomass,0.0,0.0,0.0,0.0,0.0
p01035,coal,0.0,0.0,0.0,0.0,0.0
p01035,gas,0.0,0.0,0.0,0.0,0.0
p01035,geothermal,0.0,0.0,0.0,0.0,0.0
p01035,h2,0.0,0.0,0.0,0.0,0.0
p01035,hydro,0.0,0.0,0.0,0.0,0.0
p01035,nuclear,0.0,0.0,0.0,0.0,0.0
p01035,pumped-hydro,0.0,0.0,0.0,0.0,0.0
p01035,pv,160.0,160.0,160.0,160.0,160.0
p01035,wind-ofs,0.0,0.0,0.0,0.0,0.0
p01035,wind-ons,0.0,0.0,0.0,0.0,0.0
p01037,battery,0.0,0.0,0.0,0.0,0.0
p01037,biomass,0.0,0.0,0.0,0.0,0.0
p01037,coal,0.0,0.0,0.0,0.0,0.0
p01037,gas,0.0,0.0,0.0,0.0,0.0
p01037,geothermal,0.0,0.0,0.0,0.0,0.0
p01037,h2,0.0,0.0,0.0,0.0,0.0
p01037,hydro,0.0,0.0,0.0,0.0,0.0
p01037,nuclear,0.0,0.0,0.0,0.0,0.0
p01037,pumped-hydro,0.0,0.0,0.0,0.0,0.0
p01037,pv,200.0,200.0,200.0,200.0,200.0
p01037,wind-ofs,0.0,0.0,0.0,0.0,0.0
p01037,wind-ons,0.0,0.0,0.0,0.0,0.0
p01045,battery,158.0,158.0,158.0,158.0,158.0
p01045,biomass,0.0,0.0,0.0,0.0,0.0
p01045,coal,0.0,0.0,0.0,0.0,0.0
p01045,gas,0.0,0.0,0.0,0.0,0.0
p01045,geothermal,0.0,0.0,0.0,0.0,0.0
p01045,h2,0.0,0.0,0.0,0.0,0.0
p01045,hydro,0.0,0.0,0.0,0.0,0.0
p01045,nuclear,0.0,0.0,0.0,0.0,0.0
p01045,pumped-hydro,0.0,0.0,0.0,0.0,0.0
p01045,pv,239.0,239.0,239.0,239.0,239.0
p01045,wind-ofs,0.0,0.0,0.0,0.0,0.0
p01045,wind-ons,0.0,0.0,0.0,0.0,0.0
p01047,battery,0.0,0.0,0.0,0.0,0.0
p01047,biomass,0.0,0.0,0.0,0.0,0.0
p01047,coal,0.0,0.0,0.0,0.0,0.0
p01047,gas,0.0,0.0,0.0,0.0,0.0
p01047,geothermal,0.0,0.0,0.0,0.0,0.0
p01047,h2,0.0,0.0,0.0,0.0,0.0
p01047,hydro,0.0,0.0,0.0,0.0,0.0
p01047,nuclear,0.0,0.0,0.0,0.0,0.0
p01047,pumped-hydro,0.0,0.0,0.0,0.0,0.0
p01047,pv,240.0,240.0,240.0,240.0,240.0
p01047,wind-ofs,0.0,0.0,0.0,0.0,0.0
p01047,wind-ons,0.0,0.0,0.0,0.0,0.0
p01049,battery,200.0,200.0,200.0,200.0,200.0
p01049,biomass,0.0,0.0,0.0,0.0,0.0
p01049,coal,0.0,0.0,0.0,0.0,0.0
p01049,gas,0.0,0.0,0.0,0.0,0.0
p01049,geothermal,0.0,0.0,0.0,0.0,0.0
p01049,h2,0.0,0.0,0.0,0.0,0.0
p01049,hydro,0.0,0.0,0.0,0.0,0.0
p01049,nuclear,0.0,0.0,0.0,0.0,0.0
p01049,pumped-hydro,0.0,0.0,0.0,0.0,0.0
p01049,pv,0.0,0.0,0.0,0.0,0.0
p01049,wind-ofs,0.0,0.0,0.0,0.0,0.0
p01049,wind-ons,0.0,0.0,0.0,0.0,0.0
p01053,battery,79.0,79.0,79.0,79.0,79.0
p01053,biomass,0.0,0.0,0.0,0.0,0.0
p01053,coal,0.0,0.0,0.0,0.0,0.0
p01053,gas,0.0,0.0,0.0,0.0,0.0
p01053,geothermal,0.0,0.0,0.0,0.0,0.0
p01053,h2,0.0,0.0,0.0,0.0,0.0
p01053,hydro,0.0,0.0,0.0,0.0,0.0
p01053,nuclear,0.0,0.0,0.0,0.0,0.0
p01053,pumped-hydro,0.0,0.0,0.0,0.0,0.0
p01053,pv,159.0,159.0,159.0,159.0,159.0
p01053,wind-ofs,0.0,0.0,0.0,0.0,0.0
p01053,wind-ons,0.0,0.0,0.0,0.0,0.0
p01063,battery,260.0,260.0,260.0,260.0,260.0
p01063,biomass,0.0,0.0,0.0,0.0,0.0
p01063,coal,0.0,0.0,0.0,0.0,0.0
p01063,gas,0.0,0.0,0.0,0.0,0.0
p01063,geothermal,0.0,0.0,0.0,0.0,0.0
p01063,h2,0.0,0.0,0.0,0.0,0.0
p01063,hydro,0.0,0.0,0.0,0.0,0.0
p01063,nuclear,0.0,0.0,0.0,0.0,0.0
p01063,pumped-hydro,0.0,0.0,0.0,0.0,0.0
p01063,pv,527.2,527.2,527.2,527.2,527.2
p01063,wind-ofs,0.0,0.0,0.0,0.0,0.0
p01063,wind-ons,0.0,0.0,0.0,0.0,0.0
p01065,battery,0.0,0.0,0.0,0.0,0.0
p01065,biomass,0.0,0.0,0.0,0.0,0.0
p01065,coal,0.0,0.0,0.0,0.0,0.0
p01065,gas,0.0,0.0,0.0,0.0,0.0
p01065,geothermal,0.0,0.0,0.0,0.0,0.0
p01065,h2,0.0,0.0,0.0,0.0,0.0
p01065,hydro,0.0,0.0,0.0,0.0,0.0
p01065,nuclear,0.0,0.0,0.0,0.0,0.0
p01065,pumped-hydro,0.0,0.0,0.0,0.0,0.0
p01065,pv,330.0,330.0,330.0,330.0,330.0
p01065,wind-ofs,0.0,0.0,0.0,0.0,0.0
p01065,wind-ons,0.0,0.0,0.0,0.0,0.0
p01069,battery,0.0,0.0,0.0,0.0,0.0
p01069,biomass,0.0,0.0,0.0,0.0,0.0
p01069,coal,0.0,0.0,0.0,0.0,0.0
p01069,gas,0.0,0.0,0.0,0.0,0.0
p01069,geothermal,0.0,0.0,0.0,0.0,0.0
p01069,h2,0.0,0.0,0.0,0.0,0.0
p01069,hydro,0.0,0.0,0.0,0.0,0.0
p01069,nuclear,0.0,0.0,0.0,0.0,0.0
p01069,pumped-hydro,0.0,0.0,0.0,0.0,0.0
p01069,pv,280.0,280.0,280.0,280.0,280.0
p01069,wind-ofs,0.0,0.0,0.0,0.0,0.0
p01069,wind-ons,0.0,0.0,0.0,0.0,0.0
p01071,battery,0.0,0.0,0.0,0.0,0.0
p01071,biomass,0.0,0.0,0.0,0.0,0.0
p01071,coal,0.0,0.0,0.0,0.0,0.0
p01071,gas,0.0,0.0,0.0,0.0,0.0
p01071,geothermal,0.0,0.0,0.0,0.0,0.0
p01071,h2,0.0,0.0,0.0,0.0,0.0
p01071,hydro,0.0,0.0,0.0,0.0,0.0
p01071,nuclear,0.0,0.0,0.0,0.0,0.0
p01071,pumped-hydro,0.0,0.0,0.0,0.0,0.0
p01071,pv,199.0,199.0,199.0,199.0,199.0
p01071,wind-ofs,0.0,0.0,0.0,0.0,0.0
p01071,wind-ons,0.0,0.0,0.0,0.0,0.0
p01077,battery,0.0,0.0,0.0,0.0,0.0
p01077,biomass,0.0,0.0,0.0,0.0,0.0
p01077,coal,0.0,0.0,0.0,0.0,0.0
p01077,gas,0.0,0.0,0.0,0.0,0.0
p01077,geothermal,0.0,0.0,0.0,0.0,0.0
p01077,h2,0.0,0.0,0.0,0.0,0.0
p01077,hydro,0.0,0.0,0.0,0.0,0.0
p01077,nuclear,0.0,0.0,0.0,0.0,0.0
p01077,pumped-hydro,0.0,0.0,0.0,0.0,0.0
p01077,pv,150.0,150.0,150.0,150.0,150.0
p01077,wind-ofs,0.0,0.0,0.0,0.0,0.0
p01077,wind-ons,0.0,0.0,0.0,0.0,0.0
p01079,battery,0.0,0.0,0.0,0.0,0.0
p01079,biomass,0.0,0.0,0.0,0.0,0.0
p01079,coal,0.0,0.0,0.0,0.0,0.0
p01079,gas,0.0,0.0,0.0,0.0,0.0
p01079,geothermal,0.0,0.0,0.0,0.0,0.0
p01079,h2,0.0,0.0,0.0,0.0,0.0
p01079,hydro,0.0,0.0,0.0,0.0,0.0
p01079,nuclear,0.0,0.0,0.0,0.0,0.0
p01079,pumped-hydro,0.0,0.0,0.0,0.0,0.0
p01079,pv,786.0,786.0,786.0,786.0,786.0
p01079,wind-ofs,0.0,0.0,0.0,0.0,0.0
p01079,wind-ons,0.0,0.0,0.0,0.0,0.0
p01081,battery,0.0,0.0,0.0,0.0,0.0
p01081,biomass,0.0,0.0,0.0,0.0,0.0
p01081,coal,0.0,0.0,0.0,0.0,0.0
p01081,gas,0.0,0.0,0.0,0.0,0.0
p01081,geothermal,0.0,0.0,0.0,0.0,0.0
p01081,h2,0.0,0.0,0.0,0.0,0.0
p01081,hydro,0.0,0.0,0.0,0.0,0.0
p01081,nuclear,0.0,0.0,0.0,0.0,0.0
p01081,pumped-hydro,0.0,0.0,0.0,0.0,0.0
p01081,pv,237.0,237.0,237.0,237.0,237.0
p01081,wind-ofs,0.0,0.0,0.0,0.0,0.0
p01081,wind-ons,0.0,0.0,0.0,0.0,0.0
p01083,battery,0.0,0.0,0.0,0.0,0.0
p01083,biomass,0.0,0.0,0.0,0.0,0.0
p01083,coal,0.0,0.0,0.0,0.0,0.0
p01083,gas,0.0,0.0,0.0,0.0,0.0
p01083,geothermal,0.0,0.0,0.0,0.0,0.0
p01083,h2,0.0,0.0,0.0,0.0,0.0
p01083,hydro,0.0,0.0,0.0,0.0,0.0
p01083,nuclear,930.0,930.0,930.0,930.0,930.0
p01083,pumped-hydro,0.0,0.0,0.0,0.0,0.0
p01083,pv,0.0,0.0,0.0,0.0,0.0
p01083,wind-ofs,0.0,0.0,0.0,0.0,0.0
p01083,wind-ons,0.0,0.0,0.0,0.0,0.0
p01085,battery,110.0,110.0,110.0,110.0,110.0
p01085,biomass,0.0,0.0,0.0,0.0,0.0
p01085,coal,0.0,0.0,0.0,0.0,0.0
p01085,gas,0.0,0.0,0.0,0.0,0.0
p01085,geothermal,0.0,0.0,0.0,0.0,0.0
p01085,h2,0.0,0.0,0.0,0.0,0.0
p01085,hydro,0.0,0.0,0.0,0.0,0.0
p01085,nuclear,0.0,0.0,0.0,0.0,0.0
p01085,pumped-hydro,0.0,0.0,0.0,0.0,0.0
p01085,pv,138.0,138.0,138.0,138.0,138.0
p01085,wind-ofs,0.0,0.0,0.0,0.0,0.0
p01085,wind-ons,0.0,0.0,0.0,0.0,0.0
p01089,battery,0.0,0.0,0.0,0.0,0.0
p01089,biomass,0.0,0.0,0.0,0.0,0.0
p01089,coal,0.0,0.0,0.0,0.0,0.0
p01089,gas,0.0,0.0,0.0,0.0,0.0
p01089,geothermal,0.0,0.0,0.0,0.0,0.0
p01089,h2,0.0,0.0,0.0,0.0,0.0
p01089,hydro,0.0,0.0,0.0,0.0,0.0
p01089,nuclear,0.0,0.0,0.0,0.0,0.0
p01089,pumped-hydro,0.0,0.0,0.0,0.0,0.0
p01089,pv,110.0,110.0,110.0,110.0,110.0
p01089,wind-ofs,0.0,0.0,0.0,0.0,0.0
p01089,wind-ons,0.0,0.0,0.0,0.0,0.0
p01091,battery,365.0,365.0,365.0,365.0,365.0
p01091,biomass,0.0,0.0,0.0,0.0,0.0
p01091,coal,0.0,0.0,0.0,0.0,0.0
p01091,gas,0.0,0.0,0.0,0.0,0.0
p01091,geothermal,0.0,0.0,0.0,0.0,0.0
p01091,h2,0.0,0.0,0.0,0.0,0.0
p01091,hydro,0.0,0.0,0.0,0.0,0.0
p01091,nuclear,0.0,0.0,0.0,0.0,0.0
p01091,pumped-hydro,0.0,0.0,0.0,0.0,0.0
p01091,pv,495.0,495.0,495.0,495.0,495.0
p01091,wind-ofs,0.0,0.0,0.0,0.0,0.0
p01091,wind-ons,0.0,0.0,0.0,0.0,0.0
p01093,battery,0.0,0.0,0.0,0.0,0.0
p01093,biomass,0.0,0.0,0.0,0.0,0.0
p01093,coal,0.0,0.0,0.0,0.0,0.0
p01093,gas,0.0,0.0,0.0,0.0,0.0
p01093,geothermal,0.0,0.0,0.0,0.0,0.0
p01093,h2,0.0,0.0,0.0,0.0,0.0
p01093,hydro,7.0,7.0,7.0,7.0,7.0
p01093,nuclear,0.0,0.0,0.0,0.0,0.0
p01093,pumped-hydro,0.0,0.0,0.0,0.0,0.0
p01093,pv,0.0,0.0,0.0,0.0,0.0
p01093,wind-ofs,0.0,0.0,0.0,0.0,0.0
p01093,wind-ons,0.0,0.0,0.0,0.0,0.0
p01097,battery,300.0,300.0,300.0,300.0,300.0
p01097,biomass,0.0,0.0,0.0,0.0,0.0
p01097,coal,0.0,0.0,0.0,0.0,0.0
p01097,gas,685.0,685.0,685.0,685.0,685.0
p01097,geothermal,0.0,0.0,0.0,0.0,0.0
p01097,h2,0.0,0.0,0.0,0.0,0.0
p01097,hydro,0.0,0.0,0.0,0.0,0.0
p01097,nuclear,0.0,0.0,0.0,0.0,0.0
p01097,pumped-hydro,0.0,0.0,0.0,0.0,0.0
p01097,pv,0.0,0.0,0.0,0.0,0.0
p01097,wind-ofs,0.0,0.0,0.0,0.0,0.0
p01097,wind-ons,0.0,0.0,0.0,0.0,0.0
p01099,battery,0.0,0.0,0.0,0.0,0.0
p01099,biomass,0.0,0.0,0.0,0.0,0.0
p01099,coal,0.0,0.0,0.0,0.0,0.0
p01099,gas,0.0,0.0,0.0,0.0,0.0
p01099,geothermal,0.0,0.0,0.0,0.0,0.0
p01099,h2,0.0,0.0,0.0,0.0,0.0
p01099,hydro,0.0,0.0,0.0,0.0,0.0
p01099,nuclear,0.0,0.0,0.0,0.0,0.0
p01099,pumped-hydro,0.0,0.0,0.0,0.0,0.0
p01099,pv,80.0,80.0,80.0,80.0,80.0
p01099,wind-ofs,0.0,0.0,0.0,0.0,0.0
p01099,wind-ons,0.0,0.0,0.0,0.0,0.0
p01101,battery,400.0,400.0,400.0,400.0,400.0
p01101,biomass,0.0,0.0,0.0,0.0,0.0
p01101,coal,0.0,0.0,0.0,0.0,0.0
p01101,gas,0.0,0.0,0.0,0.0,0.0
p01101,geothermal,0.0,0.0,0.0,0.0,0.0
p01101,h2,0.0,0.0,0.0,0.0,0.0
p01101,hydro,0.0,0.0,0.0,0.0,0.0
p01101,nuclear,0.0,0.0,0.0,0.0,0.0
p01101,pumped-hydro,0.0,0.0,0.0,0.0,0.0
p01101,pv,399.8,399.8,399.8,399.8,399.8
p01101,wind-ofs,0.0,0.0,0.0,0.0,0.0
p01101,wind-ons,0.0,0.0,0.0,0.0,0.0
p01105,battery,155.0,155.0,155.0,155.0,155.0
p01105,biomass,0.0,0.0,0.0,0.0,0.0
p01105,coal,0.0,0.0,0.0,0.0,0.0
p01105,gas,0.0,0.0,0.0,0.0,0.0
p01105,geothermal,0.0,0.0,0.0,0.0,0.0
p01105,h2,0.0,0.0,0.0,0.0,0.0
p01105,hydro,0.0,0.0,0.0,0.0,0.0
p01105,nuclear,0.0,0.0,0.0,0.0,0.0
p01105,pumped-hydro,0.0,0.0,0.0,0.0,0.0
p01105,pv,991.6,991.6,991.6,991.6,991.6
p01105,wind-ofs,0.0,0.0,0.0,0.0,0.0
p01105,wind-ons,0.0,0.0,0.0,0.0,0.0
p01109,battery,0.0,0.0,0.0,0.0,0.0
p01109,biomass,0.0,0.0,0.0,0.0,0.0
p01109,coal,0.0,0.0,0.0,0.0,0.0
p01109,gas,0.0,0.0,0.0,0.0,0.0
p01109,geothermal,0.0,0.0,0.0,0.0,0.0
p01109,h2,0.0,0.0,0.0,0.0,0.0
p01109,hydro,0.0,0.0,0.0,0.0,0.0
p01109,nuclear,0.0,0.0,0.0,0.0,0.0
p01109,pumped-hydro,0.0,0.0,0.0,0.0,0.0
p01109,pv,580.0,580.0,580.0,580.0,580.0
p01109,wind-ofs,0.0,0.0,0.0,0.0,0.0
p01109,wind-ons,0.0,0.0,0.0,0.0,0.0
p01113,battery,80.0,80.0,80.0,80.0,80.0
p01113,biomass,0.0,0.0,0.0,0.0,0.0
p01113,coal,0.0,0.0,0.0,0.0,0.0
p01113,gas,0.0,0.0,0.0,0.0,0.0
p01113,geothermal,0.0,0.0,0.0,0.0,0.0
p01113,h2,0.0,0.0,0.0,0.0,0.0
p01113,hydro,0.0,0.0,0.0,0.0,0.0
p01113,nuclear,0.0,0.0,0.0,0.0,0.0
p01113,pumped-hydro,0.0,0.0,0.0,0.0,0.0
p01113,pv,80.0,80.0,80.0,80.0,80.0
p01113,wind-ofs,0.0,0.0,0.0,0.0,0.0
p01113,wind-ons,0.0,0.0,0.0,0.0,0.0
p01117,battery,0.0,0.0,0.0,0.0,0.0
p01117,biomass,0.0,0.0,0.0,0.0,0.0
p01117,coal,0.0,0.0,0.0,0.0,0.0
p01117,gas,806.2,806.2,806.2,806.2,806.2
p01117,geothermal,0.0,0.0,0.0,0.0,0.0
p01117,h2,0.0,0.0,0.0,0.0,0.0
p01117,hydro,0.0,0.0,0.0,0.0,0.0
p01117,nuclear,0.0,0.0,0.0,0.0,0.0
p01117,pumped-hydro,0.0,0.0,0.0,0.0,0.0
p01117,pv,0.0,0.0,0.0,0.0,0.0
p01117,wind-ofs,0.0,0.0,0.0,0.0,0.0
p01117,wind-ons,0.0,0.0,0.0,0.0,0.0
p01121,battery,0.0,0.0,0.0,0.0,0.0
p01121,biomass,0.0,0.0,0.0,0.0,0.0
p01121,coal,0.0,0.0,0.0,0.0,0.0
p01121,gas,0.0,0.0,0.0,0.0,0.0
p01121,geothermal,0.0,0.0,0.0,0.0,0.0
p01121,h2,0.0,0.0,0.0,0.0,0.0
p01121,hydro,0.0,0.0,0.0,0.0,0.0
p01121,nuclear,0.0,0.0,0.0,0.0,0.0
p01121,pumped-hydro,0.0,0.0,0.0,0.0,0.0
p01121,pv,180.0,180.0,180.0,180.0,180.0
p01121,wind-ofs,0.0,0.0,0.0,0.0,0.0
p01121,wind-ons,0.0,0.0,0.0,0.0,0.0
p01127,battery,150.0,150.0,150.0,150.0,150.0
p01127,biomass,0.0,0.0,0.0,0.0,0.0
p01127,coal,0.0,0.0,0.0,0.0,0.0
p01127,gas,0.0,0.0,0.0,0.0,0.0
p01127,geothermal,0.0,0.0,0.0,0.0,0.0
p01127,h2,0.0,0.0,0.0,0.0,0.0
p01127,hydro,0.0,0.0,0.0,0.0,0.0
p01127,nuclear,0.0,0.0,0.0,0.0,0.0
p01127,pumped-hydro,0.0,0.0,0.0,0.0,0.0
p01127,pv,160.0,160.0,160.0,160.0,160.0
p01127,wind-ofs,0.0,0.0,0.0,0.0,0.0
p01127,wind-ons,0.0,0.0,0.0,0.0,0.0
p01129,battery,0.0,0.0,0.0,0.0,0.0
p01129,biomass,0.0,0.0,0.0,0.0,0.0
p01129,coal,0.0,0.0,0.0,0.0,0.0
p01129,gas,0.0,0.0,0.0,0.0,0.0
p01129,geothermal,0.0,0.0,0.0,0.0,0.0
p01129,h2,0.0,0.0,0.0,0.0,0.0
p01129,hydro,0.0,0.0,0.0,0.0,0.0
p01129,nuclear,0.0,0.0,0.0,0.0,0.0
p01129,pumped-hydro,0.0,0.0,0.0,0.0,0.0
p01129,pv,80.0,80.0,80.0,80.0,80.0
p01129,wind-ofs,0.0,0.0,0.0,0.0,0.0
p01129,wind-ons,0.0,0.0,0.0,0.0,0.0
p04001,battery,0.0,0.0,0.0,0.0,0.0
p04001,biomass,0.0,0.0,0.0,0.0,0.0
p04001,coal,0.0,0.0,0.0,0.0,0.0
p04001,gas,0.0,0.0,0.0,0.0,0.0
p04001,geothermal,0.0,0.0,0.0,0.0,0.0
p04001,h2,0.0,0.0,0.0,0.0,0.0
p04001,hydro,0.0,0.0,0.0,0.0,0.0
p04001,nuclear,0.0,0.0,0.0,0.0,0.0
p04001,pumped-hydro,0.0,0.0,0.0,0.0,0.0
p04001,pv,1000.0,1000.0,1000.0,1000.0,1000.0
p04001,wind-ofs,0.0,0.0,0.0,0.0,0.0
p04001,wind-ons,300.0,300.0,300.0,300.0,300.0
p04003,battery,0.0,0.0,0.0,0.0,0.0
p04003,biomass,0.0,0.0,0.0,0.0,0.0
p04003,coal,0.0,0.0,0.0,0.0,0.0
p04003,gas,0.0,0.0,0.0,0.0,0.0
p04003,geothermal,0.0,0.0,0.0,0.0,0.0
p04003,h2,0.0,0.0,0.0,0.0,0.0
p04003,hydro,0.0,0.0,0.0,0.0,0.0
p04003,nuclear,0.0,0.0,0.0,0.0,0.0
p04003,pumped-hydro,0.0,0.0,0.0,0.0,0.0
p04003,pv,600.0,600.0,600.0,600.0,600.0
p04003,wind-ofs,0.0,0.0,0.0,0.0,0.0
p04003,wind-ons,200.0,200.0,200.0,200.0,200.0
p04005,battery,240.0,240.0,240.0,240.0,240.0
p04005,biomass,0.0,0.0,0.0,0.0,0.0
p04005,coal,0.0,0.0,0.0,0.0,0.0
p04005,gas,0.0,0.0,0.0,0.0,0.0
p04005,geothermal,0.0,0.0,0.0,0.0,0.0
p04005,h2,0.0,0.0,0.0,0.0,0.0
p04005,hydro,0.0,0.0,0.0,0.0,0.0
p04005,nuclear,0.0,0.0,0.0,0.0,0.0
p04005,pumped-hydro,0.0,0.0,0.0,0.0,0.0
p04005,pv,7840.0,7840.0,7840.0,7840.0,7840.0
p04005,wind-ofs,0.0,0.0,0.0,0.0,0.0
p04005,wind-ons,1469.7,1469.7,1469.7,1469.7,1469.7
p04009,battery,0.0,0.0,0.0,0.0,0.0
p04009,biomass,0.0,0.0,0.0,0.0,0.0
p04009,coal,0.0,0.0,0.0,0.0,0.0
p04009,gas,0.0,0.0,0.0,0.0,0.0
p04009,geothermal,0.0,0.0,0.0,0.0,0.0
p04009,h2,0.0,0.0,0.0,0.0,0.0
p04009,hydro,0.0,0.0,0.0,0.0,0.0
p04009,nuclear,0.0,0.0,0.0,0.0,0.0
p04009,pumped-hydro,0.0,0.0,0.0,0.0,0.0
p04009,pv,485.0,485.0,485.0,485.0,485.0
p04009,wind-ofs,0.0,0.0,0.0,0.0,0.0
p04009,wind-ons,0.0,0.0,0.0,0.0,0.0
p04011,battery,0.0,0.0,0.0,0.0,0.0
p04011,biomass,0.0,0.0,0.0,0.0,0.0
p04011,coal,0.0,0.0,0.0,0.0,0.0
p04011,gas,0.0,0.0,0.0,0.0,0.0
p04011,geothermal,0.0,0.0,0.0,0.0,0.0
p04011,h2,0.0,0.0,0.0,0.0,0.0
p04011,hydro,0.0,0.0,0.0,0.0,0.0
p04011,nuclear,0.0,0.0,0.0,0.0,0.0
p04011,pumped-hydro,0.0,0.0,0.0,0.0,0.0
p04011,pv,470.0,470.0,470.0,470.0,470.0
p04011,wind-ofs,0.0,0.0,0.0,0.0,0.0
p04011,wind-ons,0.0,0.0,0.0,0.0,0.0
p04012,battery,7386.9303,7386.9303,7386.9303,7386.9303,7386.9303
p04012,biomass,0.0,0.0,0.0,0.0,0.0
p04012,coal,0.0,0.0,0.0,0.0,0.0
p04012,gas,452.86,452.86,452.86,452.86,452.86
p04012,geothermal,0.0,0.0,0.0,0.0,0.0
p04012,h2,0.0,0.0,0.0,0.0,0.0
p04012,hydro,0.0,0.0,0.0,0.0,0.0
p04012,nuclear,0.0,0.0,0.0,0.0,0.0
p04012,pumped-hydro,0.0,0.0,0.0,0.0,0.0
p04012,pv,10018.860499999999,10018.860499999999,10018.860499999999,10018.860499999999,10018.860499999999
p04012,wind-ofs,0.0,0.0,0.0,0.0,0.0
p04012,wind-ons,0.0,0.0,0.0,0.0,0.0
p04013,battery,7806.1781,7806.1781,7806.1781,7806.1781,7806.1781
p04013,biomass,0.0,0.0,0.0,0.0,0.0
p04013,coal,0.0,0.0,0.0,0.0,0.0
p04013,gas,1513.1799999999998,1513.1799999999998,1513.1799999999998,1513.1799999999998,1513.1799999999998
p04013,geothermal,0.0,0.0,0.0,0.0,0.0
p04013,h2,0.0,0.0,0.0,0.0,0.0
p04013,hydro,0.0,0.0,0.0,0.0,0.0
p04013,nuclear,0.0,0.0,0.0,0.0,0.0
p04013,pumped-hydro,0.0,0.0,0.0,0.0,0.0
p04013,pv,16646.036,16646.036,16646.036,16646.036,16646.036
p04013,wind-ofs,0.0,0.0,0.0,0.0,0.0
p04013,wind-ons,0.0,0.0,0.0,0.0,0.0
p04015,battery,2718.2,2718.2,2718.2,2718.2,2718.2
p04015,biomass,0.0,0.0,0.0,0.0,0.0
p04015,coal,0.0,0.0,0.0,0.0,0.0
p04015,gas,250.0,250.0,250.0,250.0,250.0
p04015,geothermal,0.0,0.0,0.0,0.0,0.0
p04015,h2,0.0,0.0,0.0,0.0,0.0
p04015,hydro,0.0,0.0,0.0,0.0,0.0
p04015,nuclear,0.0,0.0,0.0,0.0,0.0
p04015,pumped-hydro,0.0,0.0,0.0,0.0,0.0
p04015,pv,4647.8,4647.8,4647.8,4647.8,4647.8
p04015,wind-ofs,0.0,0.0,0.0,0.0,0.0
p04015,wind-ons,1400.0,1400.0,1400.0,1400.0,1400.0
p04017,battery,400.0,400.0,400.0,400.0,400.0
p04017,biomass,0.0,0.0,0.0,0.0,0.0
p04017,coal,0.0,0.0,0.0,0.0,0.0
p04017,gas,0.0,0.0,0.0,0.0,0.0
p04017,geothermal,0.0,0.0,0.0,0.0,0.0
p04017,h2,0.0,0.0,0.0,0.0,0.0
p04017,hydro,0.0,0.0,0.0,0.0,0.0
p04017,nuclear,0.0,0.0,0.0,0.0,0.0
p04017,pumped-hydro,0.0,0.0,0.0,0.0,0.0
p04017,pv,7968.3549999999905,7968.3549999999905,7968.3549999999905,7968.3549999999905,7968.3549999999905
p04017,wind-ofs,0.0,0.0,0.0,0.0,0.0
p04017,wind-ons,2359.25,2359.25,2359.25,2359.25,2359.25
p04019,battery,875.0,875.0,875.0,875.0,875.0
p04019,biomass,0.0,0.0,0.0,0.0,0.0
p04019,coal,0.0,0.0,0.0,0.0,0.0
p04019,gas,800.0,800.0,800.0,800.0,800.0
p04019,geothermal,0.0,0.0,0.0,0.0,0.0
p04019,h2,0.0,0.0,0.0,0.0,0.0
p04019,hydro,0.0,0.0,0.0,0.0,0.0
p04019,nuclear,0.0,0.0,0.0,0.0,0.0
p04019,pumped-hydro,0.0,0.0,0.0,0.0,0.0
p04019,pv,1000.0,1000.0,1000.0,1000.0,1000.0
p04019,wind-ofs,0.0,0.0,0.0,0.0,0.0
p04019,wind-ons,0.0,0.0,0.0,0.0,0.0
p04021,battery,959.0,959.0,959.0,959.0,959.0
p04021,biomass,0.0,0.0,0.0,0.0,0.0
p04021,coal,0.0,0.0,0.0,0.0,0.0
p04021,gas,1367.0,1367.0,1367.0,1367.0,1367.0
p04021,geothermal,0.0,0.0,0.0,0.0,0.0
p04021,h2,0.0,0.0,0.0,0.0,0.0
p04021,hydro,0.0,0.0,0.0,0.0,0.0
p04021,nuclear,0.0,0.0,0.0,0.0,0.0
p04021,pumped-hydro,0.0,0.0,0.0,0.0,0.0
p04021,pv,7419.625,7419.625,7419.625,7419.625,7419.625
p04021,wind-ofs,0.0,0.0,0.0,0.0,0.0
p04021,wind-ons,0.0,0.0,0.0,0.0,0.0
p04025,battery,0.0,0.0,0.0,0.0,0.0
p04025,biomass,0.0,0.0,0.0,0.0,0.0
p04025,coal,0.0,0.0,0.0,0.0,0.0
p04025,gas,0.0,0.0,0.0,0.0,0.0
p04025,geothermal,0.0,0.0,0.0,0.0,0.0
p04025,h2,0.0,0.0,0.0,0.0,0.0
p04025,hydro,0.0,0.0,0.0,0.0,0.0
p04025,nuclear,0.0,0.0,0.0,0.0,0.0
p04025,pumped-hydro,0.0,0.0,0.0,0.0,0.0
p04025,pv,1405.0,1405.0,1405.0,1405.0,1405.0
p04025,wind-ofs,0.0,0.0,0.0,0.0,0.0
p04025,wind-ons,135.0,135.0,135.0,135.0,135.0
p04027,battery,3001.793,3001.793,3001.793,3001.793,3001.793
p04027,biomass,0.0,0.0,0.0,0.0,0.0
p04027,coal,0.0,0.0,0.0,0.0,0.0
p04027,gas,0.0,0.0,0.0,0.0,0.0
p04027,geothermal,0.0,0.0,0.0,0.0,0.0
p04027,h2,0.0,0.0,0.0,0.0,0.0
p04027,hydro,0.0,0.0,0.0,0.0,0.0
p04027,nuclear,0.0,0.0,0.0,0.0,0.0
p04027,pumped-hydro,0.0,0.0,0.0,0.0,0.0
p04027,pv,6753.534,6753.534,6753.534,6753.534,6753.534
p04027,wind-ofs,0.0,0.0,0.0,0.0,0.0
p04027,wind-ons,0.0,0.0,0.0,0.0,0.0
p05001,battery,125.0,125.0,125.0,125.0,125.0
p05001,biomass,0.0,0.0,0.0,0.0,0.0
p05001,coal,0.0,0.0,0.0,0.0,0.0
p05001,gas,0.0,0.0,0.0,0.0,0.0
p05001,geothermal,0.0,0.0,0.0,0.0,0.0
p05001,h2,0.0,0.0,0.0,0.0,0.0
p05001,hydro,0.0,0.0,0.0,0.0,0.0
p05001,nuclear,0.0,0.0,0.0,0.0,0.0
p05001,pumped-hydro,0.0,0.0,0.0,0.0,0.0
p05001,pv,2132.0,2132.0,2132.0,2132.0,2132.0
p05001,wind-ofs,0.0,0.0,0.0,0.0,0.0
p05001,wind-ons,0.0,0.0,0.0,0.0,0.0
p05003,battery,180.0,180.0,180.0,180.0,180.0
p05003,biomass,0.0,0.0,0.0,0.0,0.0
p05003,coal,0.0,0.0,0.0,0.0,0.0
p05003,gas,0.0,0.0,0.0,0.0,0.0
p05003,geothermal,0.0,0.0,0.0,0.0,0.0
p05003,h2,0.0,0.0,0.0,0.0,0.0
p05003,hydro,0.0,0.0,0.0,0.0,0.0
p05003,nuclear,0.0,0.0,0.0,0.0,0.0
p05003,pumped-hydro,0.0,0.0,0.0,0.0,0.0
p05003,pv,555.0,555.0,555.0,555.0,555.0
p05003,wind-ofs,0.0,0.0,0.0,0.0,0.0
p05003,wind-ons,0.0,0.0,0.0,0.0,0.0
p05007,battery,100.0,100.0,100.0,100.0,100.0
p05007,biomass,0.0,0.0,0.0,0.0,0.0
p05007,coal,0.0,0.0,0.0,0.0,0.0
p05007,gas,0.0,0.0,0.0,0.0,0.0
p05007,geothermal,0.0,0.0,0.0,0.0,0.0
p05007,h2,0.0,0.0,0.0,0.0,0.0
p05007,hydro,0.0,0.0,0.0,0.0,0.0
p05007,nuclear,0.0,0.0,0.0,0.0,0.0
p05007,pumped-hydro,0.0,0.0,0.0,0.0,0.0
p05007,pv,312.2,312.2,312.2,312.2,312.2
p05007,wind-ofs,0.0,0.0,0.0,0.0,0.0
p05007,wind-ons,0.0,0.0,0.0,0.0,0.0
p05011,battery,0.0,0.0,0.0,0.0,0.0
p05011,biomass,0.0,0.0,0.0,0.0,0.0
p05011,coal,0.0,0.0,0.0,0.0,0.0
p05011,gas,0.0,0.0,0.0,0.0,0.0
p05011,geothermal,0.0,0.0,0.0,0.0,0.0
p05011,h2,0.0,0.0,0.0,0.0,0.0
p05011,hydro,0.0,0.0,0.0,0.0,0.0
p05011,nuclear,0.0,0.0,0.0,0.0,0.0
p05011,pumped-hydro,0.0,0.0,0.0,0.0,0.0
p05011,pv,105.8,105.8,105.8,105.8,105.8
p05011,wind-ofs,0.0,0.0,0.0,0.0,0.0
p05011,wind-ons,0.0,0.0,0.0,0.0,0.0
p05013,battery,200.0,200.0,200.0,200.0,200.0
p05013,biomass,0.0,0.0,0.0,0.0,0.0
p05013,coal,0.0,0.0,0.0,0.0,0.0
p05013,gas,0.0,0.0,0.0,0.0,0.0
p05013,geothermal,0.0,0.0,0.0,0.0,0.0
p05013,h2,0.0,0.0,0.0,0.0,0.0
p05013,hydro,0.0,0.0,0.0,0.0,0.0
p05013,nuclear,0.0,0.0,0.0,0.0,0.0
p05013,pumped-hydro,0.0,0.0,0.0,0.0,0.0
p05013,pv,3254.5,3254.5,3254.5,3254.5,3254.5
p05013,wind-ofs,0.0,0.0,0.0,0.0,0.0
p05013,wind-ons,0.0,0.0,0.0,0.0,0.0
p05015,battery,0.0,0.0,0.0,0.0,0.0
p05015,biomass,0.0,0.0,0.0,0.0,0.0
p05015,coal,0.0,0.0,0.0,0.0,0.0
p05015,gas,0.0,0.0,0.0,0.0,0.0
p05015,geothermal,0.0,0.0,0.0,0.0,0.0
p05015,h2,0.0,0.0,0.0,0.0,0.0
p05015,hydro,0.0,0.0,0.0,0.0,0.0
p05015,nuclear,0.0,0.0,0.0,0.0,0.0
p05015,pumped-hydro,0.0,0.0,0.0,0.0,0.0
p05015,pv,0.0,0.0,0.0,0.0,0.0
p05015,wind-ofs,0.0,0.0,0.0,0.0,0.0
p05015,wind-ons,360.0,360.0,360.0,360.0,360.0
p05017,battery,0.0,0.0,0.0,0.0,0.0
p05017,biomass,0.0,0.0,0.0,0.0,0.0
p05017,coal,0.0,0.0,0.0,0.0,0.0
p05017,gas,0.0,0.0,0.0,0.0,0.0
p05017,geothermal,0.0,0.0,0.0,0.0,0.0
p05017,h2,0.0,0.0,0.0,0.0,0.0
p05017,hydro,0.0,0.0,0.0,0.0,0.0
p05017,nuclear,0.0,0.0,0.0,0.0,0.0
p05017,pumped-hydro,0.0,0.0,0.0,0.0,0.0
p05017,pv,1440.0,1440.0,1440.0,1440.0,1440.0
p05017,wind-ofs,0.0,0.0,0.0,0.0,0.0
p05017,wind-ons,0.0,0.0,0.0,0.0,0.0
p05019,battery,0.0,0.0,0.0,0.0,0.0
p05019,biomass,0.0,0.0,0.0,0.0,0.0
p05019,coal,0.0,0.0,0.0,0.0,0.0
p05019,gas,0.0,0.0,0.0,0.0,0.0
p05019,geothermal,0.0,0.0,0.0,0.0,0.0
p05019,h2,0.0,0.0,0.0,0.0,0.0
p05019,hydro,0.0,0.0,0.0,0.0,0.0
p05019,nuclear,0.0,0.0,0.0,0.0,0.0
p05019,pumped-hydro,0.0,0.0,0.0,0.0,0.0
p05019,pv,500.0,500.0,500.0,500.0,500.0
p05019,wind-ofs,0.0,0.0,0.0,0.0,0.0
p05019,wind-ons,0.0,0.0,0.0,0.0,0.0
p05021,battery,200.0,200.0,200.0,200.0,200.0
p05021,biomass,0.0,0.0,0.0,0.0,0.0
p05021,coal,0.0,0.0,0.0,0.0,0.0
p05021,gas,0.0,0.0,0.0,0.0,0.0
p05021,geothermal,0.0,0.0,0.0,0.0,0.0
p05021,h2,0.0,0.0,0.0,0.0,0.0
p05021,hydro,0.0,0.0,0.0,0.0,0.0
p05021,nuclear,0.0,0.0,0.0,0.0,0.0
p05021,pumped-hydro,0.0,0.0,0.0,0.0,0.0
p05021,pv,800.0,800.0,800.0,800.0,800.0
p05021,wind-ofs,0.0,0.0,0.0,0.0,0.0
p05021,wind-ons,0.0,0.0,0.0,0.0,0.0
p05025,battery,0.0,0.0,0.0,0.0,0.0
p05025,biomass,0.0,0.0,0.0,0.0,0.0
p05025,coal,0.0,0.0,0.0,0.0,0.0
p05025,gas,0.0,0.0,0.0,0.0,0.0
p05025,geothermal,0.0,0.0,0.0,0.0,0.0
p05025,h2,0.0,0.0,0.0,0.0,0.0
p05025,hydro,0.0,0.0,0.0,0.0,0.0
p05025,nuclear,0.0,0.0,0.0,0.0,0.0
p05025,pumped-hydro,0.0,0.0,0.0,0.0,0.0
p05025,pv,910.0,910.0,910.0,910.0,910.0
p05025,wind-ofs,0.0,0.0,0.0,0.0,0.0
p05025,wind-ons,0.0,0.0,0.0,0.0,0.0
p05027,battery,0.0,0.0,0.0,0.0,0.0
p05027,biomass,0.0,0.0,0.0,0.0,0.0
p05027,coal,0.0,0.0,0.0,0.0,0.0
p05027,gas,0.0,0.0,0.0,0.0,0.0
p05027,geothermal,0.0,0.0,0.0,0.0,0.0
p05027,h2,0.0,0.0,0.0,0.0,0.0
p05027,hydro,0.0,0.0,0.0,0.0,0.0
p05027,nuclear,0.0,0.0,0.0,0.0,0.0
p05027,pumped-hydro,0.0,0.0,0.0,0.0,0.0
p05027,pv,975.0,975.0,975.0,975.0,975.0
p05027,wind-ofs,0.0,0.0,0.0,0.0,0.0
p05027,wind-ons,0.0,0.0,0.0,0.0,0.0
p05029,battery,100.0,100.0,100.0,100.0,100.0
p05029,biomass,0.0,0.0,0.0,0.0,0.0
p05029,coal,0.0,0.0,0.0,0.0,0.0
p05029,gas,0.0,0.0,0.0,0.0,0.0
p05029,geothermal,0.0,0.0,0.0,0.0,0.0
p05029,h2,0.0,0.0,0.0,0.0,0.0
p05029,hydro,0.0,0.0,0.0,0.0,0.0
p05029,nuclear,0.0,0.0,0.0,0.0,0.0
p05029,pumped-hydro,0.0,0.0,0.0,0.0,0.0
p05029,pv,285.0,285.0,285.0,285.0,285.0
p05029,wind-ofs,0.0,0.0,0.0,0.0,0.0
p05029,wind-ons,0.0,0.0,0.0,0.0,0.0
p05031,battery,150.0,150.0,150.0,150.0,150.0
p05031,biomass,0.0,0.0,0.0,0.0,0.0
p05031,coal,0.0,0.0,0.0,0.0,0.0
p05031,gas,0.0,0.0,0.0,0.0,0.0
p05031,geothermal,0.0,0.0,0.0,0.0,0.0
p05031,h2,0.0,0.0,0.0,0.0,0.0
p05031,hydro,0.0,0.0,0.0,0.0,0.0
p05031,nuclear,0.0,0.0,0.0,0.0,0.0
p05031,pumped-hydro,0.0,0.0,0.0,0.0,0.0
p05031,pv,2810.0,2810.0,2810.0,2810.0,2810.0
p05031,wind-ofs,0.0,0.0,0.0,0.0,0.0
p05031,wind-ons,0.0,0.0,0.0,0.0,0.0
p05033,battery,0.0,0.0,0.0,0.0,0.0
p05033,biomass,0.0,0.0,0.0,0.0,0.0
p05033,coal,0.0,0.0,0.0,0.0,0.0
p05033,gas,0.0,0.0,0.0,0.0,0.0
p05033,geothermal,0.0,0.0,0.0,0.0,0.0
p05033,h2,0.0,0.0,0.0,0.0,0.0
p05033,hydro,0.0,0.0,0.0,0.0,0.0
p05033,nuclear,0.0,0.0,0.0,0.0,0.0
p05033,pumped-hydro,0.0,0.0,0.0,0.0,0.0
p05033,pv,300.0,300.0,300.0,300.0,300.0
p05033,wind-ofs,0.0,0.0,0.0,0.0,0.0
p05033,wind-ons,0.0,0.0,0.0,0.0,0.0
p05035,battery,0.0,0.0,0.0,0.0,0.0
p05035,biomass,0.0,0.0,0.0,0.0,0.0
p05035,coal,0.0,0.0,0.0,0.0,0.0
p05035,gas,0.0,0.0,0.0,0.0,0.0
p05035,geothermal,0.0,0.0,0.0,0.0,0.0
p05035,h2,0.0,0.0,0.0,0.0,0.0
p05035,hydro,0.0,0.0,0.0,0.0,0.0
p05035,nuclear,0.0,0.0,0.0,0.0,0.0
p05035,pumped-hydro,0.0,0.0,0.0,0.0,0.0
p05035,pv,2044.0,2044.0,2044.0,2044.0,2044.0
p05035,wind-ofs,0.0,0.0,0.0,0.0,0.0
p05035,wind-ons,400.0,400.0,400.0,400.0,400.0
p05037,battery,0.0,0.0,0.0,0.0,0.0
p05037,biomass,0.0,0.0,0.0,0.0,0.0
p05037,coal,0.0,0.0,0.0,0.0,0.0
p05037,gas,0.0,0.0,0.0,0.0,0.0
p05037,geothermal,0.0,0.0,0.0,0.0,0.0
p05037,h2,0.0,0.0,0.0,0.0,0.0
p05037,hydro,0.0,0.0,0.0,0.0,0.0
p05037,nuclear,0.0,0.0,0.0,0.0,0.0
p05037,pumped-hydro,0.0,0.0,0.0,0.0,0.0
p05037,pv,1562.7,1562.7,1562.7,1562.7,1562.7
p05037,wind-ofs,0.0,0.0,0.0,0.0,0.0
p05037,wind-ons,530.0,530.0,530.0,530.0,530.0
p05041,battery,0.0,0.0,0.0,0.0,0.0
p05041,biomass,0.0,0.0,0.0,0.0,0.0
p05041,coal,0.0,0.0,0.0,0.0,0.0
p05041,gas,0.0,0.0,0.0,0.0,0.0
p05041,geothermal,0.0,0.0,0.0,0.0,0.0
p05041,h2,0.0,0.0,0.0,0.0,0.0
p05041,hydro,0.0,0.0,0.0,0.0,0.0
p05041,nuclear,0.0,0.0,0.0,0.0,0.0
p05041,pumped-hydro,0.0,0.0,0.0,0.0,0.0
p05041,pv,410.0,410.0,410.0,410.0,410.0
p05041,wind-ofs,0.0,0.0,0.0,0.0,0.0
p05041,wind-ons,0.0,0.0,0.0,0.0,0.0
p05043,battery,0.0,0.0,0.0,0.0,0.0
p05043,biomass,0.0,0.0,0.0,0.0,0.0
p05043,coal,0.0,0.0,0.0,0.0,0.0
p05043,gas,0.0,0.0,0.0,0.0,0.0
p05043,geothermal,0.0,0.0,0.0,0.0,0.0
p05043,h2,0.0,0.0,0.0,0.0,0.0
p05043,hydro,0.0,0.0,0.0,0.0,0.0
p05043,nuclear,0.0,0.0,0.0,0.0,0.0
p05043,pumped-hydro,0.0,0.0,0.0,0.0,0.0
p05043,pv,672.0,672.0,672.0,672.0,672.0
p05043,wind-ofs,0.0,0.0,0.0,0.0,0.0
p05043,wind-ons,0.0,0.0,0.0,0.0,0.0
p05045,battery,200.0,200.0,200.0,200.0,200.0
p05045,biomass,0.0,0.0,0.0,0.0,0.0
p05045,coal,0.0,0.0,0.0,0.0,0.0
p05045,gas,0.0,0.0,0.0,0.0,0.0
p05045,geothermal,0.0,0.0,0.0,0.0,0.0
p05045,h2,0.0,0.0,0.0,0.0,0.0
p05045,hydro,0.0,0.0,0.0,0.0,0.0
p05045,nuclear,0.0,0.0,0.0,0.0,0.0
p05045,pumped-hydro,0.0,0.0,0.0,0.0,0.0
p05045,pv,0.0,0.0,0.0,0.0,0.0
p05045,wind-ofs,0.0,0.0,0.0,0.0,0.0
p05045,wind-ons,0.0,0.0,0.0,0.0,0.0
p05047,battery,145.0,145.0,145.0,145.0,145.0
p05047,biomass,0.0,0.0,0.0,0.0,0.0
p05047,coal,0.0,0.0,0.0,0.0,0.0
p05047,gas,102.2,102.2,102.2,102.2,102.2
p05047,geothermal,0.0,0.0,0.0,0.0,0.0
p05047,h2,0.0,0.0,0.0,0.0,0.0
p05047,hydro,0.0,0.0,0.0,0.0,0.0
p05047,nuclear,0.0,0.0,0.0,0.0,0.0
p05047,pumped-hydro,0.0,0.0,0.0,0.0,0.0
p05047,pv,276.62,276.62,276.62,276.62,276.62
p05047,wind-ofs,0.0,0.0,0.0,0.0,0.0
p05047,wind-ons,0.0,0.0,0.0,0.0,0.0
p05053,battery,0.0,0.0,0.0,0.0,0.0
p05053,biomass,0.0,0.0,0.0,0.0,0.0
p05053,coal,0.0,0.0,0.0,0.0,0.0
p05053,gas,0.0,0.0,0.0,0.0,0.0
p05053,geothermal,0.0,0.0,0.0,0.0,0.0
p05053,h2,0.0,0.0,0.0,0.0,0.0
p05053,hydro,0.0,0.0,0.0,0.0,0.0
p05053,nuclear,0.0,0.0,0.0,0.0,0.0
p05053,pumped-hydro,0.0,0.0,0.0,0.0,0.0
p05053,pv,1000.0,1000.0,1000.0,1000.0,1000.0
p05053,wind-ofs,0.0,0.0,0.0,0.0,0.0
p05053,wind-ons,0.0,0.0,0.0,0.0,0.0
p05055,battery,50.0,50.0,50.0,50.0,50.0
p05055,biomass,0.0,0.0,0.0,0.0,0.0
p05055,coal,0.0,0.0,0.0,0.0,0.0
p05055,gas,0.0,0.0,0.0,0.0,0.0
p05055,geothermal,0.0,0.0,0.0,0.0,0.0
p05055,h2,0.0,0.0,0.0,0.0,0.0
p05055,hydro,0.0,0.0,0.0,0.0,0.0
p05055,nuclear,0.0,0.0,0.0,0.0,0.0
p05055,pumped-hydro,0.0,0.0,0.0,0.0,0.0
p05055,pv,300.0,300.0,300.0,300.0,300.0
p05055,wind-ofs,0.0,0.0,0.0,0.0,0.0
p05055,wind-ons,0.0,0.0,0.0,0.0,0.0
p05057,battery,400.0,400.0,400.0,400.0,400.0
p05057,biomass,0.0,0.0,0.0,0.0,0.0
p05057,coal,0.0,0.0,0.0,0.0,0.0
p05057,gas,0.0,0.0,0.0,0.0,0.0
p05057,geothermal,0.0,0.0,0.0,0.0,0.0
p05057,h2,0.0,0.0,0.0,0.0,0.0
p05057,hydro,0.0,0.0,0.0,0.0,0.0
p05057,nuclear,0.0,0.0,0.0,0.0,0.0
p05057,pumped-hydro,0.0,0.0,0.0,0.0,0.0
p05057,pv,533.0,533.0,533.0,533.0,533.0
p05057,wind-ofs,0.0,0.0,0.0,0.0,0.0
p05057,wind-ons,0.0,0.0,0.0,0.0,0.0
p05059,battery,0.0,0.0,0.0,0.0,0.0
p05059,biomass,0.0,0.0,0.0,0.0,0.0
p05059,coal,0.0,0.0,0.0,0.0,0.0
p05059,gas,770.0,770.0,770.0,770.0,770.0
p05059,geothermal,0.0,0.0,0.0,0.0,0.0
p05059,h2,0.0,0.0,0.0,0.0,0.0
p05059,hydro,0.0,0.0,0.0,0.0,0.0
p05059,nuclear,0.0,0.0,0.0,0.0,0.0
p05059,pumped-hydro,0.0,0.0,0.0,0.0,0.0
p05059,pv,385.0,385.0,385.0,385.0,385.0
p05059,wind-ofs,0.0,0.0,0.0,0.0,0.0
p05059,wind-ons,0.0,0.0,0.0,0.0,0.0
p05063,battery,150.0,150.0,150.0,150.0,150.0
p05063,biomass,0.0,0.0,0.0,0.0,0.0
p05063,coal,0.0,0.0,0.0,0.0,0.0
p05063,gas,0.0,0.0,0.0,0.0,0.0
p05063,geothermal,0.0,0.0,0.0,0.0,0.0
p05063,h2,0.0,0.0,0.0,0.0,0.0
p05063,hydro,0.0,0.0,0.0,0.0,0.0
p05063,nuclear,0.0,0.0,0.0,0.0,0.0
p05063,pumped-hydro,0.0,0.0,0.0,0.0,0.0
p05063,pv,250.0,250.0,250.0,250.0,250.0
p05063,wind-ofs,0.0,0.0,0.0,0.0,0.0
p05063,wind-ons,500.0,500.0,500.0,500.0,500.0
p05067,battery,0.0,0.0,0.0,0.0,0.0
p05067,biomass,0.0,0.0,0.0,0.0,0.0
p05067,coal,0.0,0.0,0.0,0.0,0.0
p05067,gas,0.0,0.0,0.0,0.0,0.0
p05067,geothermal,0.0,0.0,0.0,0.0,0.0
p05067,h2,0.0,0.0,0.0,0.0,0.0
p05067,hydro,0.0,0.0,0.0,0.0,0.0
p05067,nuclear,0.0,0.0,0.0,0.0,0.0
p05067,pumped-hydro,0.0,0.0,0.0,0.0,0.0
p05067,pv,3904.0,3904.0,3904.0,3904.0,3904.0
p05067,wind-ofs,0.0,0.0,0.0,0.0,0.0
p05067,wind-ons,500.0,500.0,500.0,500.0,500.0
p05069,battery,200.0,200.0,200.0,200.0,200.0
p05069,biomass,0.0,0.0,0.0,0.0,0.0
p05069,coal,0.0,0.0,0.0,0.0,0.0
p05069,gas,0.0,0.0,0.0,0.0,0.0
p05069,geothermal,0.0,0.0,0.0,0.0,0.0
p05069,h2,0.0,0.0,0.0,0.0,0.0
p05069,hydro,0.0,0.0,0.0,0.0,0.0
p05069,nuclear,0.0,0.0,0.0,0.0,0.0
p05069,pumped-hydro,0.0,0.0,0.0,0.0,0.0
p05069,pv,2002.49,2002.49,2002.49,2002.49,2002.49
p05069,wind-ofs,0.0,0.0,0.0,0.0,0.0
p05069,wind-ons,0.0,0.0,0.0,0.0,0.0
p05075,battery,0.0,0.0,0.0,0.0,0.0
p05075,biomass,0.0,0.0,0.0,0.0,0.0
p05075,coal,0.0,0.0,0.0,0.0,0.0
p05075,gas,0.0,0.0,0.0,0.0,0.0
p05075,geothermal,0.0,0.0,0.0,0.0,0.0
p05075,h2,0.0,0.0,0.0,0.0,0.0
p05075,hydro,0.0,0.0,0.0,0.0,0.0
p05075,nuclear,0.0,0.0,0.0,0.0,0.0
p05075,pumped-hydro,0.0,0.0,0.0,0.0,0.0
p05075,pv,571.0,571.0,571.0,571.0,571.0
p05075,wind-ofs,0.0,0.0,0.0,0.0,0.0
p05075,wind-ons,0.0,0.0,0.0,0.0,0.0
p05077,battery,215.0,215.0,215.0,215.0,215.0
p05077,biomass,0.0,0.0,0.0,0.0,0.0
p05077,coal,0.0,0.0,0.0,0.0,0.0
p05077,gas,0.0,0.0,0.0,0.0,0.0
p05077,geothermal,0.0,0.0,0.0,0.0,0.0
p05077,h2,0.0,0.0,0.0,0.0,0.0
p05077,hydro,0.0,0.0,0.0,0.0,0.0
p05077,nuclear,0.0,0.0,0.0,0.0,0.0
p05077,pumped-hydro,0.0,0.0,0.0,0.0,0.0
p05077,pv,1240.0,1240.0,1240.0,1240.0,1240.0
p05077,wind-ofs,0.0,0.0,0.0,0.0,0.0
p05077,wind-ons,250.0,250.0,250.0,250.0,250.0
p05081,battery,74.99,74.99,74.99,74.99,74.99
p05081,biomass,0.0,0.0,0.0,0.0,0.0
p05081,coal,0.0,0.0,0.0,0.0,0.0
p05081,gas,0.0,0.0,0.0,0.0,0.0
p05081,geothermal,0.0,0.0,0.0,0.0,0.0
p05081,h2,0.0,0.0,0.0,0.0,0.0
p05081,hydro,0.0,0.0,0.0,0.0,0.0
p05081,nuclear,0.0,0.0,0.0,0.0,0.0
p05081,pumped-hydro,0.0,0.0,0.0,0.0,0.0
p05081,pv,279.11,279.11,279.11,279.11,279.11
p05081,wind-ofs,0.0,0.0,0.0,0.0,0.0
p05081,wind-ons,0.0,0.0,0.0,0.0,0.0
p05085,battery,0.0,0.0,0.0,0.0,0.0
p05085,biomass,0.0,0.0,0.0,0.0,0.0
p05085,coal,0.0,0.0,0.0,0.0,0.0
p05085,gas,0.0,0.0,0.0,0.0,0.0
p05085,geothermal,0.0,0.0,0.0,0.0,0.0
p05085,h2,0.0,0.0,0.0,0.0,0.0
p05085,hydro,0.0,0.0,0.0,0.0,0.0
p05085,nuclear,0.0,0.0,0.0,0.0,0.0
p05085,pumped-hydro,0.0,0.0,0.0,0.0,0.0
p05085,pv,1900.0,1900.0,1900.0,1900.0,1900.0
p05085,wind-ofs,0.0,0.0,0.0,0.0,0.0
p05085,wind-ons,348.0,348.0,348.0,348.0,348.0
p05093,battery,400.0,400.0,400.0,400.0,400.0
p05093,biomass,0.0,0.0,0.0,0.0,0.0
p05093,coal,20.0,20.0,20.0,20.0,20.0
p05093,gas,0.0,0.0,0.0,0.0,0.0
p05093,geothermal,0.0,0.0,0.0,0.0,0.0
p05093,h2,0.0,0.0,0.0,0.0,0.0
p05093,hydro,0.0,0.0,0.0,0.0,0.0
p05093,nuclear,0.0,0.0,0.0,0.0,0.0
p05093,pumped-hydro,0.0,0.0,0.0,0.0,0.0
p05093,pv,6470.0,6470.0,6470.0,6470.0,6470.0
p05093,wind-ofs,0.0,0.0,0.0,0.0,0.0
p05093,wind-ons,150.0,150.0,150.0,150.0,150.0
p05095,battery,0.0,0.0,0.0,0.0,0.0
p05095,biomass,0.0,0.0,0.0,0.0,0.0
p05095,coal,0.0,0.0,0.0,0.0,0.0
p05095,gas,0.0,0.0,0.0,0.0,0.0
p05095,geothermal,0.0,0.0,0.0,0.0,0.0
p05095,h2,0.0,0.0,0.0,0.0,0.0
p05095,hydro,0.0,0.0,0.0,0.0,0.0
p05095,nuclear,0.0,0.0,0.0,0.0,0.0
p05095,pumped-hydro,0.0,0.0,0.0,0.0,0.0
p05095,pv,900.0,900.0,900.0,900.0,900.0
p05095,wind-ofs,0.0,0.0,0.0,0.0,0.0
p05095,wind-ons,0.0,0.0,0.0,0.0,0.0
p05099,battery,0.0,0.0,0.0,0.0,0.0
p05099,biomass,0.0,0.0,0.0,0.0,0.0
p05099,coal,0.0,0.0,0.0,0.0,0.0
p05099,gas,0.0,0.0,0.0,0.0,0.0
p05099,geothermal,0.0,0.0,0.0,0.0,0.0
p05099,h2,0.0,0.0,0.0,0.0,0.0
p05099,hydro,0.0,0.0,0.0,0.0,0.0
p05099,nuclear,0.0,0.0,0.0,0.0,0.0
p05099,pumped-hydro,0.0,0.0,0.0,0.0,0.0
p05099,pv,920.0,920.0,920.0,920.0,920.0
p05099,wind-ofs,0.0,0.0,0.0,0.0,0.0
p05099,wind-ons,0.0,0.0,0.0,0.0,0.0
p05103,battery,100.0,100.0,100.0,100.0,100.0
p05103,biomass,0.0,0.0,0.0,0.0,0.0
p05103,coal,0.0,0.0,0.0,0.0,0.0
p05103,gas,0.0,0.0,0.0,0.0,0.0
p05103,geothermal,0.0,0.0,0.0,0.0,0.0
p05103,h2,0.0,0.0,0.0,0.0,0.0
p05103,hydro,0.0,0.0,0.0,0.0,0.0
p05103,nuclear,0.0,0.0,0.0,0.0,0.0
p05103,pumped-hydro,0.0,0.0,0.0,0.0,0.0
p05103,pv,1165.1,1165.1,1165.1,1165.1,1165.1
p05103,wind-ofs,0.0,0.0,0.0,0.0,0.0
p05103,wind-ons,0.0,0.0,0.0,0.0,0.0
p05107,battery,0.0,0.0,0.0,0.0,0.0
p05107,biomass,0.0,0.0,0.0,0.0,0.0
p05107,coal,0.0,0.0,0.0,0.0,0.0
p05107,gas,0.0,0.0,0.0,0.0,0.0
p05107,geothermal,0.0,0.0,0.0,0.0,0.0
p05107,h2,0.0,0.0,0.0,0.0,0.0
p05107,hydro,0.0,0.0,0.0,0.0,0.0
p05107,nuclear,0.0,0.0,0.0,0.0,0.0
p05107,pumped-hydro,0.0,0.0,0.0,0.0,0.0
p05107,pv,1406.09,1406.09,1406.09,1406.09,1406.09
p05107,wind-ofs,0.0,0.0,0.0,0.0,0.0
p05107,wind-ons,258.0,258.0,258.0,258.0,258.0
p05109,battery,0.0,0.0,0.0,0.0,0.0
p05109,biomass,0.0,0.0,0.0,0.0,0.0
p05109,coal,0.0,0.0,0.0,0.0,0.0
p05109,gas,0.0,0.0,0.0,0.0,0.0
p05109,geothermal,0.0,0.0,0.0,0.0,0.0
p05109,h2,0.0,0.0,0.0,0.0,0.0
p05109,hydro,0.0,0.0,0.0,0.0,0.0
p05109,nuclear,0.0,0.0,0.0,0.0,0.0
p05109,pumped-hydro,0.0,0.0,0.0,0.0,0.0
p05109,pv,100.0,100.0,100.0,100.0,100.0
p05109,wind-ofs,0.0,0.0,0.0,0.0,0.0
p05109,wind-ons,0.0,0.0,0.0,0.0,0.0
p05111,battery,0.0,0.0,0.0,0.0,0.0
p05111,biomass,0.0,0.0,0.0,0.0,0.0
p05111,coal,0.0,0.0,0.0,0.0,0.0
p05111,gas,0.0,0.0,0.0,0.0,0.0
p05111,geothermal,0.0,0.0,0.0,0.0,0.0
p05111,h2,0.0,0.0,0.0,0.0,0.0
p05111,hydro,0.0,0.0,0.0,0.0,0.0
p05111,nuclear,0.0,0.0,0.0,0.0,0.0
p05111,pumped-hydro,0.0,0.0,0.0,0.0,0.0
p05111,pv,1340.0,1340.0,1340.0,1340.0,1340.0
p05111,wind-ofs,0.0,0.0,0.0,0.0,0.0
p05111,wind-ons,0.0,0.0,0.0,0.0,0.0
p05115,battery,0.0,0.0,0.0,0.0,0.0
p05115,biomass,0.0,0.0,0.0,0.0,0.0
p05115,coal,0.0,0.0,0.0,0.0,0.0
p05115,gas,0.0,0.0,0.0,0.0,0.0
p05115,geothermal,0.0,0.0,0.0,0.0,0.0
p05115,h2,0.0,0.0,0.0,0.0,0.0
p05115,hydro,0.0,0.0,0.0,0.0,0.0
p05115,nuclear,0.0,0.0,0.0,0.0,0.0
p05115,pumped-hydro,0.0,0.0,0.0,0.0,0.0
p05115,pv,400.0,400.0,400.0,400.0,400.0
p05115,wind-ofs,0.0,0.0,0.0,0.0,0.0
p05115,wind-ons,0.0,0.0,0.0,0.0,0.0
p05117,battery,0.0,0.0,0.0,0.0,0.0
p05117,biomass,0.0,0.0,0.0,0.0,0.0
p05117,coal,0.0,0.0,0.0,0.0,0.0
p05117,gas,0.0,0.0,0.0,0.0,0.0
p05117,geothermal,0.0,0.0,0.0,0.0,0.0
p05117,h2,0.0,0.0,0.0,0.0,0.0
p05117,hydro,0.0,0.0,0.0,0.0,0.0
p05117,nuclear,0.0,0.0,0.0,0.0,0.0
p05117,pumped-hydro,0.0,0.0,0.0,0.0,0.0
p05117,pv,580.0,580.0,580.0,580.0,580.0
p05117,wind-ofs,0.0,0.0,0.0,0.0,0.0
p05117,wind-ons,0.0,0.0,0.0,0.0,0.0
p05119,battery,50.0,50.0,50.0,50.0,50.0
p05119,biomass,0.0,0.0,0.0,0.0,0.0
p05119,coal,0.0,0.0,0.0,0.0,0.0
p05119,gas,0.0,0.0,0.0,0.0,0.0
p05119,geothermal,0.0,0.0,0.0,0.0,0.0
p05119,h2,0.0,0.0,0.0,0.0,0.0
p05119,hydro,0.0,0.0,0.0,0.0,0.0
p05119,nuclear,0.0,0.0,0.0,0.0,0.0
p05119,pumped-hydro,0.0,0.0,0.0,0.0,0.0
p05119,pv,515.5,515.5,515.5,515.5,515.5
p05119,wind-ofs,0.0,0.0,0.0,0.0,0.0
p05119,wind-ons,0.0,0.0,0.0,0.0,0.0
p05123,battery,150.0,150.0,150.0,150.0,150.0
p05123,biomass,0.0,0.0,0.0,0.0,0.0
p05123,coal,0.0,0.0,0.0,0.0,0.0
p05123,gas,0.0,0.0,0.0,0.0,0.0
p05123,geothermal,0.0,0.0,0.0,0.0,0.0
p05123,h2,0.0,0.0,0.0,0.0,0.0
p05123,hydro,0.0,0.0,0.0,0.0,0.0
p05123,nuclear,0.0,0.0,0.0,0.0,0.0
p05123,pumped-hydro,0.0,0.0,0.0,0.0,0.0
p05123,pv,1000.0,1000.0,1000.0,1000.0,1000.0
p05123,wind-ofs,0.0,0.0,0.0,0.0,0.0
p05123,wind-ons,0.0,0.0,0.0,0.0,0.0
p05125,battery,0.0,0.0,0.0,0.0,0.0
p05125,biomass,0.0,0.0,0.0,0.0,0.0
p05125,coal,0.0,0.0,0.0,0.0,0.0
p05125,gas,0.0,0.0,0.0,0.0,0.0
p05125,geothermal,0.0,0.0,0.0,0.0,0.0
p05125,h2,0.0,0.0,0.0,0.0,0.0
p05125,hydro,0.0,0.0,0.0,0.0,0.0
p05125,nuclear,0.0,0.0,0.0,0.0,0.0
p05125,pumped-hydro,0.0,0.0,0.0,0.0,0.0
p05125,pv,890.0,890.0,890.0,890.0,890.0
p05125,wind-ofs,0.0,0.0,0.0,0.0,0.0
p05125,wind-ons,0.0,0.0,0.0,0.0,0.0
p05131,battery,250.0,250.0,250.0,250.0,250.0
p05131,biomass,0.0,0.0,0.0,0.0,0.0
p05131,coal,0.0,0.0,0.0,0.0,0.0
p05131,gas,0.0,0.0,0.0,0.0,0.0
p05131,geothermal,0.0,0.0,0.0,0.0,0.0
p05131,h2,0.0,0.0,0.0,0.0,0.0
p05131,hydro,0.0,0.0,0.0,0.0,0.0
p05131,nuclear,0.0,0.0,0.0,0.0,0.0
p05131,pumped-hydro,0.0,0.0,0.0,0.0,0.0
p05131,pv,150.0,150.0,150.0,150.0,150.0
p05131,wind-ofs,0.0,0.0,0.0,0.0,0.0
p05131,wind-ons,0.0,0.0,0.0,0.0,0.0
p05135,battery,0.0,0.0,0.0,0.0,0.0
p05135,biomass,0.0,0.0,0.0,0.0,0.0
p05135,coal,0.0,0.0,0.0,0.0,0.0
p05135,gas,0.0,0.0,0.0,0.0,0.0
p05135,geothermal,0.0,0.0,0.0,0.0,0.0
p05135,h2,0.0,0.0,0.0,0.0,0.0
p05135,hydro,0.0,0.0,0.0,0.0,0.0
p05135,nuclear,0.0,0.0,0.0,0.0,0.0
p05135,pumped-hydro,0.0,0.0,0.0,0.0,0.0
p05135,pv,100.0,100.0,100.0,100.0,100.0
p05135,wind-ofs,0.0,0.0,0.0,0.0,0.0
p05135,wind-ons,0.0,0.0,0.0,0.0,0.0
p05139,battery,300.0,300.0,300.0,300.0,300.0
p05139,biomass,0.0,0.0,0.0,0.0,0.0
p05139,coal,0.0,0.0,0.0,0.0,0.0
p05139,gas,0.0,0.0,0.0,0.0,0.0
p05139,geothermal,0.0,0.0,0.0,0.0,0.0
p05139,h2,0.0,0.0,0.0,0.0,0.0
p05139,hydro,0.0,0.0,0.0,0.0,0.0
p05139,nuclear,0.0,0.0,0.0,0.0,0.0
p05139,pumped-hydro,0.0,0.0,0.0,0.0,0.0
p05139,pv,1400.0,1400.0,1400.0,1400.0,1400.0
p05139,wind-ofs,0.0,0.0,0.0,0.0,0.0
p05139,wind-ons,0.0,0.0,0.0,0.0,0.0
p05141,battery,150.0,150.0,150.0,150.0,150.0
p05141,biomass,0.0,0.0,0.0,0.0,0.0
p05141,coal,0.0,0.0,0.0,0.0,0.0
p05141,gas,0.0,0.0,0.0,0.0,0.0
p05141,geothermal,0.0,0.0,0.0,0.0,0.0
p05141,h2,0.0,0.0,0.0,0.0,0.0
p05141,hydro,0.0,0.0,0.0,0.0,0.0
p05141,nuclear,0.0,0.0,0.0,0.0,0.0
p05141,pumped-hydro,0.0,0.0,0.0,0.0,0.0
p05141,pv,0.0,0.0,0.0,0.0,0.0
p05141,wind-ofs,0.0,0.0,0.0,0.0,0.0
p05141,wind-ons,0.0,0.0,0.0,0.0,0.0
p05145,battery,0.0,0.0,0.0,0.0,0.0
p05145,biomass,0.0,0.0,0.0,0.0,0.0
p05145,coal,0.0,0.0,0.0,0.0,0.0
p05145,gas,0.0,0.0,0.0,0.0,0.0
p05145,geothermal,0.0,0.0,0.0,0.0,0.0
p05145,h2,0.0,0.0,0.0,0.0,0.0
p05145,hydro,0.0,0.0,0.0,0.0,0.0
p05145,nuclear,0.0,0.0,0.0,0.0,0.0
p05145,pumped-hydro,0.0,0.0,0.0,0.0,0.0
p05145,pv,450.0,450.0,450.0,450.0,450.0
p05145,wind-ofs,0.0,0.0,0.0,0.0,0.0
p05145,wind-ons,0.0,0.0,0.0,0.0,0.0
p05147,battery,0.0,0.0,0.0,0.0,0.0
p05147,biomass,0.0,0.0,0.0,0.0,0.0
p05147,coal,0.0,0.0,0.0,0.0,0.0
p05147,gas,0.0,0.0,0.0,0.0,0.0
p05147,geothermal,0.0,0.0,0.0,0.0,0.0
p05147,h2,0.0,0.0,0.0,0.0,0.0
p05147,hydro,0.0,0.0,0.0,0.0,0.0
p05147,nuclear,0.0,0.0,0.0,0.0,0.0
p05147,pumped-hydro,0.0,0.0,0.0,0.0,0.0
p05147,pv,560.0,560.0,560.0,560.0,560.0
p05147,wind-ofs,0.0,0.0,0.0,0.0,0.0
p05147,wind-ons,0.0,0.0,0.0,0.0,0.0
p06001,battery,4406.403,4406.403,4406.403,4406.403,4406.403
p06001,biomass,0.0,0.0,0.0,0.0,0.0
p06001,coal,0.0,0.0,0.0,0.0,0.0
p06001,gas,662.27,662.27,662.27,662.27,662.27
p06001,geothermal,0.0,0.0,0.0,0.0,0.0
p06001,h2,0.0,0.0,0.0,0.0,0.0
p06001,hydro,0.0,0.0,0.0,0.0,0.0
p06001,nuclear,0.0,0.0,0.0,0.0,0.0
p06001,pumped-hydro,0.0,0.0,0.0,0.0,0.0
p06001,pv,202.8,202.8,202.8,202.8,202.8
p06001,wind-ofs,0.0,0.0,0.0,0.0,0.0
p06001,wind-ons,531.5,531.5,531.5,531.5,531.5
p06007,battery,213.55,213.55,213.55,213.55,213.55
p06007,biomass,0.0,0.0,0.0,0.0,0.0
p06007,coal,0.0,0.0,0.0,0.0,0.0
p06007,gas,0.0,0.0,0.0,0.0,0.0
p06007,geothermal,0.0,0.0,0.0,0.0,0.0
p06007,h2,0.0,0.0,0.0,0.0,0.0
p06007,hydro,0.0,0.0,0.0,0.0,0.0
p06007,nuclear,0.0,0.0,0.0,0.0,0.0
p06007,pumped-hydro,0.0,0.0,0.0,0.0,0.0
p06007,pv,400.0,400.0,400.0,400.0,400.0
p06007,wind-ofs,0.0,0.0,0.0,0.0,0.0
p06007,wind-ons,0.0,0.0,0.0,0.0,0.0
p06009,battery,1037.750403,1037.750403,1037.750403,1037.750403,1037.750403
p06009,biomass,0.0,0.0,0.0,0.0,0.0
p06009,coal,0.0,0.0,0.0,0.0,0.0
p06009,gas,0.0,0.0,0.0,0.0,0.0
p06009,geothermal,0.0,0.0,0.0,0.0,0.0
p06009,h2,0.0,0.0,0.0,0.0,0.0
p06009,hydro,0.0,0.0,0.0,0.0,0.0
p06009,nuclear,0.0,0.0,0.0,0.0,0.0
p06009,pumped-hydro,0.0,0.0,0.0,0.0,0.0
p06009,pv,0.0,0.0,0.0,0.0,0.0
p06009,wind-ofs,0.0,0.0,0.0,0.0,0.0
p06009,wind-ons,0.0,0.0,0.0,0.0,0.0
p06011,battery,1480.0,1480.0,1480.0,1480.0,1480.0
p06011,biomass,0.0,0.0,0.0,0.0,0.0
p06011,coal,0.0,0.0,0.0,0.0,0.0
p06011,gas,0.0,0.0,0.0,0.0,0.0
p06011,geothermal,0.0,0.0,0.0,0.0,0.0
p06011,h2,0.0,0.0,0.0,0.0,0.0
p06011,hydro,0.0,0.0,0.0,0.0,0.0
p06011,nuclear,0.0,0.0,0.0,0.0,0.0
p06011,pumped-hydro,68.896962,68.896962,68.896962,68.896962,68.896962
p06011,pv,1194.08,1194.08,1194.08,1194.08,1194.08
p06011,wind-ofs,0.0,0.0,0.0,0.0,0.0
p06011,wind-ons,0.0,0.0,0.0,0.0,0.0
p06013,battery,2902.018,2902.018,2902.018,2902.018,2902.018
p06013,biomass,0.0,0.0,0.0,0.0,0.0
p06013,coal,0.0,0.0,0.0,0.0,0.0
p06013,gas,0.0,0.0,0.0,0.0,0.0
p06013,geothermal,0.0,0.0,0.0,0.0,0.0
p06013,h2,0.0,0.0,0.0,0.0,0.0
p06013,hydro,0.0,0.0,0.0,0.0,0.0
p06013,nuclear,0.0,0.0,0.0,0.0,0.0
p06013,pumped-hydro,0.0,0.0,0.0,0.0,0.0
p06013,pv,40.0,40.0,40.0,40.0,40.0
p06013,wind-ofs,0.0,0.0,0.0,0.0,0.0
p06013,wind-ons,0.0,0.0,0.0,0.0,0.0
p06019,battery,14231.3008,14231.3008,14231.3008,14231.3008,14231.3008
p06019,biomass,0.0,0.0,0.0,0.0,0.0
p06019,coal,0.0,0.0,0.0,0.0,0.0
p06019,gas,146.5399932861328,146.5399932861328,146.5399932861328,146.5399932861328,146.5399932861328
p06019,geothermal,0.0,0.0,0.0,0.0,0.0
p06019,h2,0.0,0.0,0.0,0.0,0.0
p06019,hydro,0.0,0.0,0.0,0.0,0.0
p06019,nuclear,0.0,0.0,0.0,0.0,0.0
p06019,pumped-hydro,0.0,0.0,0.0,0.0,0.0
p06019,pv,13593.5725,13593.5725,13593.5725,13593.5725,13593.5725
p06019,wind-ofs,0.0,0.0,0.0,0.0,0.0
p06019,wind-ons,0.0,0.0,0.0,0.0,0.0
p06023,battery,0.0,0.0,0.0,0.0,0.0
p06023,biomass,0.0,0.0,0.0,0.0,0.0
p06023,coal,0.0,0.0,0.0,0.0,0.0
p06023,gas,0.0,0.0,0.0,0.0,0.0
p06023,geothermal,0.0,0.0,0.0,0.0,0.0
p06023,h2,0.0,0.0,0.0,0.0,0.0
p06023,hydro,0.0,0.0,0.0,0.0,0.0
p06023,nuclear,0.0,0.0,0.0,0.0,0.0
p06023,pumped-hydro,0.0,0.0,0.0,0.0,0.0
p06023,pv,0.0,0.0,0.0,0.0,0.0
p06023,wind-ofs,161.925,161.925,161.925,161.925,161.925
p06023,wind-ons,0.0,0.0,0.0,0.0,0.0
p06025,battery,3812.91,3812.91,3812.91,3812.91,3812.91
p06025,biomass,0.0,0.0,0.0,0.0,0.0
p06025,coal,0.0,0.0,0.0,0.0,0.0
p06025,gas,0.0,0.0,0.0,0.0,0.0
p06025,geothermal,894.0,894.0,894.0,894.0,894.0
p06025,h2,0.0,0.0,0.0,0.0,0.0
p06025,hydro,0.0,0.0,0.0,0.0,0.0
p06025,nuclear,0.0,0.0,0.0,0.0,0.0
p06025,pumped-hydro,0.0,0.0,0.0,0.0,0.0
p06025,pv,4623.68,4623.68,4623.68,4623.68,4623.68
p06025,wind-ofs,0.0,0.0,0.0,0.0,0.0
p06025,wind-ons,0.0,0.0,0.0,0.0,0.0
p06027,battery,1960.4647879999998,1960.4647879999998,1960.4647879999998,1960.4647879999998,1960.4647879999998
p06027,biomass,0.0,0.0,0.0,0.0,0.0
p06027,coal,0.0,0.0,0.0,0.0,0.0
p06027,gas,0.0,0.0,0.0,0.0,0.0
p06027,geothermal,0.0,0.0,0.0,0.0,0.0
p06027,h2,0.0,0.0,0.0,0.0,0.0
p06027,hydro,0.0,0.0,0.0,0.0,0.0
p06027,nuclear,0.0,0.0,0.0,0.0,0.0
p06027,pumped-hydro,0.0,0.0,0.0,0.0,0.0
p06027,pv,1547.8989459999998,1547.8989459999998,1547.8989459999998,1547.8989459999998,1547.8989459999998
p06027,wind-ofs,0.0,0.0,0.0,0.0,0.0
p06027,wind-ons,0.0,0.0,0.0,0.0,0.0
p06029,battery,20977.704395882,20977.704395882,20977.704395882,20977.704395882,20977.704395882
p06029,biomass,0.0,0.0,0.0,0.0,0.0
p06029,coal,0.0,0.0,0.0,0.0,0.0
p06029,gas,655.7,655.7,655.7,655.7,655.7
p06029,geothermal,0.0,0.0,0.0,0.0,0.0
p06029,h2,0.0,0.0,0.0,0.0,0.0
p06029,hydro,0.0,0.0,0.0,0.0,0.0
p06029,nuclear,0.0,0.0,0.0,0.0,0.0
p06029,pumped-hydro,0.0,0.0,0.0,0.0,0.0
p06029,pv,17768.8071836,17768.8071836,17768.8071836,17768.8071836,17768.8071836
p06029,wind-ofs,0.0,0.0,0.0,0.0,0.0
p06029,wind-ons,440.0,440.0,440.0,440.0,440.0
p06031,battery,4474.311194238,4474.311194238,4474.311194238,4474.311194238,4474.311194238
p06031,biomass,0.0,0.0,0.0,0.0,0.0
p06031,coal,0.0,0.0,0.0,0.0,0.0
p06031,gas,0.0,0.0,0.0,0.0,0.0
p06031,geothermal,0.0,0.0,0.0,0.0,0.0
p06031,h2,0.0,0.0,0.0,0.0,0.0
p06031,hydro,0.0,0.0,0.0,0.0,0.0
p06031,nuclear,0.0,0.0,0.0,0.0,0.0
p06031,pumped-hydro,0.0,0.0,0.0,0.0,0.0
p06031,pv,6770.152248,6770.152248,6770.152248,6770.152248,6770.152248
p06031,wind-ofs,0.0,0.0,0.0,0.0,0.0
p06031,wind-ons,0.0,0.0,0.0,0.0,0.0
p06033,battery,94.893,94.893,94.893,94.893,94.893
p06033,biomass,0.0,0.0,0.0,0.0,0.0
p06033,coal,0.0,0.0,0.0,0.0,0.0
p06033,gas,0.0,0.0,0.0,0.0,0.0
p06033,geothermal,18.87,18.87,18.87,18.87,18.87
p06033,h2,0.0,0.0,0.0,0.0,0.0
p06033,hydro,0.0,0.0,0.0,0.0,0.0
p06033,nuclear,0.0,0.0,0.0,0.0,0.0
p06033,pumped-hydro,0.0,0.0,0.0,0.0,0.0
p06033,pv,0.0,0.0,0.0,0.0,0.0
p06033,wind-ofs,0.0,0.0,0.0,0.0,0.0
p06033,wind-ons,0.0,0.0,0.0,0.0,0.0
p06035,battery,0.0,0.0,0.0,0.0,0.0
p06035,biomass,0.0,0.0,0.0,0.0,0.0
p06035,coal,0.0,0.0,0.0,0.0,0.0
p06035,gas,0.0,0.0,0.0,0.0,0.0
p06035,geothermal,0.0,0.0,0.0,0.0,0.0
p06035,h2,0.0,0.0,0.0,0.0,0.0
p06035,hydro,0.0,0.0,0.0,0.0,0.0
p06035,nuclear,0.0,0.0,0.0,0.0,0.0
p06035,pumped-hydro,0.0,0.0,0.0,0.0,0.0
p06035,pv,500.0,500.0,500.0,500.0,500.0
p06035,wind-ofs,0.0,0.0,0.0,0.0,0.0
p06035,wind-ons,0.0,0.0,0.0,0.0,0.0
p06037,battery,15428.951151,15428.951151,15428.951151,15428.951151,15428.951151
p06037,biomass,0.0,0.0,0.0,0.0,0.0
p06037,coal,0.0,0.0,0.0,0.0,0.0
p06037,gas,550.0,550.0,550.0,550.0,550.0
p06037,geothermal,0.0,0.0,0.0,0.0,0.0
p06037,h2,692.0,692.0,692.0,692.0,692.0
p06037,hydro,0.0,0.0,0.0,0.0,0.0
p06037,nuclear,0.0,0.0,0.0,0.0,0.0
p06037,pumped-hydro,0.0,0.0,0.0,0.0,0.0
p06037,pv,7073.4771,7073.4771,7073.4771,7073.4771,7073.4771
p06037,wind-ofs,0.0,0.0,0.0,0.0,0.0
p06037,wind-ons,2000.0,2000.0,2000.0,2000.0,2000.0
p06039,battery,1504.1677000000002,1504.1677000000002,1504.1677000000002,1504.1677000000002,1504.1677000000002
p06039,biomass,0.0,0.0,0.0,0.0,0.0
p06039,coal,0.0,0.0,0.0,0.0,0.0
p06039,gas,0.0,0.0,0.0,0.0,0.0
p06039,geothermal,0.0,0.0,0.0,0.0,0.0
p06039,h2,0.0,0.0,0.0,0.0,0.0
p06039,hydro,0.0,0.0,0.0,0.0,0.0
p06039,nuclear,0.0,0.0,0.0,0.0,0.0
p06039,pumped-hydro,0.0,0.0,0.0,0.0,0.0
p06039,pv,203.2,203.2,203.2,203.2,203.2
p06039,wind-ofs,0.0,0.0,0.0,0.0,0.0
p06039,wind-ons,0.0,0.0,0.0,0.0,0.0
p06041,battery,313.79321,313.79321,313.79321,313.79321,313.79321
p06041,biomass,0.0,0.0,0.0,0.0,0.0
p06041,coal,0.0,0.0,0.0,0.0,0.0
p06041,gas,0.0,0.0,0.0,0.0,0.0
p06041,geothermal,0.0,0.0,0.0,0.0,0.0
p06041,h2,0.0,0.0,0.0,0.0,0.0
p06041,hydro,0.0,0.0,0.0,0.0,0.0
p06041,nuclear,0.0,0.0,0.0,0.0,0.0
p06041,pumped-hydro,0.0,0.0,0.0,0.0,0.0
p06041,pv,0.0,0.0,0.0,0.0,0.0
p06041,wind-ofs,0.0,0.0,0.0,0.0,0.0
p06041,wind-ons,0.0,0.0,0.0,0.0,0.0
p06047,battery,8561.936634,8561.936634,8561.936634,8561.936634,8561.936634
p06047,biomass,0.0,0.0,0.0,0.0,0.0
p06047,coal,0.0,0.0,0.0,0.0,0.0
p06047,gas,282.0,282.0,282.0,282.0,282.0
p06047,geothermal,0.0,0.0,0.0,0.0,0.0
p06047,h2,0.0,0.0,0.0,0.0,0.0
p06047,hydro,0.0,0.0,0.0,0.0,0.0
p06047,nuclear,0.0,0.0,0.0,0.0,0.0
p06047,pumped-hydro,0.0,0.0,0.0,0.0,0.0
p06047,pv,3546.5406999999996,3546.5406999999996,3546.5406999999996,3546.5406999999996,3546.5406999999996
p06047,wind-ofs,0.0,0.0,0.0,0.0,0.0
p06047,wind-ons,280.9,280.9,280.9,280.9,280.9
p06049,battery,0.0,0.0,0.0,0.0,0.0
p06049,biomass,0.0,0.0,0.0,0.0,0.0
p06049,coal,0.0,0.0,0.0,0.0,0.0
p06049,gas,0.0,0.0,0.0,0.0,0.0
p06049,geothermal,0.0,0.0,0.0,0.0,0.0
p06049,h2,0.0,0.0,0.0,0.0,0.0
p06049,hydro,0.0,0.0,0.0,0.0,0.0
p06049,nuclear,0.0,0.0,0.0,0.0,0.0
p06049,pumped-hydro,0.0,0.0,0.0,0.0,0.0
p06049,pv,24.9,24.9,24.9,24.9,24.9
p06049,wind-ofs,0.0,0.0,0.0,0.0,0.0
p06049,wind-ons,0.0,0.0,0.0,0.0,0.0
p06053,battery,2736.9434,2736.9434,2736.9434,2736.9434,2736.9434
p06053,biomass,0.0,0.0,0.0,0.0,0.0
p06053,coal,0.0,0.0,0.0,0.0,0.0
p06053,gas,0.0,0.0,0.0,0.0,0.0
p06053,geothermal,0.0,0.0,0.0,0.0,0.0
p06053,h2,0.0,0.0,0.0,0.0,0.0
p06053,hydro,0.0,0.0,0.0,0.0,0.0
p06053,nuclear,0.0,0.0,0.0,0.0,0.0
p06053,pumped-hydro,0.0,0.0,0.0,0.0,0.0
p06053,pv,0.0,0.0,0.0,0.0,0.0
p06053,wind-ofs,0.0,0.0,0.0,0.0,0.0
p06053,wind-ons,1525.172,1525.172,1525.172,1525.172,1525.172
p06055,battery,252.0,252.0,252.0,252.0,252.0
p06055,biomass,0.0,0.0,0.0,0.0,0.0
p06055,coal,0.0,0.0,0.0,0.0,0.0
p06055,gas,0.0,0.0,0.0,0.0,0.0
p06055,geothermal,0.0,0.0,0.0,0.0,0.0
p06055,h2,0.0,0.0,0.0,0.0,0.0
p06055,hydro,0.0,0.0,0.0,0.0,0.0
p06055,nuclear,0.0,0.0,0.0,0.0,0.0
p06055,pumped-hydro,0.0,0.0,0.0,0.0,0.0
p06055,pv,49.0,49.0,49.0,49.0,49.0
p06055,wind-ofs,0.0,0.0,0.0,0.0,0.0
p06055,wind-ons,0.0,0.0,0.0,0.0,0.0
p06059,battery,2365.05,2365.05,2365.05,2365.05,2365.05
p06059,biomass,0.0,0.0,0.0,0.0,0.0
p06059,coal,0.0,0.0,0.0,0.0,0.0
p06059,gas,0.0,0.0,0.0,0.0,0.0
p06059,geothermal,0.0,0.0,0.0,0.0,0.0
p06059,h2,0.0,0.0,0.0,0.0,0.0
p06059,hydro,0.0,0.0,0.0,0.0,0.0
p06059,nuclear,0.0,0.0,0.0,0.0,0.0
p06059,pumped-hydro,0.0,0.0,0.0,0.0,0.0
p06059,pv,0.0,0.0,0.0,0.0,0.0
p06059,wind-ofs,0.0,0.0,0.0,0.0,0.0
p06059,wind-ons,0.0,0.0,0.0,0.0,0.0
p06065,battery,11054.882099999999,11054.882099999999,11054.882099999999,11054.882099999999,11054.882099999999
p06065,biomass,0.0,0.0,0.0,0.0,0.0
p06065,coal,0.0,0.0,0.0,0.0,0.0
p06065,gas,0.0,0.0,0.0,0.0,0.0
p06065,geothermal,0.0,0.0,0.0,0.0,0.0
p06065,h2,0.0,0.0,0.0,0.0,0.0
p06065,hydro,1300.0,1300.0,1300.0,1300.0,1300.0
p06065,nuclear,0.0,0.0,0.0,0.0,0.0
p06065,pumped-hydro,1917.0,1917.0,1917.0,1917.0,1917.0
p06065,pv,6728.818499999999,6728.818499999999,6728.818499999999,6728.818499999999,6728.818499999999
p06065,wind-ofs,0.0,0.0,0.0,0.0,0.0
p06065,wind-ons,671.48,671.48,671.48,671.48,671.48
p06067,battery,1222.75,1222.75,1222.75,1222.75,1222.75
p06067,biomass,0.0,0.0,0.0,0.0,0.0
p06067,coal,0.0,0.0,0.0,0.0,0.0
p06067,gas,0.0,0.0,0.0,0.0,0.0
p06067,geothermal,0.0,0.0,0.0,0.0,0.0
p06067,h2,0.0,0.0,0.0,0.0,0.0
p06067,hydro,0.0,0.0,0.0,0.0,0.0
p06067,nuclear,0.0,0.0,0.0,0.0,0.0
p06067,pumped-hydro,0.0,0.0,0.0,0.0,0.0
p06067,pv,2495.0,2495.0,2495.0,2495.0,2495.0
p06067,wind-ofs,0.0,0.0,0.0,0.0,0.0
p06067,wind-ons,0.0,0.0,0.0,0.0,0.0
p06069,battery,318.286,318.286,318.286,318.286,318.286
p06069,biomass,0.0,0.0,0.0,0.0,0.0
p06069,coal,0.0,0.0,0.0,0.0,0.0
p06069,gas,0.0,0.0,0.0,0.0,0.0
p06069,geothermal,0.0,0.0,0.0,0.0,0.0
p06069,h2,0.0,0.0,0.0,0.0,0.0
p06069,hydro,0.0,0.0,0.0,0.0,0.0
p06069,nuclear,0.0,0.0,0.0,0.0,0.0
p06069,pumped-hydro,0.0,0.0,0.0,0.0,0.0
p06069,pv,318.491,318.491,318.491,318.491,318.491
p06069,wind-ofs,0.0,0.0,0.0,0.0,0.0
p06069,wind-ons,0.0,0.0,0.0,0.0,0.0
p06071,battery,16408.038712,16408.038712,16408.038712,16408.038712,16408.038712
p06071,biomass,0.0,0.0,0.0,0.0,0.0
p06071,coal,0.0,0.0,0.0,0.0,0.0
p06071,gas,1099.0,1099.0,1099.0,1099.0,1099.0
p06071,geothermal,0.0,0.0,0.0,0.0,0.0
p06071,h2,0.0,0.0,0.0,0.0,0.0
p06071,hydro,0.0,0.0,0.0,0.0,0.0
p06071,nuclear,0.0,0.0,0.0,0.0,0.0
p06071,pumped-hydro,0.0,0.0,0.0,0.0,0.0
p06071,pv,6021.3599,6021.3599,6021.3599,6021.3599,6021.3599
p06071,wind-ofs,0.0,0.0,0.0,0.0,0.0
p06071,wind-ons,424.36,424.36,424.36,424.36,424.36
p06073,battery,6191.829299999999,6191.829299999999,6191.829299999999,6191.829299999999,6191.829299999999
p06073,biomass,0.0,0.0,0.0,0.0,0.0
p06073,coal,0.0,0.0,0.0,0.0,0.0
p06073,gas,0.0,0.0,0.0,0.0,0.0
p06073,geothermal,0.0,0.0,0.0,0.0,0.0
p06073,h2,0.0,0.0,0.0,0.0,0.0
p06073,hydro,0.0,0.0,0.0,0.0,0.0
p06073,nuclear,0.0,0.0,0.0,0.0,0.0
p06073,pumped-hydro,0.0,0.0,0.0,0.0,0.0
p06073,pv,363.76,363.76,363.76,363.76,363.76
p06073,wind-ofs,0.0,0.0,0.0,0.0,0.0
p06073,wind-ons,1187.6,1187.6,1187.6,1187.6,1187.6
p06075,battery,500.0,500.0,500.0,500.0,500.0
p06075,biomass,0.0,0.0,0.0,0.0,0.0
p06075,coal,0.0,0.0,0.0,0.0,0.0
p06075,gas,0.0,0.0,0.0,0.0,0.0
p06075,geothermal,0.0,0.0,0.0,0.0,0.0
p06075,h2,0.0,0.0,0.0,0.0,0.0
p06075,hydro,0.0,0.0,0.0,0.0,0.0
p06075,nuclear,0.0,0.0,0.0,0.0,0.0
p06075,pumped-hydro,0.0,0.0,0.0,0.0,0.0
p06075,pv,0.0,0.0,0.0,0.0,0.0
p06075,wind-ofs,0.0,0.0,0.0,0.0,0.0
p06075,wind-ons,0.0,0.0,0.0,0.0,0.0
p06077,battery,6714.780062600001,6714.780062600001,6714.780062600001,6714.780062600001,6714.780062600001
p06077,biomass,0.0,0.0,0.0,0.0,0.0
p06077,coal,0.0,0.0,0.0,0.0,0.0
p06077,gas,0.0,0.0,0.0,0.0,0.0
p06077,geothermal,0.0,0.0,0.0,0.0,0.0
p06077,h2,0.0,0.0,0.0,0.0,0.0
p06077,hydro,0.0,0.0,0.0,0.0,0.0
p06077,nuclear,0.0,0.0,0.0,0.0,0.0
p06077,pumped-hydro,0.0,0.0,0.0,0.0,0.0
p06077,pv,1533.2640000000001,1533.2640000000001,1533.2640000000001,1533.2640000000001,1533.2640000000001
p06077,wind-ofs,0.0,0.0,0.0,0.0,0.0
p06077,wind-ons,817.6,817.6,817.6,817.6,817.6
p06079,battery,2633.602,2633.602,2633.602,2633.602,2633.602
p06079,biomass,0.0,0.0,0.0,0.0,0.0
p06079,coal,0.0,0.0,0.0,0.0,0.0
p06079,gas,0.0,0.0,0.0,0.0,0.0
p06079,geothermal,0.0,0.0,0.0,0.0,0.0
p06079,h2,0.0,0.0,0.0,0.0,0.0
p06079,hydro,0.0,0.0,0.0,0.0,0.0
p06079,nuclear,0.0,0.0,0.0,0.0,0.0
p06079,pumped-hydro,0.0,0.0,0.0,0.0,0.0
p06079,pv,972.48,972.48,972.48,972.48,972.48
p06079,wind-ofs,2057.88,2057.88,2057.88,2057.88,2057.88
p06079,wind-ons,2708.4719999999998,2708.4719999999998,2708.4719999999998,2708.4719999999998,2708.4719999999998
p06081,battery,350.9,350.9,350.9,350.9,350.9
p06081,biomass,0.0,0.0,0.0,0.0,0.0
p06081,coal,0.0,0.0,0.0,0.0,0.0
p06081,gas,0.0,0.0,0.0,0.0,0.0
p06081,geothermal,0.0,0.0,0.0,0.0,0.0
p06081,h2,0.0,0.0,0.0,0.0,0.0
p06081,hydro,0.0,0.0,0.0,0.0,0.0
p06081,nuclear,0.0,0.0,0.0,0.0,0.0
p06081,pumped-hydro,0.0,0.0,0.0,0.0,0.0
p06081,pv,0.0,0.0,0.0,0.0,0.0
p06081,wind-ofs,0.0,0.0,0.0,0.0,0.0
p06081,wind-ons,0.0,0.0,0.0,0.0,0.0
p06085,battery,1848.329619911,1848.329619911,1848.329619911,1848.329619911,1848.329619911
p06085,biomass,0.0,0.0,0.0,0.0,0.0
p06085,coal,0.0,0.0,0.0,0.0,0.0
p06085,gas,240.0,240.0,240.0,240.0,240.0
p06085,geothermal,0.0,0.0,0.0,0.0,0.0
p06085,h2,0.0,0.0,0.0,0.0,0.0
p06085,hydro,0.0,0.0,0.0,0.0,0.0
p06085,nuclear,0.0,0.0,0.0,0.0,0.0
p06085,pumped-hydro,0.0,0.0,0.0,0.0,0.0
p06085,pv,50.0,50.0,50.0,50.0,50.0
p06085,wind-ofs,0.0,0.0,0.0,0.0,0.0
p06085,wind-ons,0.0,0.0,0.0,0.0,0.0
p06087,battery,407.398,407.398,407.398,407.398,407.398
p06087,biomass,0.0,0.0,0.0,0.0,0.0
p06087,coal,0.0,0.0,0.0,0.0,0.0
p06087,gas,0.0,0.0,0.0,0.0,0.0
p06087,geothermal,0.0,0.0,0.0,0.0,0.0
p06087,h2,0.0,0.0,0.0,0.0,0.0
p06087,hydro,0.0,0.0,0.0,0.0,0.0
p06087,nuclear,0.0,0.0,0.0,0.0,0.0
p06087,pumped-hydro,0.0,0.0,0.0,0.0,0.0
p06087,pv,0.0,0.0,0.0,0.0,0.0
p06087,wind-ofs,0.0,0.0,0.0,0.0,0.0
p06087,wind-ons,0.0,0.0,0.0,0.0,0.0
p06089,battery,0.0,0.0,0.0,0.0,0.0
p06089,biomass,0.0,0.0,0.0,0.0,0.0
p06089,coal,0.0,0.0,0.0,0.0,0.0
p06089,gas,0.0,0.0,0.0,0.0,0.0
p06089,geothermal,0.0,0.0,0.0,0.0,0.0
p06089,h2,0.0,0.0,0.0,0.0,0.0
p06089,hydro,0.0,0.0,0.0,0.0,0.0
p06089,nuclear,0.0,0.0,0.0,0.0,0.0
p06089,pumped-hydro,0.0,0.0,0.0,0.0,0.0
p06089,pv,125.0,125.0,125.0,125.0,125.0
p06089,wind-ofs,0.0,0.0,0.0,0.0,0.0
p06089,wind-ons,412.0,412.0,412.0,412.0,412.0
p06093,battery,150.0,150.0,150.0,150.0,150.0
p06093,biomass,0.0,0.0,0.0,0.0,0.0
p06093,coal,0.0,0.0,0.0,0.0,0.0
p06093,gas,0.0,0.0,0.0,0.0,0.0
p06093,geothermal,0.0,0.0,0.0,0.0,0.0
p06093,h2,0.0,0.0,0.0,0.0,0.0
p06093,hydro,0.0,0.0,0.0,0.0,0.0
p06093,nuclear,0.0,0.0,0.0,0.0,0.0
p06093,pumped-hydro,0.0,0.0,0.0,0.0,0.0
p06093,pv,0.0,0.0,0.0,0.0,0.0
p06093,wind-ofs,0.0,0.0,0.0,0.0,0.0
p06093,wind-ons,0.0,0.0,0.0,0.0,0.0
p06095,battery,2836.1187,2836.1187,2836.1187,2836.1187,2836.1187
p06095,biomass,0.0,0.0,0.0,0.0,0.0
p06095,coal,0.0,0.0,0.0,0.0,0.0
p06095,gas,0.0,0.0,0.0,0.0,0.0
p06095,geothermal,0.0,0.0,0.0,0.0,0.0
p06095,h2,0.0,0.0,0.0,0.0,0.0
p06095,hydro,0.0,0.0,0.0,0.0,0.0
p06095,nuclear,0.0,0.0,0.0,0.0,0.0
p06095,pumped-hydro,0.0,0.0,0.0,0.0,0.0
p06095,pv,410.04,410.04,410.04,410.04,410.04
p06095,wind-ofs,0.0,0.0,0.0,0.0,0.0
p06095,wind-ons,831.108,831.108,831.108,831.108,831.108
p06097,battery,435.34321,435.34321,435.34321,435.34321,435.34321
p06097,biomass,0.0,0.0,0.0,0.0,0.0
p06097,coal,0.0,0.0,0.0,0.0,0.0
p06097,gas,0.0,0.0,0.0,0.0,0.0
p06097,geothermal,53.0,53.0,53.0,53.0,53.0
p06097,h2,0.0,0.0,0.0,0.0,0.0
p06097,hydro,0.0,0.0,0.0,0.0,0.0
p06097,nuclear,0.0,0.0,0.0,0.0,0.0
p06097,pumped-hydro,0.0,0.0,0.0,0.0,0.0
p06097,pv,0.0,0.0,0.0,0.0,0.0
p06097,wind-ofs,0.0,0.0,0.0,0.0,0.0
p06097,wind-ons,0.0,0.0,0.0,0.0,0.0
p06099,battery,2473.929002,2473.929002,2473.929002,2473.929002,2473.929002
p06099,biomass,0.0,0.0,0.0,0.0,0.0
p06099,coal,0.0,0.0,0.0,0.0,0.0
p06099,gas,0.0,0.0,0.0,0.0,0.0
p06099,geothermal,0.0,0.0,0.0,0.0,0.0
p06099,h2,0.0,0.0,0.0,0.0,0.0
p06099,hydro,0.0,0.0,0.0,0.0,0.0
p06099,nuclear,0.0,0.0,0.0,0.0,0.0
p06099,pumped-hydro,0.0,0.0,0.0,0.0,0.0
p06099,pv,572.737247,572.737247,572.737247,572.737247,572.737247
p06099,wind-ofs,0.0,0.0,0.0,0.0,0.0
p06099,wind-ons,0.0,0.0,0.0,0.0,0.0
p06101,battery,123.6,123.6,123.6,123.6,123.6
p06101,biomass,0.0,0.0,0.0,0.0,0.0
p06101,coal,0.0,0.0,0.0,0.0,0.0
p06101,gas,22.6,22.6,22.6,22.6,22.6
p06101,geothermal,0.0,0.0,0.0,0.0,0.0
p06101,h2,0.0,0.0,0.0,0.0,0.0
p06101,hydro,0.0,0.0,0.0,0.0,0.0
p06101,nuclear,0.0,0.0,0.0,0.0,0.0
p06101,pumped-hydro,0.0,0.0,0.0,0.0,0.0
p06101,pv,0.0,0.0,0.0,0.0,0.0
p06101,wind-ofs,0.0,0.0,0.0,0.0,0.0
p06101,wind-ons,0.0,0.0,0.0,0.0,0.0
p06103,battery,354.8,354.8,354.8,354.8,354.8
p06103,biomass,0.0,0.0,0.0,0.0,0.0
p06103,coal,0.0,0.0,0.0,0.0,0.0
p06103,gas,0.0,0.0,0.0,0.0,0.0
p06103,geothermal,0.0,0.0,0.0,0.0,0.0
p06103,h2,0.0,0.0,0.0,0.0,0.0
p06103,hydro,10.0,10.0,10.0,10.0,10.0
p06103,nuclear,0.0,0.0,0.0,0.0,0.0
p06103,pumped-hydro,0.0,0.0,0.0,0.0,0.0
p06103,pv,751.3,751.3,751.3,751.3,751.3
p06103,wind-ofs,0.0,0.0,0.0,0.0,0.0
p06103,wind-ons,0.0,0.0,0.0,0.0,0.0
p06107,battery,2706.6213,2706.6213,2706.6213,2706.6213,2706.6213
p06107,biomass,0.0,0.0,0.0,0.0,0.0
p06107,coal,0.0,0.0,0.0,0.0,0.0
p06107,gas,0.0,0.0,0.0,0.0,0.0
p06107,geothermal,0.0,0.0,0.0,0.0,0.0
p06107,h2,0.0,0.0,0.0,0.0,0.0
p06107,hydro,0.0,0.0,0.0,0.0,0.0
p06107,nuclear,0.0,0.0,0.0,0.0,0.0
p06107,pumped-hydro,0.0,0.0,0.0,0.0,0.0
p06107,pv,2280.3255980000004,2280.3255980000004,2280.3255980000004,2280.3255980000004,2280.3255980000004
p06107,wind-ofs,0.0,0.0,0.0,0.0,0.0
p06107,wind-ons,0.0,0.0,0.0,0.0,0.0
p06109,battery,20.0,20.0,20.0,20.0,20.0
p06109,biomass,0.0,0.0,0.0,0.0,0.0
p06109,coal,0.0,0.0,0.0,0.0,0.0
p06109,gas,0.0,0.0,0.0,0.0,0.0
p06109,geothermal,0.0,0.0,0.0,0.0,0.0
p06109,h2,0.0,0.0,0.0,0.0,0.0
p06109,hydro,0.0,0.0,0.0,0.0,0.0
p06109,nuclear,0.0,0.0,0.0,0.0,0.0
p06109,pumped-hydro,0.0,0.0,0.0,0.0,0.0
p06109,pv,0.0,0.0,0.0,0.0,0.0
p06109,wind-ofs,0.0,0.0,0.0,0.0,0.0
p06109,wind-ons,0.0,0.0,0.0,0.0,0.0
p06111,battery,2398.525,2398.525,2398.525,2398.525,2398.525
p06111,biomass,0.0,0.0,0.0,0.0,0.0
p06111,coal,0.0,0.0,0.0,0.0,0.0
p06111,gas,0.0,0.0,0.0,0.0,0.0
p06111,geothermal,0.0,0.0,0.0,0.0,0.0
p06111,h2,0.0,0.0,0.0,0.0,0.0
p06111,hydro,0.0,0.0,0.0,0.0,0.0
p06111,nuclear,0.0,0.0,0.0,0.0,0.0
p06111,pumped-hydro,0.0,0.0,0.0,0.0,0.0
p06111,pv,0.0,0.0,0.0,0.0,0.0
p06111,wind-ofs,0.0,0.0,0.0,0.0,0.0
p06111,wind-ons,0.0,0.0,0.0,0.0,0.0
p06113,battery,96.9117,96.9117,96.9117,96.9117,96.9117
p06113,biomass,0.0,0.0,0.0,0.0,0.0
p06113,coal,0.0,0.0,0.0,0.0,0.0
p06113,gas,0.0,0.0,0.0,0.0,0.0
p06113,geothermal,0.0,0.0,0.0,0.0,0.0
p06113,h2,0.0,0.0,0.0,0.0,0.0
p06113,hydro,0.0,0.0,0.0,0.0,0.0
p06113,nuclear,0.0,0.0,0.0,0.0,0.0
p06113,pumped-hydro,0.0,0.0,0.0,0.0,0.0
p06113,pv,510.2957,510.2957,510.2957,510.2957,510.2957
p06113,wind-ofs,0.0,0.0,0.0,0.0,0.0
p06113,wind-ons,0.0,0.0,0.0,0.0,0.0
p06115,battery,514.2,514.2,514.2,514.2,514.2
p06115,biomass,0.0,0.0,0.0,0.0,0.0
p06115,coal,0.0,0.0,0.0,0.0,0.0
p06115,gas,0.0,0.0,0.0,0.0,0.0
p06115,geothermal,0.0,0.0,0.0,0.0,0.0
p06115,h2,0.0,0.0,0.0,0.0,0.0
p06115,hydro,0.0,0.0,0.0,0.0,0.0
p06115,nuclear,0.0,0.0,0.0,0.0,0.0
p06115,pumped-hydro,0.0,0.0,0.0,0.0,0.0
p06115,pv,105.0,105.0,105.0,105.0,105.0
p06115,wind-ofs,0.0,0.0,0.0,0.0,0.0
p06115,wind-ons,0.0,0.0,0.0,0.0,0.0
p08001,battery,199.0,199.0,199.0,199.0,199.0
p08001,biomass,0.0,0.0,0.0,0.0,0.0
p08001,coal,0.0,0.0,0.0,0.0,0.0
p08001,gas,0.0,0.0,0.0,0.0,0.0
p08001,geothermal,0.0,0.0,0.0,0.0,0.0
p08001,h2,0.0,0.0,0.0,0.0,0.0
p08001,hydro,0.0,0.0,0.0,0.0,0.0
p08001,nuclear,0.0,0.0,0.0,0.0,0.0
p08001,pumped-hydro,0.0,0.0,0.0,0.0,0.0
p08001,pv,469.0,469.0,469.0,469.0,469.0
p08001,wind-ofs,0.0,0.0,0.0,0.0,0.0
p08001,wind-ons,846.0,846.0,846.0,846.0,846.0
p08003,battery,0.0,0.0,0.0,0.0,0.0
p08003,biomass,0.0,0.0,0.0,0.0,0.0
p08003,coal,0.0,0.0,0.0,0.0,0.0
p08003,gas,0.0,0.0,0.0,0.0,0.0
p08003,geothermal,0.0,0.0,0.0,0.0,0.0
p08003,h2,0.0,0.0,0.0,0.0,0.0
p08003,hydro,0.0,0.0,0.0,0.0,0.0
p08003,nuclear,0.0,0.0,0.0,0.0,0.0
p08003,pumped-hydro,0.0,0.0,0.0,0.0,0.0
p08003,pv,210.0,210.0,210.0,210.0,210.0
p08003,wind-ofs,0.0,0.0,0.0,0.0,0.0
p08003,wind-ons,0.0,0.0,0.0,0.0,0.0
p08005,battery,200.0,200.0,200.0,200.0,200.0
p08005,biomass,0.0,0.0,0.0,0.0,0.0
p08005,coal,0.0,0.0,0.0,0.0,0.0
p08005,gas,0.0,0.0,0.0,0.0,0.0
p08005,geothermal,0.0,0.0,0.0,0.0,0.0
p08005,h2,0.0,0.0,0.0,0.0,0.0
p08005,hydro,0.0,0.0,0.0,0.0,0.0
p08005,nuclear,0.0,0.0,0.0,0.0,0.0
p08005,pumped-hydro,0.0,0.0,0.0,0.0,0.0
p08005,pv,100.0,100.0,100.0,100.0,100.0
p08005,wind-ofs,0.0,0.0,0.0,0.0,0.0
p08005,wind-ons,0.0,0.0,0.0,0.0,0.0
p08009,battery,0.0,0.0,0.0,0.0,0.0
p08009,biomass,0.0,0.0,0.0,0.0,0.0
p08009,coal,0.0,0.0,0.0,0.0,0.0
p08009,gas,0.0,0.0,0.0,0.0,0.0
p08009,geothermal,0.0,0.0,0.0,0.0,0.0
p08009,h2,0.0,0.0,0.0,0.0,0.0
p08009,hydro,0.0,0.0,0.0,0.0,0.0
p08009,nuclear,0.0,0.0,0.0,0.0,0.0
p08009,pumped-hydro,0.0,0.0,0.0,0.0,0.0
p08009,pv,0.0,0.0,0.0,0.0,0.0
p08009,wind-ofs,0.0,0.0,0.0,0.0,0.0
p08009,wind-ons,476.0,476.0,476.0,476.0,476.0
p08011,battery,0.0,0.0,0.0,0.0,0.0
p08011,biomass,0.0,0.0,0.0,0.0,0.0
p08011,coal,0.0,0.0,0.0,0.0,0.0
p08011,gas,0.0,0.0,0.0,0.0,0.0
p08011,geothermal,0.0,0.0,0.0,0.0,0.0
p08011,h2,0.0,0.0,0.0,0.0,0.0
p08011,hydro,0.0,0.0,0.0,0.0,0.0
p08011,nuclear,0.0,0.0,0.0,0.0,0.0
p08011,pumped-hydro,0.0,0.0,0.0,0.0,0.0
p08011,pv,199.0,199.0,199.0,199.0,199.0
p08011,wind-ofs,0.0,0.0,0.0,0.0,0.0
p08011,wind-ons,0.0,0.0,0.0,0.0,0.0
p08013,battery,50.0,50.0,50.0,50.0,50.0
p08013,biomass,0.0,0.0,0.0,0.0,0.0
p08013,coal,0.0,0.0,0.0,0.0,0.0
p08013,gas,0.0,0.0,0.0,0.0,0.0
p08013,geothermal,0.0,0.0,0.0,0.0,0.0
p08013,h2,0.0,0.0,0.0,0.0,0.0
p08013,hydro,0.0,0.0,0.0,0.0,0.0
p08013,nuclear,0.0,0.0,0.0,0.0,0.0
p08013,pumped-hydro,0.0,0.0,0.0,0.0,0.0
p08013,pv,125.0,125.0,125.0,125.0,125.0
p08013,wind-ofs,0.0,0.0,0.0,0.0,0.0
p08013,wind-ons,0.0,0.0,0.0,0.0,0.0
p08017,battery,0.0,0.0,0.0,0.0,0.0
p08017,biomass,0.0,0.0,0.0,0.0,0.0
p08017,coal,0.0,0.0,0.0,0.0,0.0
p08017,gas,0.0,0.0,0.0,0.0,0.0
p08017,geothermal,0.0,0.0,0.0,0.0,0.0
p08017,h2,0.0,0.0,0.0,0.0,0.0
p08017,hydro,0.0,0.0,0.0,0.0,0.0
p08017,nuclear,0.0,0.0,0.0,0.0,0.0
p08017,pumped-hydro,0.0,0.0,0.0,0.0,0.0
p08017,pv,199.0,199.0,199.0,199.0,199.0
p08017,wind-ofs,0.0,0.0,0.0,0.0,0.0
p08017,wind-ons,0.0,0.0,0.0,0.0,0.0
p08029,battery,0.0,0.0,0.0,0.0,0.0
p08029,biomass,0.0,0.0,0.0,0.0,0.0
p08029,coal,0.0,0.0,0.0,0.0,0.0
p08029,gas,0.0,0.0,0.0,0.0,0.0
p08029,geothermal,0.0,0.0,0.0,0.0,0.0
p08029,h2,0.0,0.0,0.0,0.0,0.0
p08029,hydro,0.0,0.0,0.0,0.0,0.0
p08029,nuclear,0.0,0.0,0.0,0.0,0.0
p08029,pumped-hydro,0.0,0.0,0.0,0.0,0.0
p08029,pv,160.0,160.0,160.0,160.0,160.0
p08029,wind-ofs,0.0,0.0,0.0,0.0,0.0
p08029,wind-ons,0.0,0.0,0.0,0.0,0.0
p08033,battery,0.0,0.0,0.0,0.0,0.0
p08033,biomass,0.0,0.0,0.0,0.0,0.0
p08033,coal,0.0,0.0,0.0,0.0,0.0
p08033,gas,0.0,0.0,0.0,0.0,0.0
p08033,geothermal,0.0,0.0,0.0,0.0,0.0
p08033,h2,0.0,0.0,0.0,0.0,0.0
p08033,hydro,0.0,0.0,0.0,0.0,0.0
p08033,nuclear,0.0,0.0,0.0,0.0,0.0
p08033,pumped-hydro,0.0,0.0,0.0,0.0,0.0
p08033,pv,220.0,220.0,220.0,220.0,220.0
p08033,wind-ofs,0.0,0.0,0.0,0.0,0.0
p08033,wind-ons,0.0,0.0,0.0,0.0,0.0
p08039,battery,0.0,0.0,0.0,0.0,0.0
p08039,biomass,0.0,0.0,0.0,0.0,0.0
p08039,coal,0.0,0.0,0.0,0.0,0.0
p08039,gas,0.0,0.0,0.0,0.0,0.0
p08039,geothermal,0.0,0.0,0.0,0.0,0.0
p08039,h2,0.0,0.0,0.0,0.0,0.0
p08039,hydro,0.0,0.0,0.0,0.0,0.0
p08039,nuclear,0.0,0.0,0.0,0.0,0.0
p08039,pumped-hydro,0.0,0.0,0.0,0.0,0.0
p08039,pv,597.0,597.0,597.0,597.0,597.0
p08039,wind-ofs,0.0,0.0,0.0,0.0,0.0
p08039,wind-ons,0.0,0.0,0.0,0.0,0.0
p08041,battery,205.0,205.0,205.0,205.0,205.0
p08041,biomass,0.0,0.0,0.0,0.0,0.0
p08041,coal,0.0,0.0,0.0,0.0,0.0
p08041,gas,0.0,0.0,0.0,0.0,0.0
p08041,geothermal,0.0,0.0,0.0,0.0,0.0
p08041,h2,0.0,0.0,0.0,0.0,0.0
p08041,hydro,0.0,0.0,0.0,0.0,0.0
p08041,nuclear,0.0,0.0,0.0,0.0,0.0
p08041,pumped-hydro,0.0,0.0,0.0,0.0,0.0
p08041,pv,975.0,975.0,975.0,975.0,975.0
p08041,wind-ofs,0.0,0.0,0.0,0.0,0.0
p08041,wind-ons,0.0,0.0,0.0,0.0,0.0
p08057,battery,0.0,0.0,0.0,0.0,0.0
p08057,biomass,0.0,0.0,0.0,0.0,0.0
p08057,coal,0.0,0.0,0.0,0.0,0.0
p08057,gas,0.0,0.0,0.0,0.0,0.0
p08057,geothermal,0.0,0.0,0.0,0.0,0.0
p08057,h2,0.0,0.0,0.0,0.0,0.0
p08057,hydro,0.0,0.0,0.0,0.0,0.0
p08057,nuclear,0.0,0.0,0.0,0.0,0.0
p08057,pumped-hydro,0.0,0.0,0.0,0.0,0.0
p08057,pv,200.0,200.0,200.0,200.0,200.0
p08057,wind-ofs,0.0,0.0,0.0,0.0,0.0
p08057,wind-ons,1008.0,1008.0,1008.0,1008.0,1008.0
p08061,battery,0.0,0.0,0.0,0.0,0.0
p08061,biomass,0.0,0.0,0.0,0.0,0.0
p08061,coal,0.0,0.0,0.0,0.0,0.0
p08061,gas,0.0,0.0,0.0,0.0,0.0
p08061,geothermal,0.0,0.0,0.0,0.0,0.0
p08061,h2,0.0,0.0,0.0,0.0,0.0
p08061,hydro,0.0,0.0,0.0,0.0,0.0
p08061,nuclear,0.0,0.0,0.0,0.0,0.0
p08061,pumped-hydro,0.0,0.0,0.0,0.0,0.0
p08061,pv,250.0,250.0,250.0,250.0,250.0
p08061,wind-ofs,0.0,0.0,0.0,0.0,0.0
p08061,wind-ons,399.0,399.0,399.0,399.0,399.0
p08063,battery,278.0,278.0,278.0,278.0,278.0
p08063,biomass,0.0,0.0,0.0,0.0,0.0
p08063,coal,0.0,0.0,0.0,0.0,0.0
p08063,gas,0.0,0.0,0.0,0.0,0.0
p08063,geothermal,0.0,0.0,0.0,0.0,0.0
p08063,h2,0.0,0.0,0.0,0.0,0.0
p08063,hydro,0.0,0.0,0.0,0.0,0.0
p08063,nuclear,0.0,0.0,0.0,0.0,0.0
p08063,pumped-hydro,0.0,0.0,0.0,0.0,0.0
p08063,pv,612.0,612.0,612.0,612.0,612.0
p08063,wind-ofs,0.0,0.0,0.0,0.0,0.0
p08063,wind-ons,519.6,519.6,519.6,519.6,519.6
p08067,battery,310.0,310.0,310.0,310.0,310.0
p08067,biomass,0.0,0.0,0.0,0.0,0.0
p08067,coal,0.0,0.0,0.0,0.0,0.0
p08067,gas,0.0,0.0,0.0,0.0,0.0
p08067,geothermal,0.0,0.0,0.0,0.0,0.0
p08067,h2,0.0,0.0,0.0,0.0,0.0
p08067,hydro,0.0,0.0,0.0,0.0,0.0
p08067,nuclear,0.0,0.0,0.0,0.0,0.0
p08067,pumped-hydro,0.0,0.0,0.0,0.0,0.0
p08067,pv,310.0,310.0,310.0,310.0,310.0
p08067,wind-ofs,0.0,0.0,0.0,0.0,0.0
p08067,wind-ons,0.0,0.0,0.0,0.0,0.0
p08069,battery,245.0,245.0,245.0,245.0,245.0
p08069,biomass,0.0,0.0,0.0,0.0,0.0
p08069,coal,0.0,0.0,0.0,0.0,0.0
p08069,gas,250.0,250.0,250.0,250.0,250.0
p08069,geothermal,0.0,0.0,0.0,0.0,0.0
p08069,h2,0.0,0.0,0.0,0.0,0.0
p08069,hydro,0.0,0.0,0.0,0.0,0.0
p08069,nuclear,0.0,0.0,0.0,0.0,0.0
p08069,pumped-hydro,0.0,0.0,0.0,0.0,0.0
p08069,pv,385.0,385.0,385.0,385.0,385.0
p08069,wind-ofs,0.0,0.0,0.0,0.0,0.0
p08069,wind-ons,200.0,200.0,200.0,200.0,200.0
p08071,battery,0.0,0.0,0.0,0.0,0.0
p08071,biomass,0.0,0.0,0.0,0.0,0.0
p08071,coal,0.0,0.0,0.0,0.0,0.0
p08071,gas,0.0,0.0,0.0,0.0,0.0
p08071,geothermal,0.0,0.0,0.0,0.0,0.0
p08071,h2,0.0,0.0,0.0,0.0,0.0
p08071,hydro,0.0,0.0,0.0,0.0,0.0
p08071,nuclear,0.0,0.0,0.0,0.0,0.0
p08071,pumped-hydro,0.0,0.0,0.0,0.0,0.0
p08071,pv,280.0,280.0,280.0,280.0,280.0
p08071,wind-ofs,0.0,0.0,0.0,0.0,0.0
p08071,wind-ons,0.0,0.0,0.0,0.0,0.0
p08073,battery,0.0,0.0,0.0,0.0,0.0
p08073,biomass,0.0,0.0,0.0,0.0,0.0
p08073,coal,0.0,0.0,0.0,0.0,0.0
p08073,gas,0.0,0.0,0.0,0.0,0.0
p08073,geothermal,0.0,0.0,0.0,0.0,0.0
p08073,h2,0.0,0.0,0.0,0.0,0.0
p08073,hydro,0.0,0.0,0.0,0.0,0.0
p08073,nuclear,0.0,0.0,0.0,0.0,0.0
p08073,pumped-hydro,0.0,0.0,0.0,0.0,0.0
p08073,pv,948.0,948.0,948.0,948.0,948.0
p08073,wind-ofs,0.0,0.0,0.0,0.0,0.0
p08073,wind-ons,2199.8,2199.8,2199.8,2199.8,2199.8
p08077,battery,0.0,0.0,0.0,0.0,0.0
p08077,biomass,0.0,0.0,0.0,0.0,0.0
p08077,coal,0.0,0.0,0.0,0.0,0.0
p08077,gas,0.0,0.0,0.0,0.0,0.0
p08077,geothermal,0.0,0.0,0.0,0.0,0.0
p08077,h2,0.0,0.0,0.0,0.0,0.0
p08077,hydro,9.0,9.0,9.0,9.0,9.0
p08077,nuclear,0.0,0.0,0.0,0.0,0.0
p08077,pumped-hydro,0.0,0.0,0.0,0.0,0.0
p08077,pv,0.0,0.0,0.0,0.0,0.0
p08077,wind-ofs,0.0,0.0,0.0,0.0,0.0
p08077,wind-ons,0.0,0.0,0.0,0.0,0.0
p08081,battery,200.0,200.0,200.0,200.0,200.0
p08081,biomass,0.0,0.0,0.0,0.0,0.0
p08081,coal,0.0,0.0,0.0,0.0,0.0
p08081,gas,0.0,0.0,0.0,0.0,0.0
p08081,geothermal,0.0,0.0,0.0,0.0,0.0
p08081,h2,0.0,0.0,0.0,0.0,0.0
p08081,hydro,0.0,0.0,0.0,0.0,0.0
p08081,nuclear,0.0,0.0,0.0,0.0,0.0
p08081,pumped-hydro,0.0,0.0,0.0,0.0,0.0
p08081,pv,688.0,688.0,688.0,688.0,688.0
p08081,wind-ofs,0.0,0.0,0.0,0.0,0.0
p08081,wind-ons,0.0,0.0,0.0,0.0,0.0
p08083,battery,100.0,100.0,100.0,100.0,100.0
p08083,biomass,0.0,0.0,0.0,0.0,0.0
p08083,coal,0.0,0.0,0.0,0.0,0.0
p08083,gas,0.0,0.0,0.0,0.0,0.0
p08083,geothermal,0.0,0.0,0.0,0.0,0.0
p08083,h2,0.0,0.0,0.0,0.0,0.0
p08083,hydro,0.0,0.0,0.0,0.0,0.0
p08083,nuclear,0.0,0.0,0.0,0.0,0.0
p08083,pumped-hydro,0.0,0.0,0.0,0.0,0.0
p08083,pv,280.0,280.0,280.0,280.0,280.0
p08083,wind-ofs,0.0,0.0,0.0,0.0,0.0
p08083,wind-ons,0.0,0.0,0.0,0.0,0.0
p08085,battery,100.0,100.0,100.0,100.0,100.0
p08085,biomass,0.0,0.0,0.0,0.0,0.0
p08085,coal,0.0,0.0,0.0,0.0,0.0
p08085,gas,0.0,0.0,0.0,0.0,0.0
p08085,geothermal,0.0,0.0,0.0,0.0,0.0
p08085,h2,0.0,0.0,0.0,0.0,0.0
p08085,hydro,0.0,0.0,0.0,0.0,0.0
p08085,nuclear,0.0,0.0,0.0,0.0,0.0
p08085,pumped-hydro,0.0,0.0,0.0,0.0,0.0
p08085,pv,0.0,0.0,0.0,0.0,0.0
p08085,wind-ofs,0.0,0.0,0.0,0.0,0.0
p08085,wind-ons,0.0,0.0,0.0,0.0,0.0
p08087,battery,0.0,0.0,0.0,0.0,0.0
p08087,biomass,0.0,0.0,0.0,0.0,0.0
p08087,coal,0.0,0.0,0.0,0.0,0.0
p08087,gas,0.0,0.0,0.0,0.0,0.0
p08087,geothermal,0.0,0.0,0.0,0.0,0.0
p08087,h2,0.0,0.0,0.0,0.0,0.0
p08087,hydro,0.0,0.0,0.0,0.0,0.0
p08087,nuclear,0.0,0.0,0.0,0.0,0.0
p08087,pumped-hydro,0.0,0.0,0.0,0.0,0.0
p08087,pv,1249.9,1249.9,1249.9,1249.9,1249.9
p08087,wind-ofs,0.0,0.0,0.0,0.0,0.0
p08087,wind-ons,400.0,400.0,400.0,400.0,400.0
p08099,battery,150.0,150.0,150.0,150.0,150.0
p08099,biomass,0.0,0.0,0.0,0.0,0.0
p08099,coal,0.0,0.0,0.0,0.0,0.0
p08099,gas,0.0,0.0,0.0,0.0,0.0
p08099,geothermal,0.0,0.0,0.0,0.0,0.0
p08099,h2,0.0,0.0,0.0,0.0,0.0
p08099,hydro,0.0,0.0,0.0,0.0,0.0
p08099,nuclear,0.0,0.0,0.0,0.0,0.0
p08099,pumped-hydro,0.0,0.0,0.0,0.0,0.0
p08099,pv,349.0,349.0,349.0,349.0,349.0
p08099,wind-ofs,0.0,0.0,0.0,0.0,0.0
p08099,wind-ons,0.0,0.0,0.0,0.0,0.0
p08101,battery,235.0,235.0,235.0,235.0,235.0
p08101,biomass,0.0,0.0,0.0,0.0,0.0
p08101,coal,0.0,0.0,0.0,0.0,0.0
p08101,gas,0.0,0.0,0.0,0.0,0.0
p08101,geothermal,0.0,0.0,0.0,0.0,0.0
p08101,h2,0.0,0.0,0.0,0.0,0.0
p08101,hydro,0.0,0.0,0.0,0.0,0.0
p08101,nuclear,0.0,0.0,0.0,0.0,0.0
p08101,pumped-hydro,0.0,0.0,0.0,0.0,0.0
p08101,pv,2693.0,2693.0,2693.0,2693.0,2693.0
p08101,wind-ofs,0.0,0.0,0.0,0.0,0.0
p08101,wind-ons,0.0,0.0,0.0,0.0,0.0
p08107,battery,0.0,0.0,0.0,0.0,0.0
p08107,biomass,0.0,0.0,0.0,0.0,0.0
p08107,coal,0.0,0.0,0.0,0.0,0.0
p08107,gas,0.0,0.0,0.0,0.0,0.0
p08107,geothermal,0.0,0.0,0.0,0.0,0.0
p08107,h2,0.0,0.0,0.0,0.0,0.0
p08107,hydro,0.0,0.0,0.0,0.0,0.0
p08107,nuclear,0.0,0.0,0.0,0.0,0.0
p08107,pumped-hydro,0.0,0.0,0.0,0.0,0.0
p08107,pv,250.0,250.0,250.0,250.0,250.0
p08107,wind-ofs,0.0,0.0,0.0,0.0,0.0
p08107,wind-ons,0.0,0.0,0.0,0.0,0.0
p08109,battery,0.0,0.0,0.0,0.0,0.0
p08109,biomass,0.0,0.0,0.0,0.0,0.0
p08109,coal,0.0,0.0,0.0,0.0,0.0
p08109,gas,0.0,0.0,0.0,0.0,0.0
p08109,geothermal,0.0,0.0,0.0,0.0,0.0
p08109,h2,0.0,0.0,0.0,0.0,0.0
p08109,hydro,0.0,0.0,0.0,0.0,0.0
p08109,nuclear,0.0,0.0,0.0,0.0,0.0
p08109,pumped-hydro,0.0,0.0,0.0,0.0,0.0
p08109,pv,170.0,170.0,170.0,170.0,170.0
p08109,wind-ofs,0.0,0.0,0.0,0.0,0.0
p08109,wind-ons,0.0,0.0,0.0,0.0,0.0
p08123,battery,200.0,200.0,200.0,200.0,200.0
p08123,biomass,0.0,0.0,0.0,0.0,0.0
p08123,coal,0.0,0.0,0.0,0.0,0.0
p08123,gas,216.0,216.0,216.0,216.0,216.0
p08123,geothermal,0.0,0.0,0.0,0.0,0.0
p08123,h2,0.0,0.0,0.0,0.0,0.0
p08123,hydro,0.0,0.0,0.0,0.0,0.0
p08123,nuclear,0.0,0.0,0.0,0.0,0.0
p08123,pumped-hydro,0.0,0.0,0.0,0.0,0.0
p08123,pv,2064.31,2064.31,2064.31,2064.31,2064.31
p08123,wind-ofs,0.0,0.0,0.0,0.0,0.0
p08123,wind-ons,350.0,350.0,350.0,350.0,350.0
p08125,battery,0.0,0.0,0.0,0.0,0.0
p08125,biomass,0.0,0.0,0.0,0.0,0.0
p08125,coal,0.0,0.0,0.0,0.0,0.0
p08125,gas,0.0,0.0,0.0,0.0,0.0
p08125,geothermal,0.0,0.0,0.0,0.0,0.0
p08125,h2,0.0,0.0,0.0,0.0,0.0
p08125,hydro,0.0,0.0,0.0,0.0,0.0
p08125,nuclear,0.0,0.0,0.0,0.0,0.0
p08125,pumped-hydro,0.0,0.0,0.0,0.0,0.0
p08125,pv,199.0,199.0,199.0,199.0,199.0
p08125,wind-ofs,0.0,0.0,0.0,0.0,0.0
p08125,wind-ons,260.0,260.0,260.0,260.0,260.0
p10001,battery,0.0,0.0,0.0,0.0,0.0
p10001,biomass,0.0,0.0,0.0,0.0,0.0
p10001,coal,0.0,0.0,0.0,0.0,0.0
p10001,gas,0.0,0.0,0.0,0.0,0.0
p10001,geothermal,0.0,0.0,0.0,0.0,0.0
p10001,h2,0.0,0.0,0.0,0.0,0.0
p10001,hydro,0.0,0.0,0.0,0.0,0.0
p10001,nuclear,0.0,0.0,0.0,0.0,0.0
p10001,pumped-hydro,0.0,0.0,0.0,0.0,0.0
p10001,pv,180.0,180.0,180.0,180.0,180.0
p10001,wind-ofs,0.0,0.0,0.0,0.0,0.0
p10001,wind-ons,0.0,0.0,0.0,0.0,0.0
p10003,battery,200.0,200.0,200.0,200.0,200.0
p10003,biomass,0.0,0.0,0.0,0.0,0.0
p10003,coal,0.0,0.0,0.0,0.0,0.0
p10003,gas,0.0,0.0,0.0,0.0,0.0
p10003,geothermal,0.0,0.0,0.0,0.0,0.0
p10003,h2,0.0,0.0,0.0,0.0,0.0
p10003,hydro,0.0,0.0,0.0,0.0,0.0
p10003,nuclear,0.0,0.0,0.0,0.0,0.0
p10003,pumped-hydro,0.0,0.0,0.0,0.0,0.0
p10003,pv,165.3,165.3,165.3,165.3,165.3
p10003,wind-ofs,0.0,0.0,0.0,0.0,0.0
p10003,wind-ons,0.0,0.0,0.0,0.0,0.0
p10005,battery,195.0,195.0,195.0,195.0,195.0
p10005,biomass,0.0,0.0,0.0,0.0,0.0
p10005,coal,0.0,0.0,0.0,0.0,0.0
p10005,gas,0.0,0.0,0.0,0.0,0.0
p10005,geothermal,0.0,0.0,0.0,0.0,0.0
p10005,h2,0.0,0.0,0.0,0.0,0.0
p10005,hydro,0.0,0.0,0.0,0.0,0.0
p10005,nuclear,0.0,0.0,0.0,0.0,0.0
p10005,pumped-hydro,0.0,0.0,0.0,0.0,0.0
p10005,pv,100.0,100.0,100.0,100.0,100.0
p10005,wind-ofs,1669.5,1669.5,1669.5,1669.5,1669.5
p10005,wind-ons,0.0,0.0,0.0,0.0,0.0
p12001,battery,0.0,0.0,0.0,0.0,0.0
p12001,biomass,0.0,0.0,0.0,0.0,0.0
p12001,coal,0.0,0.0,0.0,0.0,0.0
p12001,gas,0.0,0.0,0.0,0.0,0.0
p12001,geothermal,0.0,0.0,0.0,0.0,0.0
p12001,h2,0.0,0.0,0.0,0.0,0.0
p12001,hydro,0.0,0.0,0.0,0.0,0.0
p12001,nuclear,0.0,0.0,0.0,0.0,0.0
p12001,pumped-hydro,0.0,0.0,0.0,0.0,0.0
p12001,pv,74.9,74.9,74.9,74.9,74.9
p12001,wind-ofs,0.0,0.0,0.0,0.0,0.0
p12001,wind-ons,0.0,0.0,0.0,0.0,0.0
p12003,battery,0.0,0.0,0.0,0.0,0.0
p12003,biomass,0.0,0.0,0.0,0.0,0.0
p12003,coal,0.0,0.0,0.0,0.0,0.0
p12003,gas,0.0,0.0,0.0,0.0,0.0
p12003,geothermal,0.0,0.0,0.0,0.0,0.0
p12003,h2,0.0,0.0,0.0,0.0,0.0
p12003,hydro,0.0,0.0,0.0,0.0,0.0
p12003,nuclear,0.0,0.0,0.0,0.0,0.0
p12003,pumped-hydro,0.0,0.0,0.0,0.0,0.0
p12003,pv,149.0,149.0,149.0,149.0,149.0
p12003,wind-ofs,0.0,0.0,0.0,0.0,0.0
p12003,wind-ons,0.0,0.0,0.0,0.0,0.0
p12005,battery,150.0,150.0,150.0,150.0,150.0
p12005,biomass,0.0,0.0,0.0,0.0,0.0
p12005,coal,0.0,0.0,0.0,0.0,0.0
p12005,gas,0.0,0.0,0.0,0.0,0.0
p12005,geothermal,0.0,0.0,0.0,0.0,0.0
p12005,h2,0.0,0.0,0.0,0.0,0.0
p12005,hydro,0.0,0.0,0.0,0.0,0.0
p12005,nuclear,0.0,0.0,0.0,0.0,0.0
p12005,pumped-hydro,0.0,0.0,0.0,0.0,0.0
p12005,pv,0.0,0.0,0.0,0.0,0.0
p12005,wind-ofs,0.0,0.0,0.0,0.0,0.0
p12005,wind-ons,0.0,0.0,0.0,0.0,0.0
p12007,battery,0.0,0.0,0.0,0.0,0.0
p12007,biomass,0.0,0.0,0.0,0.0,0.0
p12007,coal,0.0,0.0,0.0,0.0,0.0
p12007,gas,0.0,0.0,0.0,0.0,0.0
p12007,geothermal,0.0,0.0,0.0,0.0,0.0
p12007,h2,0.0,0.0,0.0,0.0,0.0
p12007,hydro,0.0,0.0,0.0,0.0,0.0
p12007,nuclear,0.0,0.0,0.0,0.0,0.0
p12007,pumped-hydro,0.0,0.0,0.0,0.0,0.0
p12007,pv,224.70000000000002,224.70000000000002,224.70000000000002,224.70000000000002,224.70000000000002
p12007,wind-ofs,0.0,0.0,0.0,0.0,0.0
p12007,wind-ons,0.0,0.0,0.0,0.0,0.0
p12009,battery,225.0,225.0,225.0,225.0,225.0
p12009,biomass,0.0,0.0,0.0,0.0,0.0
p12009,coal,0.0,0.0,0.0,0.0,0.0
p12009,gas,0.0,0.0,0.0,0.0,0.0
p12009,geothermal,0.0,0.0,0.0,0.0,0.0
p12009,h2,0.0,0.0,0.0,0.0,0.0
p12009,hydro,0.0,0.0,0.0,0.0,0.0
p12009,nuclear,0.0,0.0,0.0,0.0,0.0
p12009,pumped-hydro,0.0,0.0,0.0,0.0,0.0
p12009,pv,522.7,522.7,522.7,522.7,522.7
p12009,wind-ofs,0.0,0.0,0.0,0.0,0.0
p12009,wind-ons,0.0,0.0,0.0,0.0,0.0
p12013,battery,0.0,0.0,0.0,0.0,0.0
p12013,biomass,0.0,0.0,0.0,0.0,0.0
p12013,coal,0.0,0.0,0.0,0.0,0.0
p12013,gas,0.0,0.0,0.0,0.0,0.0
p12013,geothermal,0.0,0.0,0.0,0.0,0.0
p12013,h2,0.0,0.0,0.0,0.0,0.0
p12013,hydro,0.0,0.0,0.0,0.0,0.0
p12013,nuclear,0.0,0.0,0.0,0.0,0.0
p12013,pumped-hydro,0.0,0.0,0.0,0.0,0.0
p12013,pv,169.0,169.0,169.0,169.0,169.0
p12013,wind-ofs,0.0,0.0,0.0,0.0,0.0
p12013,wind-ons,0.0,0.0,0.0,0.0,0.0
p12015,battery,0.0,0.0,0.0,0.0,0.0
p12015,biomass,0.0,0.0,0.0,0.0,0.0
p12015,coal,0.0,0.0,0.0,0.0,0.0
p12015,gas,0.0,0.0,0.0,0.0,0.0
p12015,geothermal,0.0,0.0,0.0,0.0,0.0
p12015,h2,0.0,0.0,0.0,0.0,0.0
p12015,hydro,0.0,0.0,0.0,0.0,0.0
p12015,nuclear,0.0,0.0,0.0,0.0,0.0
p12015,pumped-hydro,0.0,0.0,0.0,0.0,0.0
p12015,pv,1045.4,1045.4,1045.4,1045.4,1045.4
p12015,wind-ofs,0.0,0.0,0.0,0.0,0.0
p12015,wind-ons,0.0,0.0,0.0,0.0,0.0
p12017,battery,100.0,100.0,100.0,100.0,100.0
p12017,biomass,0.0,0.0,0.0,0.0,0.0
p12017,coal,0.0,0.0,0.0,0.0,0.0
p12017,gas,0.0,0.0,0.0,0.0,0.0
p12017,geothermal,0.0,0.0,0.0,0.0,0.0
p12017,h2,0.0,0.0,0.0,0.0,0.0
p12017,hydro,0.0,0.0,0.0,0.0,0.0
p12017,nuclear,0.0,0.0,0.0,0.0,0.0
p12017,pumped-hydro,0.0,0.0,0.0,0.0,0.0
p12017,pv,0.0,0.0,0.0,0.0,0.0
p12017,wind-ofs,0.0,0.0,0.0,0.0,0.0
p12017,wind-ons,0.0,0.0,0.0,0.0,0.0
p12021,battery,0.0,0.0,0.0,0.0,0.0
p12021,biomass,0.0,0.0,0.0,0.0,0.0
p12021,coal,0.0,0.0,0.0,0.0,0.0
p12021,gas,0.0,0.0,0.0,0.0,0.0
p12021,geothermal,0.0,0.0,0.0,0.0,0.0
p12021,h2,0.0,0.0,0.0,0.0,0.0
p12021,hydro,0.0,0.0,0.0,0.0,0.0
p12021,nuclear,0.0,0.0,0.0,0.0,0.0
p12021,pumped-hydro,0.0,0.0,0.0,0.0,0.0
p12021,pv,1117.5,1117.5,1117.5,1117.5,1117.5
p12021,wind-ofs,0.0,0.0,0.0,0.0,0.0
p12021,wind-ons,0.0,0.0,0.0,0.0,0.0
p12023,battery,0.0,0.0,0.0,0.0,0.0
p12023,biomass,0.0,0.0,0.0,0.0,0.0
p12023,coal,0.0,0.0,0.0,0.0,0.0
p12023,gas,0.0,0.0,0.0,0.0,0.0
p12023,geothermal,0.0,0.0,0.0,0.0,0.0
p12023,h2,0.0,0.0,0.0,0.0,0.0
p12023,hydro,0.0,0.0,0.0,0.0,0.0
p12023,nuclear,0.0,0.0,0.0,0.0,0.0
p12023,pumped-hydro,0.0,0.0,0.0,0.0,0.0
p12023,pv,74.5,74.5,74.5,74.5,74.5
p12023,wind-ofs,0.0,0.0,0.0,0.0,0.0
p12023,wind-ons,0.0,0.0,0.0,0.0,0.0
p12027,battery,0.0,0.0,0.0,0.0,0.0
p12027,biomass,0.0,0.0,0.0,0.0,0.0
p12027,coal,0.0,0.0,0.0,0.0,0.0
p12027,gas,0.0,0.0,0.0,0.0,0.0
p12027,geothermal,0.0,0.0,0.0,0.0,0.0
p12027,h2,0.0,0.0,0.0,0.0,0.0
p12027,hydro,0.0,0.0,0.0,0.0,0.0
p12027,nuclear,0.0,0.0,0.0,0.0,0.0
p12027,pumped-hydro,0.0,0.0,0.0,0.0,0.0
p12027,pv,1341.8,1341.8,1341.8,1341.8,1341.8
p12027,wind-ofs,0.0,0.0,0.0,0.0,0.0
p12027,wind-ons,0.0,0.0,0.0,0.0,0.0
p12031,battery,0.0,0.0,0.0,0.0,0.0
p12031,biomass,0.0,0.0,0.0,0.0,0.0
p12031,coal,0.0,0.0,0.0,0.0,0.0
p12031,gas,645.0,645.0,645.0,645.0,645.0
p12031,geothermal,0.0,0.0,0.0,0.0,0.0
p12031,h2,0.0,0.0,0.0,0.0,0.0
p12031,hydro,0.0,0.0,0.0,0.0,0.0
p12031,nuclear,0.0,0.0,0.0,0.0,0.0
p12031,pumped-hydro,0.0,0.0,0.0,0.0,0.0
p12031,pv,349.6,349.6,349.6,349.6,349.6
p12031,wind-ofs,0.0,0.0,0.0,0.0,0.0
p12031,wind-ons,0.0,0.0,0.0,0.0,0.0
p12039,battery,0.0,0.0,0.0,0.0,0.0
p12039,biomass,0.0,0.0,0.0,0.0,0.0
p12039,coal,0.0,0.0,0.0,0.0,0.0
p12039,gas,0.0,0.0,0.0,0.0,0.0
p12039,geothermal,0.0,0.0,0.0,0.0,0.0
p12039,h2,0.0,0.0,0.0,0.0,0.0
p12039,hydro,0.0,0.0,0.0,0.0,0.0
p12039,nuclear,0.0,0.0,0.0,0.0,0.0
p12039,pumped-hydro,0.0,0.0,0.0,0.0,0.0
p12039,pv,74.5,74.5,74.5,74.5,74.5
p12039,wind-ofs,0.0,0.0,0.0,0.0,0.0
p12039,wind-ons,0.0,0.0,0.0,0.0,0.0
p12041,battery,0.0,0.0,0.0,0.0,0.0
p12041,biomass,0.0,0.0,0.0,0.0,0.0
p12041,coal,0.0,0.0,0.0,0.0,0.0
p12041,gas,0.0,0.0,0.0,0.0,0.0
p12041,geothermal,0.0,0.0,0.0,0.0,0.0
p12041,h2,0.0,0.0,0.0,0.0,0.0
p12041,hydro,0.0,0.0,0.0,0.0,0.0
p12041,nuclear,0.0,0.0,0.0,0.0,0.0
p12041,pumped-hydro,0.0,0.0,0.0,0.0,0.0
p12041,pv,210.2,210.2,210.2,210.2,210.2
p12041,wind-ofs,0.0,0.0,0.0,0.0,0.0
p12041,wind-ons,0.0,0.0,0.0,0.0,0.0
p12047,battery,0.0,0.0,0.0,0.0,0.0
p12047,biomass,0.0,0.0,0.0,0.0,0.0
p12047,coal,0.0,0.0,0.0,0.0,0.0
p12047,gas,0.0,0.0,0.0,0.0,0.0
p12047,geothermal,0.0,0.0,0.0,0.0,0.0
p12047,h2,0.0,0.0,0.0,0.0,0.0
p12047,hydro,0.0,0.0,0.0,0.0,0.0
p12047,nuclear,0.0,0.0,0.0,0.0,0.0
p12047,pumped-hydro,0.0,0.0,0.0,0.0,0.0
p12047,pv,74.9,74.9,74.9,74.9,74.9
p12047,wind-ofs,0.0,0.0,0.0,0.0,0.0
p12047,wind-ons,0.0,0.0,0.0,0.0,0.0
p12049,battery,0.0,0.0,0.0,0.0,0.0
p12049,biomass,0.0,0.0,0.0,0.0,0.0
p12049,coal,0.0,0.0,0.0,0.0,0.0
p12049,gas,1280.0,1280.0,1280.0,1280.0,1280.0
p12049,geothermal,0.0,0.0,0.0,0.0,0.0
p12049,h2,0.0,0.0,0.0,0.0,0.0
p12049,hydro,0.0,0.0,0.0,0.0,0.0
p12049,nuclear,0.0,0.0,0.0,0.0,0.0
p12049,pumped-hydro,0.0,0.0,0.0,0.0,0.0
p12049,pv,0.0,0.0,0.0,0.0,0.0
p12049,wind-ofs,0.0,0.0,0.0,0.0,0.0
p12049,wind-ons,0.0,0.0,0.0,0.0,0.0
p12051,battery,0.0,0.0,0.0,0.0,0.0
p12051,biomass,0.0,0.0,0.0,0.0,0.0
p12051,coal,0.0,0.0,0.0,0.0,0.0
p12051,gas,0.0,0.0,0.0,0.0,0.0
p12051,geothermal,0.0,0.0,0.0,0.0,0.0
p12051,h2,0.0,0.0,0.0,0.0,0.0
p12051,hydro,0.0,0.0,0.0,0.0,0.0
p12051,nuclear,0.0,0.0,0.0,0.0,0.0
p12051,pumped-hydro,0.0,0.0,0.0,0.0,0.0
p12051,pv,2980.0,2980.0,2980.0,2980.0,2980.0
p12051,wind-ofs,0.0,0.0,0.0,0.0,0.0
p12051,wind-ons,0.0,0.0,0.0,0.0,0.0
p12053,battery,0.0,0.0,0.0,0.0,0.0
p12053,biomass,0.0,0.0,0.0,0.0,0.0
p12053,coal,0.0,0.0,0.0,0.0,0.0
p12053,gas,0.0,0.0,0.0,0.0,0.0
p12053,geothermal,0.0,0.0,0.0,0.0,0.0
p12053,h2,0.0,0.0,0.0,0.0,0.0
p12053,hydro,0.0,0.0,0.0,0.0,0.0
p12053,nuclear,0.0,0.0,0.0,0.0,0.0
p12053,pumped-hydro,0.0,0.0,0.0,0.0,0.0
p12053,pv,74.9,74.9,74.9,74.9,74.9
p12053,wind-ofs,0.0,0.0,0.0,0.0,0.0
p12053,wind-ons,0.0,0.0,0.0,0.0,0.0
p12055,battery,0.0,0.0,0.0,0.0,0.0
p12055,biomass,0.0,0.0,0.0,0.0,0.0
p12055,coal,0.0,0.0,0.0,0.0,0.0
p12055,gas,0.0,0.0,0.0,0.0,0.0
p12055,geothermal,0.0,0.0,0.0,0.0,0.0
p12055,h2,0.0,0.0,0.0,0.0,0.0
p12055,hydro,0.0,0.0,0.0,0.0,0.0
p12055,nuclear,0.0,0.0,0.0,0.0,0.0
p12055,pumped-hydro,0.0,0.0,0.0,0.0,0.0
p12055,pv,224.3,224.3,224.3,224.3,224.3
p12055,wind-ofs,0.0,0.0,0.0,0.0,0.0
p12055,wind-ons,0.0,0.0,0.0,0.0,0.0
p12057,battery,20.0,20.0,20.0,20.0,20.0
p12057,biomass,0.0,0.0,0.0,0.0,0.0
p12057,coal,0.0,0.0,0.0,0.0,0.0
p12057,gas,0.0,0.0,0.0,0.0,0.0
p12057,geothermal,0.0,0.0,0.0,0.0,0.0
p12057,h2,0.0,0.0,0.0,0.0,0.0
p12057,hydro,0.0,0.0,0.0,0.0,0.0
p12057,nuclear,0.0,0.0,0.0,0.0,0.0
p12057,pumped-hydro,0.0,0.0,0.0,0.0,0.0
p12057,pv,223.5,223.5,223.5,223.5,223.5
p12057,wind-ofs,0.0,0.0,0.0,0.0,0.0
p12057,wind-ons,0.0,0.0,0.0,0.0,0.0
p12061,battery,0.0,0.0,0.0,0.0,0.0
p12061,biomass,0.0,0.0,0.0,0.0,0.0
p12061,coal,0.0,0.0,0.0,0.0,0.0
p12061,gas,0.0,0.0,0.0,0.0,0.0
p12061,geothermal,0.0,0.0,0.0,0.0,0.0
p12061,h2,0.0,0.0,0.0,0.0,0.0
p12061,hydro,0.0,0.0,0.0,0.0,0.0
p12061,nuclear,0.0,0.0,0.0,0.0,0.0
p12061,pumped-hydro,0.0,0.0,0.0,0.0,0.0
p12061,pv,596.0,596.0,596.0,596.0,596.0
p12061,wind-ofs,0.0,0.0,0.0,0.0,0.0
p12061,wind-ons,0.0,0.0,0.0,0.0,0.0
p12063,battery,0.0,0.0,0.0,0.0,0.0
p12063,biomass,0.0,0.0,0.0,0.0,0.0
p12063,coal,0.0,0.0,0.0,0.0,0.0
p12063,gas,0.0,0.0,0.0,0.0,0.0
p12063,geothermal,0.0,0.0,0.0,0.0,0.0
p12063,h2,0.0,0.0,0.0,0.0,0.0
p12063,hydro,0.0,0.0,0.0,0.0,0.0
p12063,nuclear,0.0,0.0,0.0,0.0,0.0
p12063,pumped-hydro,0.0,0.0,0.0,0.0,0.0
p12063,pv,149.5,149.5,149.5,149.5,149.5
p12063,wind-ofs,0.0,0.0,0.0,0.0,0.0
p12063,wind-ons,0.0,0.0,0.0,0.0,0.0
p12065,battery,0.0,0.0,0.0,0.0,0.0
p12065,biomass,0.0,0.0,0.0,0.0,0.0
p12065,coal,0.0,0.0,0.0,0.0,0.0
p12065,gas,0.0,0.0,0.0,0.0,0.0
p12065,geothermal,0.0,0.0,0.0,0.0,0.0
p12065,h2,0.0,0.0,0.0,0.0,0.0
p12065,hydro,0.0,0.0,0.0,0.0,0.0
p12065,nuclear,0.0,0.0,0.0,0.0,0.0
p12065,pumped-hydro,0.0,0.0,0.0,0.0,0.0
p12065,pv,74.9,74.9,74.9,74.9,74.9
p12065,wind-ofs,0.0,0.0,0.0,0.0,0.0
p12065,wind-ons,0.0,0.0,0.0,0.0,0.0
p12073,battery,0.0,0.0,0.0,0.0,0.0
p12073,biomass,0.0,0.0,0.0,0.0,0.0
p12073,coal,0.0,0.0,0.0,0.0,0.0
p12073,gas,0.0,0.0,0.0,0.0,0.0
p12073,geothermal,0.0,0.0,0.0,0.0,0.0
p12073,h2,0.0,0.0,0.0,0.0,0.0
p12073,hydro,0.0,0.0,0.0,0.0,0.0
p12073,nuclear,0.0,0.0,0.0,0.0,0.0
p12073,pumped-hydro,0.0,0.0,0.0,0.0,0.0
p12073,pv,149.0,149.0,149.0,149.0,149.0
p12073,wind-ofs,0.0,0.0,0.0,0.0,0.0
p12073,wind-ons,0.0,0.0,0.0,0.0,0.0
p12075,battery,0.0,0.0,0.0,0.0,0.0
p12075,biomass,0.0,0.0,0.0,0.0,0.0
p12075,coal,0.0,0.0,0.0,0.0,0.0
p12075,gas,0.0,0.0,0.0,0.0,0.0
p12075,geothermal,0.0,0.0,0.0,0.0,0.0
p12075,h2,0.0,0.0,0.0,0.0,0.0
p12075,hydro,0.0,0.0,0.0,0.0,0.0
p12075,nuclear,0.0,0.0,0.0,0.0,0.0
p12075,pumped-hydro,0.0,0.0,0.0,0.0,0.0
p12075,pv,368.4,368.4,368.4,368.4,368.4
p12075,wind-ofs,0.0,0.0,0.0,0.0,0.0
p12075,wind-ons,0.0,0.0,0.0,0.0,0.0
p12077,battery,0.0,0.0,0.0,0.0,0.0
p12077,biomass,0.0,0.0,0.0,0.0,0.0
p12077,coal,0.0,0.0,0.0,0.0,0.0
p12077,gas,0.0,0.0,0.0,0.0,0.0
p12077,geothermal,0.0,0.0,0.0,0.0,0.0
p12077,h2,0.0,0.0,0.0,0.0,0.0
p12077,hydro,0.0,0.0,0.0,0.0,0.0
p12077,nuclear,0.0,0.0,0.0,0.0,0.0
p12077,pumped-hydro,0.0,0.0,0.0,0.0,0.0
p12077,pv,0.0,0.0,0.0,0.0,0.0
p12077,wind-ofs,0.0,0.0,0.0,0.0,0.0
p12077,wind-ons,0.0,0.0,0.0,0.0,0.0
p12079,battery,0.0,0.0,0.0,0.0,0.0
p12079,biomass,0.0,0.0,0.0,0.0,0.0
p12079,coal,0.0,0.0,0.0,0.0,0.0
p12079,gas,0.0,0.0,0.0,0.0,0.0
p12079,geothermal,0.0,0.0,0.0,0.0,0.0
p12079,h2,0.0,0.0,0.0,0.0,0.0
p12079,hydro,0.0,0.0,0.0,0.0,0.0
p12079,nuclear,0.0,0.0,0.0,0.0,0.0
p12079,pumped-hydro,0.0,0.0,0.0,0.0,0.0
p12079,pv,298.8,298.8,298.8,298.8,298.8
p12079,wind-ofs,0.0,0.0,0.0,0.0,0.0
p12079,wind-ons,0.0,0.0,0.0,0.0,0.0
p12081,battery,0.0,0.0,0.0,0.0,0.0
p12081,biomass,0.0,0.0,0.0,0.0,0.0
p12081,coal,0.0,0.0,0.0,0.0,0.0
p12081,gas,87.0,87.0,87.0,87.0,87.0
p12081,geothermal,0.0,0.0,0.0,0.0,0.0
p12081,h2,0.0,0.0,0.0,0.0,0.0
p12081,hydro,0.0,0.0,0.0,0.0,0.0
p12081,nuclear,0.0,0.0,0.0,0.0,0.0
p12081,pumped-hydro,0.0,0.0,0.0,0.0,0.0
p12081,pv,670.5,670.5,670.5,670.5,670.5
p12081,wind-ofs,0.0,0.0,0.0,0.0,0.0
p12081,wind-ons,0.0,0.0,0.0,0.0,0.0
p12083,battery,0.0,0.0,0.0,0.0,0.0
p12083,biomass,0.0,0.0,0.0,0.0,0.0
p12083,coal,0.0,0.0,0.0,0.0,0.0
p12083,gas,0.0,0.0,0.0,0.0,0.0
p12083,geothermal,0.0,0.0,0.0,0.0,0.0
p12083,h2,0.0,0.0,0.0,0.0,0.0
p12083,hydro,0.0,0.0,0.0,0.0,0.0
p12083,nuclear,0.0,0.0,0.0,0.0,0.0
p12083,pumped-hydro,0.0,0.0,0.0,0.0,0.0
p12083,pv,74.9,74.9,74.9,74.9,74.9
p12083,wind-ofs,0.0,0.0,0.0,0.0,0.0
p12083,wind-ons,0.0,0.0,0.0,0.0,0.0
p12085,battery,0.0,0.0,0.0,0.0,0.0
p12085,biomass,0.0,0.0,0.0,0.0,0.0
p12085,coal,0.0,0.0,0.0,0.0,0.0
p12085,gas,60.0,60.0,60.0,60.0,60.0
p12085,geothermal,0.0,0.0,0.0,0.0,0.0
p12085,h2,0.0,0.0,0.0,0.0,0.0
p12085,hydro,0.0,0.0,0.0,0.0,0.0
p12085,nuclear,0.0,0.0,0.0,0.0,0.0
p12085,pumped-hydro,0.0,0.0,0.0,0.0,0.0
p12085,pv,1043.0,1043.0,1043.0,1043.0,1043.0
p12085,wind-ofs,0.0,0.0,0.0,0.0,0.0
p12085,wind-ons,0.0,0.0,0.0,0.0,0.0
p12086,battery,0.0,0.0,0.0,0.0,0.0
p12086,biomass,0.0,0.0,0.0,0.0,0.0
p12086,coal,0.0,0.0,0.0,0.0,0.0
p12086,gas,99.0,99.0,99.0,99.0,99.0
p12086,geothermal,0.0,0.0,0.0,0.0,0.0
p12086,h2,0.0,0.0,0.0,0.0,0.0
p12086,hydro,0.0,0.0,0.0,0.0,0.0
p12086,nuclear,2600.0,2600.0,2600.0,2600.0,2600.0
p12086,pumped-hydro,0.0,0.0,0.0,0.0,0.0
p12086,pv,149.0,149.0,149.0,149.0,149.0
p12086,wind-ofs,0.0,0.0,0.0,0.0,0.0
p12086,wind-ons,0.0,0.0,0.0,0.0,0.0
p12089,battery,0.0,0.0,0.0,0.0,0.0
p12089,biomass,0.0,0.0,0.0,0.0,0.0
p12089,coal,0.0,0.0,0.0,0.0,0.0
p12089,gas,0.0,0.0,0.0,0.0,0.0
p12089,geothermal,0.0,0.0,0.0,0.0,0.0
p12089,h2,0.0,0.0,0.0,0.0,0.0
p12089,hydro,0.0,0.0,0.0,0.0,0.0
p12089,nuclear,0.0,0.0,0.0,0.0,0.0
p12089,pumped-hydro,0.0,0.0,0.0,0.0,0.0
p12089,pv,149.0,149.0,149.0,149.0,149.0
p12089,wind-ofs,0.0,0.0,0.0,0.0,0.0
p12089,wind-ons,0.0,0.0,0.0,0.0,0.0
p12091,battery,0.0,0.0,0.0,0.0,0.0
p12091,biomass,0.0,0.0,0.0,0.0,0.0
p12091,coal,0.0,0.0,0.0,0.0,0.0
p12091,gas,0.0,0.0,0.0,0.0,0.0
p12091,geothermal,0.0,0.0,0.0,0.0,0.0
p12091,h2,0.0,0.0,0.0,0.0,0.0
p12091,hydro,0.0,0.0,0.0,0.0,0.0
p12091,nuclear,0.0,0.0,0.0,0.0,0.0
p12091,pumped-hydro,0.0,0.0,0.0,0.0,0.0
p12091,pv,149.8,149.8,149.8,149.8,149.8
p12091,wind-ofs,0.0,0.0,0.0,0.0,0.0
p12091,wind-ons,0.0,0.0,0.0,0.0,0.0
p12093,battery,0.0,0.0,0.0,0.0,0.0
p12093,biomass,0.0,0.0,0.0,0.0,0.0
p12093,coal,0.0,0.0,0.0,0.0,0.0
p12093,gas,0.0,0.0,0.0,0.0,0.0
p12093,geothermal,0.0,0.0,0.0,0.0,0.0
p12093,h2,0.0,0.0,0.0,0.0,0.0
p12093,hydro,0.0,0.0,0.0,0.0,0.0
p12093,nuclear,0.0,0.0,0.0,0.0,0.0
p12093,pumped-hydro,0.0,0.0,0.0,0.0,0.0
p12093,pv,149.0,149.0,149.0,149.0,149.0
p12093,wind-ofs,0.0,0.0,0.0,0.0,0.0
p12093,wind-ons,0.0,0.0,0.0,0.0,0.0
p12095,battery,0.0,0.0,0.0,0.0,0.0
p12095,biomass,0.0,0.0,0.0,0.0,0.0
p12095,coal,0.0,0.0,0.0,0.0,0.0
p12095,gas,0.0,0.0,0.0,0.0,0.0
p12095,geothermal,0.0,0.0,0.0,0.0,0.0
p12095,h2,0.0,0.0,0.0,0.0,0.0
p12095,hydro,0.0,0.0,0.0,0.0,0.0
p12095,nuclear,0.0,0.0,0.0,0.0,0.0
p12095,pumped-hydro,0.0,0.0,0.0,0.0,0.0
p12095,pv,60.0,60.0,60.0,60.0,60.0
p12095,wind-ofs,0.0,0.0,0.0,0.0,0.0
p12095,wind-ons,0.0,0.0,0.0,0.0,0.0
p12097,battery,0.0,0.0,0.0,0.0,0.0
p12097,biomass,0.0,0.0,0.0,0.0,0.0
p12097,coal,0.0,0.0,0.0,0.0,0.0
p12097,gas,2184.0,2184.0,2184.0,2184.0,2184.0
p12097,geothermal,0.0,0.0,0.0,0.0,0.0
p12097,h2,0.0,0.0,0.0,0.0,0.0
p12097,hydro,0.0,0.0,0.0,0.0,0.0
p12097,nuclear,0.0,0.0,0.0,0.0,0.0
p12097,pumped-hydro,0.0,0.0,0.0,0.0,0.0
p12097,pv,373.3,373.3,373.3,373.3,373.3
p12097,wind-ofs,0.0,0.0,0.0,0.0,0.0
p12097,wind-ons,0.0,0.0,0.0,0.0,0.0
p12099,battery,0.0,0.0,0.0,0.0,0.0
p12099,biomass,0.0,0.0,0.0,0.0,0.0
p12099,coal,0.0,0.0,0.0,0.0,0.0
p12099,gas,0.0,0.0,0.0,0.0,0.0
p12099,geothermal,0.0,0.0,0.0,0.0,0.0
p12099,h2,0.0,0.0,0.0,0.0,0.0
p12099,hydro,0.0,0.0,0.0,0.0,0.0
p12099,nuclear,0.0,0.0,0.0,0.0,0.0
p12099,pumped-hydro,0.0,0.0,0.0,0.0,0.0
p12099,pv,74.5,74.5,74.5,74.5,74.5
p12099,wind-ofs,0.0,0.0,0.0,0.0,0.0
p12099,wind-ons,0.0,0.0,0.0,0.0,0.0
p12101,battery,0.0,0.0,0.0,0.0,0.0
p12101,biomass,0.0,0.0,0.0,0.0,0.0
p12101,coal,0.0,0.0,0.0,0.0,0.0
p12101,gas,1055.0,1055.0,1055.0,1055.0,1055.0
p12101,geothermal,0.0,0.0,0.0,0.0,0.0
p12101,h2,0.0,0.0,0.0,0.0,0.0
p12101,hydro,0.0,0.0,0.0,0.0,0.0
p12101,nuclear,0.0,0.0,0.0,0.0,0.0
p12101,pumped-hydro,0.0,0.0,0.0,0.0,0.0
p12101,pv,0.0,0.0,0.0,0.0,0.0
p12101,wind-ofs,0.0,0.0,0.0,0.0,0.0
p12101,wind-ons,0.0,0.0,0.0,0.0,0.0
p12103,battery,0.0,0.0,0.0,0.0,0.0
p12103,biomass,0.0,0.0,0.0,0.0,0.0
p12103,coal,0.0,0.0,0.0,0.0,0.0
p12103,gas,172.0,172.0,172.0,172.0,172.0
p12103,geothermal,0.0,0.0,0.0,0.0,0.0
p12103,h2,0.0,0.0,0.0,0.0,0.0
p12103,hydro,0.0,0.0,0.0,0.0,0.0
p12103,nuclear,0.0,0.0,0.0,0.0,0.0
p12103,pumped-hydro,0.0,0.0,0.0,0.0,0.0
p12103,pv,0.0,0.0,0.0,0.0,0.0
p12103,wind-ofs,0.0,0.0,0.0,0.0,0.0
p12103,wind-ons,0.0,0.0,0.0,0.0,0.0
p12105,battery,0.0,0.0,0.0,0.0,0.0
p12105,biomass,0.0,0.0,0.0,0.0,0.0
p12105,coal,0.0,0.0,0.0,0.0,0.0
p12105,gas,598.0,598.0,598.0,598.0,598.0
p12105,geothermal,0.0,0.0,0.0,0.0,0.0
p12105,h2,0.0,0.0,0.0,0.0,0.0
p12105,hydro,0.0,0.0,0.0,0.0,0.0
p12105,nuclear,0.0,0.0,0.0,0.0,0.0
p12105,pumped-hydro,0.0,0.0,0.0,0.0,0.0
p12105,pv,52.0,52.0,52.0,52.0,52.0
p12105,wind-ofs,0.0,0.0,0.0,0.0,0.0
p12105,wind-ons,0.0,0.0,0.0,0.0,0.0
p12107,battery,100.0,100.0,100.0,100.0,100.0
p12107,biomass,0.0,0.0,0.0,0.0,0.0
p12107,coal,0.0,0.0,0.0,0.0,0.0
p12107,gas,0.0,0.0,0.0,0.0,0.0
p12107,geothermal,0.0,0.0,0.0,0.0,0.0
p12107,h2,0.0,0.0,0.0,0.0,0.0
p12107,hydro,0.0,0.0,0.0,0.0,0.0
p12107,nuclear,0.0,0.0,0.0,0.0,0.0
p12107,pumped-hydro,0.0,0.0,0.0,0.0,0.0
p12107,pv,447.8,447.8,447.8,447.8,447.8
p12107,wind-ofs,0.0,0.0,0.0,0.0,0.0
p12107,wind-ons,0.0,0.0,0.0,0.0,0.0
p12111,battery,0.0,0.0,0.0,0.0,0.0
p12111,biomass,0.0,0.0,0.0,0.0,0.0
p12111,coal,0.0,0.0,0.0,0.0,0.0
p12111,gas,0.0,0.0,0.0,0.0,0.0
p12111,geothermal,0.0,0.0,0.0,0.0,0.0
p12111,h2,0.0,0.0,0.0,0.0,0.0
p12111,hydro,0.0,0.0,0.0,0.0,0.0
p12111,nuclear,0.0,0.0,0.0,0.0,0.0
p12111,pumped-hydro,0.0,0.0,0.0,0.0,0.0
p12111,pv,1788.0,1788.0,1788.0,1788.0,1788.0
p12111,wind-ofs,0.0,0.0,0.0,0.0,0.0
p12111,wind-ons,0.0,0.0,0.0,0.0,0.0
p12119,battery,0.0,0.0,0.0,0.0,0.0
p12119,biomass,0.0,0.0,0.0,0.0,0.0
p12119,coal,0.0,0.0,0.0,0.0,0.0
p12119,gas,0.0,0.0,0.0,0.0,0.0
p12119,geothermal,0.0,0.0,0.0,0.0,0.0
p12119,h2,0.0,0.0,0.0,0.0,0.0
p12119,hydro,0.0,0.0,0.0,0.0,0.0
p12119,nuclear,0.0,0.0,0.0,0.0,0.0
p12119,pumped-hydro,0.0,0.0,0.0,0.0,0.0
p12119,pv,149.8,149.8,149.8,149.8,149.8
p12119,wind-ofs,0.0,0.0,0.0,0.0,0.0
p12119,wind-ons,0.0,0.0,0.0,0.0,0.0
p12121,battery,8.0,8.0,8.0,8.0,8.0
p12121,biomass,0.0,0.0,0.0,0.0,0.0
p12121,coal,0.0,0.0,0.0,0.0,0.0
p12121,gas,0.0,0.0,0.0,0.0,0.0
p12121,geothermal,0.0,0.0,0.0,0.0,0.0
p12121,h2,0.0,0.0,0.0,0.0,0.0
p12121,hydro,0.0,0.0,0.0,0.0,0.0
p12121,nuclear,0.0,0.0,0.0,0.0,0.0
p12121,pumped-hydro,0.0,0.0,0.0,0.0,0.0
p12121,pv,299.6,299.6,299.6,299.6,299.6
p12121,wind-ofs,0.0,0.0,0.0,0.0,0.0
p12121,wind-ons,0.0,0.0,0.0,0.0,0.0
p12123,battery,0.0,0.0,0.0,0.0,0.0
p12123,biomass,0.0,0.0,0.0,0.0,0.0
p12123,coal,0.0,0.0,0.0,0.0,0.0
p12123,gas,0.0,0.0,0.0,0.0,0.0
p12123,geothermal,0.0,0.0,0.0,0.0,0.0
p12123,h2,0.0,0.0,0.0,0.0,0.0
p12123,hydro,0.0,0.0,0.0,0.0,0.0
p12123,nuclear,0.0,0.0,0.0,0.0,0.0
p12123,pumped-hydro,0.0,0.0,0.0,0.0,0.0
p12123,pv,74.5,74.5,74.5,74.5,74.5
p12123,wind-ofs,0.0,0.0,0.0,0.0,0.0
p12123,wind-ons,0.0,0.0,0.0,0.0,0.0
p12125,battery,0.0,0.0,0.0,0.0,0.0
p12125,biomass,0.0,0.0,0.0,0.0,0.0
p12125,coal,0.0,0.0,0.0,0.0,0.0
p12125,gas,0.0,0.0,0.0,0.0,0.0
p12125,geothermal,0.0,0.0,0.0,0.0,0.0
p12125,h2,0.0,0.0,0.0,0.0,0.0
p12125,hydro,0.0,0.0,0.0,0.0,0.0
p12125,nuclear,0.0,0.0,0.0,0.0,0.0
p12125,pumped-hydro,0.0,0.0,0.0,0.0,0.0
p12125,pv,74.5,74.5,74.5,74.5,74.5
p12125,wind-ofs,0.0,0.0,0.0,0.0,0.0
p12125,wind-ons,0.0,0.0,0.0,0.0,0.0
p12127,battery,0.0,0.0,0.0,0.0,0.0
p12127,biomass,0.0,0.0,0.0,0.0,0.0
p12127,coal,0.0,0.0,0.0,0.0,0.0
p12127,gas,76.0,76.0,76.0,76.0,76.0
p12127,geothermal,0.0,0.0,0.0,0.0,0.0
p12127,h2,0.0,0.0,0.0,0.0,0.0
p12127,hydro,0.0,0.0,0.0,0.0,0.0
p12127,nuclear,0.0,0.0,0.0,0.0,0.0
p12127,pumped-hydro,0.0,0.0,0.0,0.0,0.0
p12127,pv,0.0,0.0,0.0,0.0,0.0
p12127,wind-ofs,0.0,0.0,0.0,0.0,0.0
p12127,wind-ons,0.0,0.0,0.0,0.0,0.0
p12131,battery,0.0,0.0,0.0,0.0,0.0
p12131,biomass,0.0,0.0,0.0,0.0,0.0
p12131,coal,0.0,0.0,0.0,0.0,0.0
p12131,gas,0.0,0.0,0.0,0.0,0.0
p12131,geothermal,0.0,0.0,0.0,0.0,0.0
p12131,h2,0.0,0.0,0.0,0.0,0.0
p12131,hydro,0.0,0.0,0.0,0.0,0.0
p12131,nuclear,0.0,0.0,0.0,0.0,0.0
p12131,pumped-hydro,0.0,0.0,0.0,0.0,0.0
p12131,pv,149.0,149.0,149.0,149.0,149.0
p12131,wind-ofs,0.0,0.0,0.0,0.0,0.0
p12131,wind-ons,0.0,0.0,0.0,0.0,0.0
p13001,battery,0.0,0.0,0.0,0.0,0.0
p13001,biomass,0.0,0.0,0.0,0.0,0.0
p13001,coal,0.0,0.0,0.0,0.0,0.0
p13001,gas,0.0,0.0,0.0,0.0,0.0
p13001,geothermal,0.0,0.0,0.0,0.0,0.0
p13001,h2,0.0,0.0,0.0,0.0,0.0
p13001,hydro,0.0,0.0,0.0,0.0,0.0
p13001,nuclear,0.0,0.0,0.0,0.0,0.0
p13001,pumped-hydro,0.0,0.0,0.0,0.0,0.0
p13001,pv,95.0,95.0,95.0,95.0,95.0
p13001,wind-ofs,0.0,0.0,0.0,0.0,0.0
p13001,wind-ons,0.0,0.0,0.0,0.0,0.0
p13005,battery,0.0,0.0,0.0,0.0,0.0
p13005,biomass,0.0,0.0,0.0,0.0,0.0
p13005,coal,0.0,0.0,0.0,0.0,0.0
p13005,gas,0.0,0.0,0.0,0.0,0.0
p13005,geothermal,0.0,0.0,0.0,0.0,0.0
p13005,h2,0.0,0.0,0.0,0.0,0.0
p13005,hydro,0.0,0.0,0.0,0.0,0.0
p13005,nuclear,0.0,0.0,0.0,0.0,0.0
p13005,pumped-hydro,0.0,0.0,0.0,0.0,0.0
p13005,pv,430.0,430.0,430.0,430.0,430.0
p13005,wind-ofs,0.0,0.0,0.0,0.0,0.0
p13005,wind-ons,0.0,0.0,0.0,0.0,0.0
p13009,battery,0.0,0.0,0.0,0.0,0.0
p13009,biomass,0.0,0.0,0.0,0.0,0.0
p13009,coal,0.0,0.0,0.0,0.0,0.0
p13009,gas,0.0,0.0,0.0,0.0,0.0
p13009,geothermal,0.0,0.0,0.0,0.0,0.0
p13009,h2,0.0,0.0,0.0,0.0,0.0
p13009,hydro,0.0,0.0,0.0,0.0,0.0
p13009,nuclear,0.0,0.0,0.0,0.0,0.0
p13009,pumped-hydro,0.0,0.0,0.0,0.0,0.0
p13009,pv,516.0,516.0,516.0,516.0,516.0
p13009,wind-ofs,0.0,0.0,0.0,0.0,0.0
p13009,wind-ons,0.0,0.0,0.0,0.0,0.0
p13015,battery,510.0,510.0,510.0,510.0,510.0
p13015,biomass,0.0,0.0,0.0,0.0,0.0
p13015,coal,0.0,0.0,0.0,0.0,0.0
p13015,gas,2888.0,2888.0,2888.0,2888.0,2888.0
p13015,geothermal,0.0,0.0,0.0,0.0,0.0
p13015,h2,0.0,0.0,0.0,0.0,0.0
p13015,hydro,0.0,0.0,0.0,0.0,0.0
p13015,nuclear,0.0,0.0,0.0,0.0,0.0
p13015,pumped-hydro,0.0,0.0,0.0,0.0,0.0
p13015,pv,550.0,550.0,550.0,550.0,550.0
p13015,wind-ofs,0.0,0.0,0.0,0.0,0.0
p13015,wind-ons,0.0,0.0,0.0,0.0,0.0
p13027,battery,0.0,0.0,0.0,0.0,0.0
p13027,biomass,0.0,0.0,0.0,0.0,0.0
p13027,coal,0.0,0.0,0.0,0.0,0.0
p13027,gas,0.0,0.0,0.0,0.0,0.0
p13027,geothermal,0.0,0.0,0.0,0.0,0.0
p13027,h2,0.0,0.0,0.0,0.0,0.0
p13027,hydro,0.0,0.0,0.0,0.0,0.0
p13027,nuclear,0.0,0.0,0.0,0.0,0.0
p13027,pumped-hydro,0.0,0.0,0.0,0.0,0.0
p13027,pv,141.0,141.0,141.0,141.0,141.0
p13027,wind-ofs,0.0,0.0,0.0,0.0,0.0
p13027,wind-ons,0.0,0.0,0.0,0.0,0.0
p13033,battery,0.0,0.0,0.0,0.0,0.0
p13033,biomass,0.0,0.0,0.0,0.0,0.0
p13033,coal,0.0,0.0,0.0,0.0,0.0
p13033,gas,0.0,0.0,0.0,0.0,0.0
p13033,geothermal,0.0,0.0,0.0,0.0,0.0
p13033,h2,0.0,0.0,0.0,0.0,0.0
p13033,hydro,0.0,0.0,0.0,0.0,0.0
p13033,nuclear,0.0,0.0,0.0,0.0,0.0
p13033,pumped-hydro,0.0,0.0,0.0,0.0,0.0
p13033,pv,265.0,265.0,265.0,265.0,265.0
p13033,wind-ofs,0.0,0.0,0.0,0.0,0.0
p13033,wind-ons,0.0,0.0,0.0,0.0,0.0
p13039,battery,0.0,0.0,0.0,0.0,0.0
p13039,biomass,0.0,0.0,0.0,0.0,0.0
p13039,coal,0.0,0.0,0.0,0.0,0.0
p13039,gas,0.0,0.0,0.0,0.0,0.0
p13039,geothermal,0.0,0.0,0.0,0.0,0.0
p13039,h2,0.0,0.0,0.0,0.0,0.0
p13039,hydro,0.0,0.0,0.0,0.0,0.0
p13039,nuclear,0.0,0.0,0.0,0.0,0.0
p13039,pumped-hydro,0.0,0.0,0.0,0.0,0.0
p13039,pv,102.0,102.0,102.0,102.0,102.0
p13039,wind-ofs,0.0,0.0,0.0,0.0,0.0
p13039,wind-ons,0.0,0.0,0.0,0.0,0.0
p13043,battery,0.0,0.0,0.0,0.0,0.0
p13043,biomass,0.0,0.0,0.0,0.0,0.0
p13043,coal,0.0,0.0,0.0,0.0,0.0
p13043,gas,0.0,0.0,0.0,0.0,0.0
p13043,geothermal,0.0,0.0,0.0,0.0,0.0
p13043,h2,0.0,0.0,0.0,0.0,0.0
p13043,hydro,0.0,0.0,0.0,0.0,0.0
p13043,nuclear,0.0,0.0,0.0,0.0,0.0
p13043,pumped-hydro,0.0,0.0,0.0,0.0,0.0
p13043,pv,80.0,80.0,80.0,80.0,80.0
p13043,wind-ofs,0.0,0.0,0.0,0.0,0.0
p13043,wind-ons,0.0,0.0,0.0,0.0,0.0
p13045,battery,200.0,200.0,200.0,200.0,200.0
p13045,biomass,0.0,0.0,0.0,0.0,0.0
p13045,coal,0.0,0.0,0.0,0.0,0.0
p13045,gas,0.0,0.0,0.0,0.0,0.0
p13045,geothermal,0.0,0.0,0.0,0.0,0.0
p13045,h2,0.0,0.0,0.0,0.0,0.0
p13045,hydro,0.0,0.0,0.0,0.0,0.0
p13045,nuclear,0.0,0.0,0.0,0.0,0.0
p13045,pumped-hydro,0.0,0.0,0.0,0.0,0.0
p13045,pv,0.0,0.0,0.0,0.0,0.0
p13045,wind-ofs,0.0,0.0,0.0,0.0,0.0
p13045,wind-ons,0.0,0.0,0.0,0.0,0.0
p13049,battery,60.0,60.0,60.0,60.0,60.0
p13049,biomass,0.0,0.0,0.0,0.0,0.0
p13049,coal,0.0,0.0,0.0,0.0,0.0
p13049,gas,0.0,0.0,0.0,0.0,0.0
p13049,geothermal,0.0,0.0,0.0,0.0,0.0
p13049,h2,0.0,0.0,0.0,0.0,0.0
p13049,hydro,0.0,0.0,0.0,0.0,0.0
p13049,nuclear,0.0,0.0,0.0,0.0,0.0
p13049,pumped-hydro,0.0,0.0,0.0,0.0,0.0
p13049,pv,240.0,240.0,240.0,240.0,240.0
p13049,wind-ofs,0.0,0.0,0.0,0.0,0.0
p13049,wind-ons,0.0,0.0,0.0,0.0,0.0
p13057,battery,795.0,795.0,795.0,795.0,795.0
p13057,biomass,0.0,0.0,0.0,0.0,0.0
p13057,coal,0.0,0.0,0.0,0.0,0.0
p13057,gas,0.0,0.0,0.0,0.0,0.0
p13057,geothermal,0.0,0.0,0.0,0.0,0.0
p13057,h2,0.0,0.0,0.0,0.0,0.0
p13057,hydro,0.0,0.0,0.0,0.0,0.0
p13057,nuclear,0.0,0.0,0.0,0.0,0.0
p13057,pumped-hydro,0.0,0.0,0.0,0.0,0.0
p13057,pv,0.0,0.0,0.0,0.0,0.0
p13057,wind-ofs,0.0,0.0,0.0,0.0,0.0
p13057,wind-ons,0.0,0.0,0.0,0.0,0.0
p13065,battery,0.0,0.0,0.0,0.0,0.0
p13065,biomass,0.0,0.0,0.0,0.0,0.0
p13065,coal,0.0,0.0,0.0,0.0,0.0
p13065,gas,0.0,0.0,0.0,0.0,0.0
p13065,geothermal,0.0,0.0,0.0,0.0,0.0
p13065,h2,0.0,0.0,0.0,0.0,0.0
p13065,hydro,0.0,0.0,0.0,0.0,0.0
p13065,nuclear,0.0,0.0,0.0,0.0,0.0
p13065,pumped-hydro,0.0,0.0,0.0,0.0,0.0
p13065,pv,102.0,102.0,102.0,102.0,102.0
p13065,wind-ofs,0.0,0.0,0.0,0.0,0.0
p13065,wind-ons,0.0,0.0,0.0,0.0,0.0
p13069,battery,100.0,100.0,100.0,100.0,100.0
p13069,biomass,0.0,0.0,0.0,0.0,0.0
p13069,coal,0.0,0.0,0.0,0.0,0.0
p13069,gas,0.0,0.0,0.0,0.0,0.0
p13069,geothermal,0.0,0.0,0.0,0.0,0.0
p13069,h2,0.0,0.0,0.0,0.0,0.0
p13069,hydro,0.0,0.0,0.0,0.0,0.0
p13069,nuclear,0.0,0.0,0.0,0.0,0.0
p13069,pumped-hydro,0.0,0.0,0.0,0.0,0.0
p13069,pv,400.0,400.0,400.0,400.0,400.0
p13069,wind-ofs,0.0,0.0,0.0,0.0,0.0
p13069,wind-ons,0.0,0.0,0.0,0.0,0.0
p13071,battery,0.0,0.0,0.0,0.0,0.0
p13071,biomass,0.0,0.0,0.0,0.0,0.0
p13071,coal,0.0,0.0,0.0,0.0,0.0
p13071,gas,0.0,0.0,0.0,0.0,0.0
p13071,geothermal,0.0,0.0,0.0,0.0,0.0
p13071,h2,0.0,0.0,0.0,0.0,0.0
p13071,hydro,0.0,0.0,0.0,0.0,0.0
p13071,nuclear,0.0,0.0,0.0,0.0,0.0
p13071,pumped-hydro,0.0,0.0,0.0,0.0,0.0
p13071,pv,130.0,130.0,130.0,130.0,130.0
p13071,wind-ofs,0.0,0.0,0.0,0.0,0.0
p13071,wind-ons,0.0,0.0,0.0,0.0,0.0
p13077,battery,320.0,320.0,320.0,320.0,320.0
p13077,biomass,0.0,0.0,0.0,0.0,0.0
p13077,coal,0.0,0.0,0.0,0.0,0.0
p13077,gas,3288.0,3288.0,3288.0,3288.0,3288.0
p13077,geothermal,0.0,0.0,0.0,0.0,0.0
p13077,h2,0.0,0.0,0.0,0.0,0.0
p13077,hydro,0.0,0.0,0.0,0.0,0.0
p13077,nuclear,0.0,0.0,0.0,0.0,0.0
p13077,pumped-hydro,0.0,0.0,0.0,0.0,0.0
p13077,pv,470.0,470.0,470.0,470.0,470.0
p13077,wind-ofs,0.0,0.0,0.0,0.0,0.0
p13077,wind-ons,0.0,0.0,0.0,0.0,0.0
p13079,battery,0.0,0.0,0.0,0.0,0.0
p13079,biomass,0.0,0.0,0.0,0.0,0.0
p13079,coal,0.0,0.0,0.0,0.0,0.0
p13079,gas,0.0,0.0,0.0,0.0,0.0
p13079,geothermal,0.0,0.0,0.0,0.0,0.0
p13079,h2,0.0,0.0,0.0,0.0,0.0
p13079,hydro,0.0,0.0,0.0,0.0,0.0
p13079,nuclear,0.0,0.0,0.0,0.0,0.0
p13079,pumped-hydro,0.0,0.0,0.0,0.0,0.0
p13079,pv,160.0,160.0,160.0,160.0,160.0
p13079,wind-ofs,0.0,0.0,0.0,0.0,0.0
p13079,wind-ons,0.0,0.0,0.0,0.0,0.0
p13087,battery,440.0,440.0,440.0,440.0,440.0
p13087,biomass,0.0,0.0,0.0,0.0,0.0
p13087,coal,0.0,0.0,0.0,0.0,0.0
p13087,gas,0.0,0.0,0.0,0.0,0.0
p13087,geothermal,0.0,0.0,0.0,0.0,0.0
p13087,h2,0.0,0.0,0.0,0.0,0.0
p13087,hydro,0.0,0.0,0.0,0.0,0.0
p13087,nuclear,0.0,0.0,0.0,0.0,0.0
p13087,pumped-hydro,0.0,0.0,0.0,0.0,0.0
p13087,pv,1135.03,1135.03,1135.03,1135.03,1135.03
p13087,wind-ofs,0.0,0.0,0.0,0.0,0.0
p13087,wind-ons,0.0,0.0,0.0,0.0,0.0
p13091,battery,0.0,0.0,0.0,0.0,0.0
p13091,biomass,0.0,0.0,0.0,0.0,0.0
p13091,coal,0.0,0.0,0.0,0.0,0.0
p13091,gas,0.0,0.0,0.0,0.0,0.0
p13091,geothermal,0.0,0.0,0.0,0.0,0.0
p13091,h2,0.0,0.0,0.0,0.0,0.0
p13091,hydro,0.0,0.0,0.0,0.0,0.0
p13091,nuclear,0.0,0.0,0.0,0.0,0.0
p13091,pumped-hydro,0.0,0.0,0.0,0.0,0.0
p13091,pv,240.4,240.4,240.4,240.4,240.4
p13091,wind-ofs,0.0,0.0,0.0,0.0,0.0
p13091,wind-ons,0.0,0.0,0.0,0.0,0.0
p13097,battery,1000.0,1000.0,1000.0,1000.0,1000.0
p13097,biomass,0.0,0.0,0.0,0.0,0.0
p13097,coal,0.0,0.0,0.0,0.0,0.0
p13097,gas,0.0,0.0,0.0,0.0,0.0
p13097,geothermal,0.0,0.0,0.0,0.0,0.0
p13097,h2,0.0,0.0,0.0,0.0,0.0
p13097,hydro,0.0,0.0,0.0,0.0,0.0
p13097,nuclear,0.0,0.0,0.0,0.0,0.0
p13097,pumped-hydro,0.0,0.0,0.0,0.0,0.0
p13097,pv,0.0,0.0,0.0,0.0,0.0
p13097,wind-ofs,0.0,0.0,0.0,0.0,0.0
p13097,wind-ons,0.0,0.0,0.0,0.0,0.0
p13099,battery,0.0,0.0,0.0,0.0,0.0
p13099,biomass,0.0,0.0,0.0,0.0,0.0
p13099,coal,0.0,0.0,0.0,0.0,0.0
p13099,gas,0.0,0.0,0.0,0.0,0.0
p13099,geothermal,0.0,0.0,0.0,0.0,0.0
p13099,h2,0.0,0.0,0.0,0.0,0.0
p13099,hydro,0.0,0.0,0.0,0.0,0.0
p13099,nuclear,0.0,0.0,0.0,0.0,0.0
p13099,pumped-hydro,0.0,0.0,0.0,0.0,0.0
p13099,pv,80.0,80.0,80.0,80.0,80.0
p13099,wind-ofs,0.0,0.0,0.0,0.0,0.0
p13099,wind-ons,0.0,0.0,0.0,0.0,0.0
p13103,battery,0.0,0.0,0.0,0.0,0.0
p13103,biomass,0.0,0.0,0.0,0.0,0.0
p13103,coal,0.0,0.0,0.0,0.0,0.0
p13103,gas,1444.0,1444.0,1444.0,1444.0,1444.0
p13103,geothermal,0.0,0.0,0.0,0.0,0.0
p13103,h2,0.0,0.0,0.0,0.0,0.0
p13103,hydro,0.0,0.0,0.0,0.0,0.0
p13103,nuclear,0.0,0.0,0.0,0.0,0.0
p13103,pumped-hydro,0.0,0.0,0.0,0.0,0.0
p13103,pv,0.0,0.0,0.0,0.0,0.0
p13103,wind-ofs,0.0,0.0,0.0,0.0,0.0
p13103,wind-ons,0.0,0.0,0.0,0.0,0.0
p13105,battery,0.0,0.0,0.0,0.0,0.0
p13105,biomass,0.0,0.0,0.0,0.0,0.0
p13105,coal,0.0,0.0,0.0,0.0,0.0
p13105,gas,0.0,0.0,0.0,0.0,0.0
p13105,geothermal,0.0,0.0,0.0,0.0,0.0
p13105,h2,0.0,0.0,0.0,0.0,0.0
p13105,hydro,0.0,0.0,0.0,0.0,0.0
p13105,nuclear,0.0,0.0,0.0,0.0,0.0
p13105,pumped-hydro,0.0,0.0,0.0,0.0,0.0
p13105,pv,150.0,150.0,150.0,150.0,150.0
p13105,wind-ofs,0.0,0.0,0.0,0.0,0.0
p13105,wind-ons,0.0,0.0,0.0,0.0,0.0
p13107,battery,378.0,378.0,378.0,378.0,378.0
p13107,biomass,0.0,0.0,0.0,0.0,0.0
p13107,coal,0.0,0.0,0.0,0.0,0.0
p13107,gas,0.0,0.0,0.0,0.0,0.0
p13107,geothermal,0.0,0.0,0.0,0.0,0.0
p13107,h2,0.0,0.0,0.0,0.0,0.0
p13107,hydro,0.0,0.0,0.0,0.0,0.0
p13107,nuclear,0.0,0.0,0.0,0.0,0.0
p13107,pumped-hydro,0.0,0.0,0.0,0.0,0.0
p13107,pv,917.0,917.0,917.0,917.0,917.0
p13107,wind-ofs,0.0,0.0,0.0,0.0,0.0
p13107,wind-ons,0.0,0.0,0.0,0.0,0.0
p13115,battery,72.5,72.5,72.5,72.5,72.5
p13115,biomass,0.0,0.0,0.0,0.0,0.0
p13115,coal,0.0,0.0,0.0,0.0,0.0
p13115,gas,0.0,0.0,0.0,0.0,0.0
p13115,geothermal,0.0,0.0,0.0,0.0,0.0
p13115,h2,0.0,0.0,0.0,0.0,0.0
p13115,hydro,0.0,0.0,0.0,0.0,0.0
p13115,nuclear,0.0,0.0,0.0,0.0,0.0
p13115,pumped-hydro,0.0,0.0,0.0,0.0,0.0
p13115,pv,325.0,325.0,325.0,325.0,325.0
p13115,wind-ofs,0.0,0.0,0.0,0.0,0.0
p13115,wind-ons,0.0,0.0,0.0,0.0,0.0
p13121,battery,900.0,900.0,900.0,900.0,900.0
p13121,biomass,0.0,0.0,0.0,0.0,0.0
p13121,coal,0.0,0.0,0.0,0.0,0.0
p13121,gas,0.0,0.0,0.0,0.0,0.0
p13121,geothermal,0.0,0.0,0.0,0.0,0.0
p13121,h2,0.0,0.0,0.0,0.0,0.0
p13121,hydro,0.0,0.0,0.0,0.0,0.0
p13121,nuclear,0.0,0.0,0.0,0.0,0.0
p13121,pumped-hydro,0.0,0.0,0.0,0.0,0.0
p13121,pv,0.0,0.0,0.0,0.0,0.0
p13121,wind-ofs,0.0,0.0,0.0,0.0,0.0
p13121,wind-ons,0.0,0.0,0.0,0.0,0.0
p13125,battery,0.0,0.0,0.0,0.0,0.0
p13125,biomass,0.0,0.0,0.0,0.0,0.0
p13125,coal,0.0,0.0,0.0,0.0,0.0
p13125,gas,0.0,0.0,0.0,0.0,0.0
p13125,geothermal,0.0,0.0,0.0,0.0,0.0
p13125,h2,0.0,0.0,0.0,0.0,0.0
p13125,hydro,0.0,0.0,0.0,0.0,0.0
p13125,nuclear,0.0,0.0,0.0,0.0,0.0
p13125,pumped-hydro,0.0,0.0,0.0,0.0,0.0
p13125,pv,68.5,68.5,68.5,68.5,68.5
p13125,wind-ofs,0.0,0.0,0.0,0.0,0.0
p13125,wind-ons,0.0,0.0,0.0,0.0,0.0
p13127,battery,860.0,860.0,860.0,860.0,860.0
p13127,biomass,0.0,0.0,0.0,0.0,0.0
p13127,coal,0.0,0.0,0.0,0.0,0.0
p13127,gas,0.0,0.0,0.0,0.0,0.0
p13127,geothermal,0.0,0.0,0.0,0.0,0.0
p13127,h2,0.0,0.0,0.0,0.0,0.0
p13127,hydro,0.0,0.0,0.0,0.0,0.0
p13127,nuclear,0.0,0.0,0.0,0.0,0.0
p13127,pumped-hydro,0.0,0.0,0.0,0.0,0.0
p13127,pv,2800.0,2800.0,2800.0,2800.0,2800.0
p13127,wind-ofs,0.0,0.0,0.0,0.0,0.0
p13127,wind-ons,0.0,0.0,0.0,0.0,0.0
p13131,battery,0.0,0.0,0.0,0.0,0.0
p13131,biomass,0.0,0.0,0.0,0.0,0.0
p13131,coal,0.0,0.0,0.0,0.0,0.0
p13131,gas,0.0,0.0,0.0,0.0,0.0
p13131,geothermal,0.0,0.0,0.0,0.0,0.0
p13131,h2,0.0,0.0,0.0,0.0,0.0
p13131,hydro,0.0,0.0,0.0,0.0,0.0
p13131,nuclear,0.0,0.0,0.0,0.0,0.0
p13131,pumped-hydro,0.0,0.0,0.0,0.0,0.0
p13131,pv,150.0,150.0,150.0,150.0,150.0
p13131,wind-ofs,0.0,0.0,0.0,0.0,0.0
p13131,wind-ons,0.0,0.0,0.0,0.0,0.0
p13139,battery,250.0,250.0,250.0,250.0,250.0
p13139,biomass,0.0,0.0,0.0,0.0,0.0
p13139,coal,0.0,0.0,0.0,0.0,0.0
p13139,gas,0.0,0.0,0.0,0.0,0.0
p13139,geothermal,0.0,0.0,0.0,0.0,0.0
p13139,h2,0.0,0.0,0.0,0.0,0.0
p13139,hydro,0.0,0.0,0.0,0.0,0.0
p13139,nuclear,0.0,0.0,0.0,0.0,0.0
p13139,pumped-hydro,0.0,0.0,0.0,0.0,0.0
p13139,pv,0.0,0.0,0.0,0.0,0.0
p13139,wind-ofs,0.0,0.0,0.0,0.0,0.0
p13139,wind-ons,0.0,0.0,0.0,0.0,0.0
p13149,battery,500.0,500.0,500.0,500.0,500.0
p13149,biomass,0.0,0.0,0.0,0.0,0.0
p13149,coal,0.0,0.0,0.0,0.0,0.0
p13149,gas,3449.0,3449.0,3449.0,3449.0,3449.0
p13149,geothermal,0.0,0.0,0.0,0.0,0.0
p13149,h2,0.0,0.0,0.0,0.0,0.0
p13149,hydro,0.0,0.0,0.0,0.0,0.0
p13149,nuclear,0.0,0.0,0.0,0.0,0.0
p13149,pumped-hydro,0.0,0.0,0.0,0.0,0.0
p13149,pv,100.0,100.0,100.0,100.0,100.0
p13149,wind-ofs,0.0,0.0,0.0,0.0,0.0
p13149,wind-ons,0.0,0.0,0.0,0.0,0.0
p13153,battery,128.0,128.0,128.0,128.0,128.0
p13153,biomass,0.0,0.0,0.0,0.0,0.0
p13153,coal,0.0,0.0,0.0,0.0,0.0
p13153,gas,0.0,0.0,0.0,0.0,0.0
p13153,geothermal,0.0,0.0,0.0,0.0,0.0
p13153,h2,0.0,0.0,0.0,0.0,0.0
p13153,hydro,0.0,0.0,0.0,0.0,0.0
p13153,nuclear,0.0,0.0,0.0,0.0,0.0
p13153,pumped-hydro,0.0,0.0,0.0,0.0,0.0
p13153,pv,408.0,408.0,408.0,408.0,408.0
p13153,wind-ofs,0.0,0.0,0.0,0.0,0.0
p13153,wind-ons,0.0,0.0,0.0,0.0,0.0
p13155,battery,100.0,100.0,100.0,100.0,100.0
p13155,biomass,0.0,0.0,0.0,0.0,0.0
p13155,coal,0.0,0.0,0.0,0.0,0.0
p13155,gas,0.0,0.0,0.0,0.0,0.0
p13155,geothermal,0.0,0.0,0.0,0.0,0.0
p13155,h2,0.0,0.0,0.0,0.0,0.0
p13155,hydro,0.0,0.0,0.0,0.0,0.0
p13155,nuclear,0.0,0.0,0.0,0.0,0.0
p13155,pumped-hydro,0.0,0.0,0.0,0.0,0.0
p13155,pv,550.0,550.0,550.0,550.0,550.0
p13155,wind-ofs,0.0,0.0,0.0,0.0,0.0
p13155,wind-ons,0.0,0.0,0.0,0.0,0.0
p13159,battery,0.0,0.0,0.0,0.0,0.0
p13159,biomass,0.0,0.0,0.0,0.0,0.0
p13159,coal,0.0,0.0,0.0,0.0,0.0
p13159,gas,0.0,0.0,0.0,0.0,0.0
p13159,geothermal,0.0,0.0,0.0,0.0,0.0
p13159,h2,0.0,0.0,0.0,0.0,0.0
p13159,hydro,0.0,0.0,0.0,0.0,0.0
p13159,nuclear,0.0,0.0,0.0,0.0,0.0
p13159,pumped-hydro,0.0,0.0,0.0,0.0,0.0
p13159,pv,500.0,500.0,500.0,500.0,500.0
p13159,wind-ofs,0.0,0.0,0.0,0.0,0.0
p13159,wind-ons,0.0,0.0,0.0,0.0,0.0
p13161,battery,0.0,0.0,0.0,0.0,0.0
p13161,biomass,0.0,0.0,0.0,0.0,0.0
p13161,coal,0.0,0.0,0.0,0.0,0.0
p13161,gas,0.0,0.0,0.0,0.0,0.0
p13161,geothermal,0.0,0.0,0.0,0.0,0.0
p13161,h2,0.0,0.0,0.0,0.0,0.0
p13161,hydro,0.0,0.0,0.0,0.0,0.0
p13161,nuclear,0.0,0.0,0.0,0.0,0.0
p13161,pumped-hydro,0.0,0.0,0.0,0.0,0.0
p13161,pv,230.0,230.0,230.0,230.0,230.0
p13161,wind-ofs,0.0,0.0,0.0,0.0,0.0
p13161,wind-ons,0.0,0.0,0.0,0.0,0.0
p13163,battery,0.0,0.0,0.0,0.0,0.0
p13163,biomass,0.0,0.0,0.0,0.0,0.0
p13163,coal,0.0,0.0,0.0,0.0,0.0
p13163,gas,0.0,0.0,0.0,0.0,0.0
p13163,geothermal,0.0,0.0,0.0,0.0,0.0
p13163,h2,0.0,0.0,0.0,0.0,0.0
p13163,hydro,0.0,0.0,0.0,0.0,0.0
p13163,nuclear,0.0,0.0,0.0,0.0,0.0
p13163,pumped-hydro,0.0,0.0,0.0,0.0,0.0
p13163,pv,941.5,941.5,941.5,941.5,941.5
p13163,wind-ofs,0.0,0.0,0.0,0.0,0.0
p13163,wind-ons,0.0,0.0,0.0,0.0,0.0
p13167,battery,80.0,80.0,80.0,80.0,80.0
p13167,biomass,0.0,0.0,0.0,0.0,0.0
p13167,coal,0.0,0.0,0.0,0.0,0.0
p13167,gas,0.0,0.0,0.0,0.0,0.0
p13167,geothermal,0.0,0.0,0.0,0.0,0.0
p13167,h2,0.0,0.0,0.0,0.0,0.0
p13167,hydro,0.0,0.0,0.0,0.0,0.0
p13167,nuclear,0.0,0.0,0.0,0.0,0.0
p13167,pumped-hydro,0.0,0.0,0.0,0.0,0.0
p13167,pv,300.0,300.0,300.0,300.0,300.0
p13167,wind-ofs,0.0,0.0,0.0,0.0,0.0
p13167,wind-ons,0.0,0.0,0.0,0.0,0.0
p13175,battery,200.0,200.0,200.0,200.0,200.0
p13175,biomass,0.0,0.0,0.0,0.0,0.0
p13175,coal,0.0,0.0,0.0,0.0,0.0
p13175,gas,0.0,0.0,0.0,0.0,0.0
p13175,geothermal,0.0,0.0,0.0,0.0,0.0
p13175,h2,0.0,0.0,0.0,0.0,0.0
p13175,hydro,0.0,0.0,0.0,0.0,0.0
p13175,nuclear,0.0,0.0,0.0,0.0,0.0
p13175,pumped-hydro,0.0,0.0,0.0,0.0,0.0
p13175,pv,1015.0,1015.0,1015.0,1015.0,1015.0
p13175,wind-ofs,0.0,0.0,0.0,0.0,0.0
p13175,wind-ons,0.0,0.0,0.0,0.0,0.0
p13177,battery,100.0,100.0,100.0,100.0,100.0
p13177,biomass,0.0,0.0,0.0,0.0,0.0
p13177,coal,0.0,0.0,0.0,0.0,0.0
p13177,gas,0.0,0.0,0.0,0.0,0.0
p13177,geothermal,0.0,0.0,0.0,0.0,0.0
p13177,h2,0.0,0.0,0.0,0.0,0.0
p13177,hydro,0.0,0.0,0.0,0.0,0.0
p13177,nuclear,0.0,0.0,0.0,0.0,0.0
p13177,pumped-hydro,0.0,0.0,0.0,0.0,0.0
p13177,pv,525.0,525.0,525.0,525.0,525.0
p13177,wind-ofs,0.0,0.0,0.0,0.0,0.0
p13177,wind-ons,0.0,0.0,0.0,0.0,0.0
p13179,battery,208.0,208.0,208.0,208.0,208.0
p13179,biomass,0.0,0.0,0.0,0.0,0.0
p13179,coal,0.0,0.0,0.0,0.0,0.0
p13179,gas,0.0,0.0,0.0,0.0,0.0
p13179,geothermal,0.0,0.0,0.0,0.0,0.0
p13179,h2,0.0,0.0,0.0,0.0,0.0
p13179,hydro,0.0,0.0,0.0,0.0,0.0
p13179,nuclear,0.0,0.0,0.0,0.0,0.0
p13179,pumped-hydro,0.0,0.0,0.0,0.0,0.0
p13179,pv,386.0,386.0,386.0,386.0,386.0
p13179,wind-ofs,0.0,0.0,0.0,0.0,0.0
p13179,wind-ons,0.0,0.0,0.0,0.0,0.0
p13181,battery,0.0,0.0,0.0,0.0,0.0
p13181,biomass,0.0,0.0,0.0,0.0,0.0
p13181,coal,0.0,0.0,0.0,0.0,0.0
p13181,gas,0.0,0.0,0.0,0.0,0.0
p13181,geothermal,0.0,0.0,0.0,0.0,0.0
p13181,h2,0.0,0.0,0.0,0.0,0.0
p13181,hydro,0.0,0.0,0.0,0.0,0.0
p13181,nuclear,0.0,0.0,0.0,0.0,0.0
p13181,pumped-hydro,0.0,0.0,0.0,0.0,0.0
p13181,pv,105.0,105.0,105.0,105.0,105.0
p13181,wind-ofs,0.0,0.0,0.0,0.0,0.0
p13181,wind-ons,0.0,0.0,0.0,0.0,0.0
p13185,battery,49.5,49.5,49.5,49.5,49.5
p13185,biomass,0.0,0.0,0.0,0.0,0.0
p13185,coal,0.0,0.0,0.0,0.0,0.0
p13185,gas,0.0,0.0,0.0,0.0,0.0
p13185,geothermal,0.0,0.0,0.0,0.0,0.0
p13185,h2,0.0,0.0,0.0,0.0,0.0
p13185,hydro,0.0,0.0,0.0,0.0,0.0
p13185,nuclear,0.0,0.0,0.0,0.0,0.0
p13185,pumped-hydro,0.0,0.0,0.0,0.0,0.0
p13185,pv,49.5,49.5,49.5,49.5,49.5
p13185,wind-ofs,0.0,0.0,0.0,0.0,0.0
p13185,wind-ons,0.0,0.0,0.0,0.0,0.0
p13189,battery,0.0,0.0,0.0,0.0,0.0
p13189,biomass,0.0,0.0,0.0,0.0,0.0
p13189,coal,0.0,0.0,0.0,0.0,0.0
p13189,gas,0.0,0.0,0.0,0.0,0.0
p13189,geothermal,0.0,0.0,0.0,0.0,0.0
p13189,h2,0.0,0.0,0.0,0.0,0.0
p13189,hydro,0.0,0.0,0.0,0.0,0.0
p13189,nuclear,0.0,0.0,0.0,0.0,0.0
p13189,pumped-hydro,0.0,0.0,0.0,0.0,0.0
p13189,pv,500.0,500.0,500.0,500.0,500.0
p13189,wind-ofs,0.0,0.0,0.0,0.0,0.0
p13189,wind-ons,0.0,0.0,0.0,0.0,0.0
p13193,battery,0.0,0.0,0.0,0.0,0.0
p13193,biomass,0.0,0.0,0.0,0.0,0.0
p13193,coal,0.0,0.0,0.0,0.0,0.0
p13193,gas,0.0,0.0,0.0,0.0,0.0
p13193,geothermal,0.0,0.0,0.0,0.0,0.0
p13193,h2,0.0,0.0,0.0,0.0,0.0
p13193,hydro,0.0,0.0,0.0,0.0,0.0
p13193,nuclear,0.0,0.0,0.0,0.0,0.0
p13193,pumped-hydro,0.0,0.0,0.0,0.0,0.0
p13193,pv,450.0,450.0,450.0,450.0,450.0
p13193,wind-ofs,0.0,0.0,0.0,0.0,0.0
p13193,wind-ons,0.0,0.0,0.0,0.0,0.0
p13199,battery,0.0,0.0,0.0,0.0,0.0
p13199,biomass,0.0,0.0,0.0,0.0,0.0
p13199,coal,0.0,0.0,0.0,0.0,0.0
p13199,gas,0.0,0.0,0.0,0.0,0.0
p13199,geothermal,0.0,0.0,0.0,0.0,0.0
p13199,h2,0.0,0.0,0.0,0.0,0.0
p13199,hydro,0.0,0.0,0.0,0.0,0.0
p13199,nuclear,0.0,0.0,0.0,0.0,0.0
p13199,pumped-hydro,0.0,0.0,0.0,0.0,0.0
p13199,pv,125.0,125.0,125.0,125.0,125.0
p13199,wind-ofs,0.0,0.0,0.0,0.0,0.0
p13199,wind-ons,0.0,0.0,0.0,0.0,0.0
p13201,battery,0.0,0.0,0.0,0.0,0.0
p13201,biomass,0.0,0.0,0.0,0.0,0.0
p13201,coal,0.0,0.0,0.0,0.0,0.0
p13201,gas,0.0,0.0,0.0,0.0,0.0
p13201,geothermal,0.0,0.0,0.0,0.0,0.0
p13201,h2,0.0,0.0,0.0,0.0,0.0
p13201,hydro,0.0,0.0,0.0,0.0,0.0
p13201,nuclear,0.0,0.0,0.0,0.0,0.0
p13201,pumped-hydro,0.0,0.0,0.0,0.0,0.0
p13201,pv,345.0,345.0,345.0,345.0,345.0
p13201,wind-ofs,0.0,0.0,0.0,0.0,0.0
p13201,wind-ons,0.0,0.0,0.0,0.0,0.0
p13205,battery,180.0,180.0,180.0,180.0,180.0
p13205,biomass,0.0,0.0,0.0,0.0,0.0
p13205,coal,0.0,0.0,0.0,0.0,0.0
p13205,gas,780.0,780.0,780.0,780.0,780.0
p13205,geothermal,0.0,0.0,0.0,0.0,0.0
p13205,h2,0.0,0.0,0.0,0.0,0.0
p13205,hydro,0.0,0.0,0.0,0.0,0.0
p13205,nuclear,0.0,0.0,0.0,0.0,0.0
p13205,pumped-hydro,0.0,0.0,0.0,0.0,0.0
p13205,pv,1627.6,1627.6,1627.6,1627.6,1627.6
p13205,wind-ofs,0.0,0.0,0.0,0.0,0.0
p13205,wind-ons,0.0,0.0,0.0,0.0,0.0
p13207,battery,0.0,0.0,0.0,0.0,0.0
p13207,biomass,0.0,0.0,0.0,0.0,0.0
p13207,coal,0.0,0.0,0.0,0.0,0.0
p13207,gas,2000.0,2000.0,2000.0,2000.0,2000.0
p13207,geothermal,0.0,0.0,0.0,0.0,0.0
p13207,h2,0.0,0.0,0.0,0.0,0.0
p13207,hydro,0.0,0.0,0.0,0.0,0.0
p13207,nuclear,0.0,0.0,0.0,0.0,0.0
p13207,pumped-hydro,0.0,0.0,0.0,0.0,0.0
p13207,pv,500.0,500.0,500.0,500.0,500.0
p13207,wind-ofs,0.0,0.0,0.0,0.0,0.0
p13207,wind-ons,0.0,0.0,0.0,0.0,0.0
p13221,battery,360.0,360.0,360.0,360.0,360.0
p13221,biomass,0.0,0.0,0.0,0.0,0.0
p13221,coal,0.0,0.0,0.0,0.0,0.0
p13221,gas,0.0,0.0,0.0,0.0,0.0
p13221,geothermal,0.0,0.0,0.0,0.0,0.0
p13221,h2,0.0,0.0,0.0,0.0,0.0
p13221,hydro,0.0,0.0,0.0,0.0,0.0
p13221,nuclear,0.0,0.0,0.0,0.0,0.0
p13221,pumped-hydro,0.0,0.0,0.0,0.0,0.0
p13221,pv,798.0,798.0,798.0,798.0,798.0
p13221,wind-ofs,0.0,0.0,0.0,0.0,0.0
p13221,wind-ons,0.0,0.0,0.0,0.0,0.0
p13223,battery,200.0,200.0,200.0,200.0,200.0
p13223,biomass,0.0,0.0,0.0,0.0,0.0
p13223,coal,0.0,0.0,0.0,0.0,0.0
p13223,gas,0.0,0.0,0.0,0.0,0.0
p13223,geothermal,0.0,0.0,0.0,0.0,0.0
p13223,h2,0.0,0.0,0.0,0.0,0.0
p13223,hydro,0.0,0.0,0.0,0.0,0.0
p13223,nuclear,0.0,0.0,0.0,0.0,0.0
p13223,pumped-hydro,0.0,0.0,0.0,0.0,0.0
p13223,pv,0.0,0.0,0.0,0.0,0.0
p13223,wind-ofs,0.0,0.0,0.0,0.0,0.0
p13223,wind-ons,0.0,0.0,0.0,0.0,0.0
p13225,battery,0.0,0.0,0.0,0.0,0.0
p13225,biomass,0.0,0.0,0.0,0.0,0.0
p13225,coal,0.0,0.0,0.0,0.0,0.0
p13225,gas,0.0,0.0,0.0,0.0,0.0
p13225,geothermal,0.0,0.0,0.0,0.0,0.0
p13225,h2,0.0,0.0,0.0,0.0,0.0
p13225,hydro,0.0,0.0,0.0,0.0,0.0
p13225,nuclear,0.0,0.0,0.0,0.0,0.0
p13225,pumped-hydro,0.0,0.0,0.0,0.0,0.0
p13225,pv,57.0,57.0,57.0,57.0,57.0
p13225,wind-ofs,0.0,0.0,0.0,0.0,0.0
p13225,wind-ons,0.0,0.0,0.0,0.0,0.0
p13229,battery,0.0,0.0,0.0,0.0,0.0
p13229,biomass,0.0,0.0,0.0,0.0,0.0
p13229,coal,0.0,0.0,0.0,0.0,0.0
p13229,gas,0.0,0.0,0.0,0.0,0.0
p13229,geothermal,0.0,0.0,0.0,0.0,0.0
p13229,h2,0.0,0.0,0.0,0.0,0.0
p13229,hydro,0.0,0.0,0.0,0.0,0.0
p13229,nuclear,0.0,0.0,0.0,0.0,0.0
p13229,pumped-hydro,0.0,0.0,0.0,0.0,0.0
p13229,pv,235.0,235.0,235.0,235.0,235.0
p13229,wind-ofs,0.0,0.0,0.0,0.0,0.0
p13229,wind-ons,0.0,0.0,0.0,0.0,0.0
p13233,battery,150.0,150.0,150.0,150.0,150.0
p13233,biomass,0.0,0.0,0.0,0.0,0.0
p13233,coal,0.0,0.0,0.0,0.0,0.0
p13233,gas,0.0,0.0,0.0,0.0,0.0
p13233,geothermal,0.0,0.0,0.0,0.0,0.0
p13233,h2,0.0,0.0,0.0,0.0,0.0
p13233,hydro,0.0,0.0,0.0,0.0,0.0
p13233,nuclear,0.0,0.0,0.0,0.0,0.0
p13233,pumped-hydro,0.0,0.0,0.0,0.0,0.0
p13233,pv,0.0,0.0,0.0,0.0,0.0
p13233,wind-ofs,0.0,0.0,0.0,0.0,0.0
p13233,wind-ons,0.0,0.0,0.0,0.0,0.0
p13235,battery,210.0,210.0,210.0,210.0,210.0
p13235,biomass,0.0,0.0,0.0,0.0,0.0
p13235,coal,0.0,0.0,0.0,0.0,0.0
p13235,gas,0.0,0.0,0.0,0.0,0.0
p13235,geothermal,0.0,0.0,0.0,0.0,0.0
p13235,h2,0.0,0.0,0.0,0.0,0.0
p13235,hydro,0.0,0.0,0.0,0.0,0.0
p13235,nuclear,0.0,0.0,0.0,0.0,0.0
p13235,pumped-hydro,0.0,0.0,0.0,0.0,0.0
p13235,pv,450.0,450.0,450.0,450.0,450.0
p13235,wind-ofs,0.0,0.0,0.0,0.0,0.0
p13235,wind-ons,0.0,0.0,0.0,0.0,0.0
p13237,battery,300.0,300.0,300.0,300.0,300.0
p13237,biomass,0.0,0.0,0.0,0.0,0.0
p13237,coal,0.0,0.0,0.0,0.0,0.0
p13237,gas,0.0,0.0,0.0,0.0,0.0
p13237,geothermal,0.0,0.0,0.0,0.0,0.0
p13237,h2,0.0,0.0,0.0,0.0,0.0
p13237,hydro,0.0,0.0,0.0,0.0,0.0
p13237,nuclear,0.0,0.0,0.0,0.0,0.0
p13237,pumped-hydro,0.0,0.0,0.0,0.0,0.0
p13237,pv,0.0,0.0,0.0,0.0,0.0
p13237,wind-ofs,0.0,0.0,0.0,0.0,0.0
p13237,wind-ons,0.0,0.0,0.0,0.0,0.0
p13243,battery,0.0,0.0,0.0,0.0,0.0
p13243,biomass,0.0,0.0,0.0,0.0,0.0
p13243,coal,0.0,0.0,0.0,0.0,0.0
p13243,gas,0.0,0.0,0.0,0.0,0.0
p13243,geothermal,0.0,0.0,0.0,0.0,0.0
p13243,h2,0.0,0.0,0.0,0.0,0.0
p13243,hydro,0.0,0.0,0.0,0.0,0.0
p13243,nuclear,0.0,0.0,0.0,0.0,0.0
p13243,pumped-hydro,0.0,0.0,0.0,0.0,0.0
p13243,pv,100.0,100.0,100.0,100.0,100.0
p13243,wind-ofs,0.0,0.0,0.0,0.0,0.0
p13243,wind-ons,0.0,0.0,0.0,0.0,0.0
p13247,battery,200.0,200.0,200.0,200.0,200.0
p13247,biomass,0.0,0.0,0.0,0.0,0.0
p13247,coal,0.0,0.0,0.0,0.0,0.0
p13247,gas,0.0,0.0,0.0,0.0,0.0
p13247,geothermal,0.0,0.0,0.0,0.0,0.0
p13247,h2,0.0,0.0,0.0,0.0,0.0
p13247,hydro,0.0,0.0,0.0,0.0,0.0
p13247,nuclear,0.0,0.0,0.0,0.0,0.0
p13247,pumped-hydro,0.0,0.0,0.0,0.0,0.0
p13247,pv,0.0,0.0,0.0,0.0,0.0
p13247,wind-ofs,0.0,0.0,0.0,0.0,0.0
p13247,wind-ons,0.0,0.0,0.0,0.0,0.0
p13261,battery,0.0,0.0,0.0,0.0,0.0
p13261,biomass,0.0,0.0,0.0,0.0,0.0
p13261,coal,0.0,0.0,0.0,0.0,0.0
p13261,gas,0.0,0.0,0.0,0.0,0.0
p13261,geothermal,0.0,0.0,0.0,0.0,0.0
p13261,h2,0.0,0.0,0.0,0.0,0.0
p13261,hydro,0.0,0.0,0.0,0.0,0.0
p13261,nuclear,0.0,0.0,0.0,0.0,0.0
p13261,pumped-hydro,0.0,0.0,0.0,0.0,0.0
p13261,pv,4360.0,4360.0,4360.0,4360.0,4360.0
p13261,wind-ofs,0.0,0.0,0.0,0.0,0.0
p13261,wind-ons,0.0,0.0,0.0,0.0,0.0
p13263,battery,130.0,130.0,130.0,130.0,130.0
p13263,biomass,0.0,0.0,0.0,0.0,0.0
p13263,coal,0.0,0.0,0.0,0.0,0.0
p13263,gas,250.0,250.0,250.0,250.0,250.0
p13263,geothermal,0.0,0.0,0.0,0.0,0.0
p13263,h2,0.0,0.0,0.0,0.0,0.0
p13263,hydro,0.0,0.0,0.0,0.0,0.0
p13263,nuclear,0.0,0.0,0.0,0.0,0.0
p13263,pumped-hydro,0.0,0.0,0.0,0.0,0.0
p13263,pv,303.0,303.0,303.0,303.0,303.0
p13263,wind-ofs,0.0,0.0,0.0,0.0,0.0
p13263,wind-ons,0.0,0.0,0.0,0.0,0.0
p13265,battery,0.0,0.0,0.0,0.0,0.0
p13265,biomass,0.0,0.0,0.0,0.0,0.0
p13265,coal,0.0,0.0,0.0,0.0,0.0
p13265,gas,0.0,0.0,0.0,0.0,0.0
p13265,geothermal,0.0,0.0,0.0,0.0,0.0
p13265,h2,0.0,0.0,0.0,0.0,0.0
p13265,hydro,0.0,0.0,0.0,0.0,0.0
p13265,nuclear,0.0,0.0,0.0,0.0,0.0
p13265,pumped-hydro,0.0,0.0,0.0,0.0,0.0
p13265,pv,150.0,150.0,150.0,150.0,150.0
p13265,wind-ofs,0.0,0.0,0.0,0.0,0.0
p13265,wind-ons,0.0,0.0,0.0,0.0,0.0
p13267,battery,0.0,0.0,0.0,0.0,0.0
p13267,biomass,0.0,0.0,0.0,0.0,0.0
p13267,coal,0.0,0.0,0.0,0.0,0.0
p13267,gas,0.0,0.0,0.0,0.0,0.0
p13267,geothermal,0.0,0.0,0.0,0.0,0.0
p13267,h2,0.0,0.0,0.0,0.0,0.0
p13267,hydro,0.0,0.0,0.0,0.0,0.0
p13267,nuclear,0.0,0.0,0.0,0.0,0.0
p13267,pumped-hydro,0.0,0.0,0.0,0.0,0.0
p13267,pv,160.0,160.0,160.0,160.0,160.0
p13267,wind-ofs,0.0,0.0,0.0,0.0,0.0
p13267,wind-ons,0.0,0.0,0.0,0.0,0.0
p13269,battery,200.0,200.0,200.0,200.0,200.0
p13269,biomass,0.0,0.0,0.0,0.0,0.0
p13269,coal,0.0,0.0,0.0,0.0,0.0
p13269,gas,0.0,0.0,0.0,0.0,0.0
p13269,geothermal,0.0,0.0,0.0,0.0,0.0
p13269,h2,0.0,0.0,0.0,0.0,0.0
p13269,hydro,0.0,0.0,0.0,0.0,0.0
p13269,nuclear,0.0,0.0,0.0,0.0,0.0
p13269,pumped-hydro,0.0,0.0,0.0,0.0,0.0
p13269,pv,800.0,800.0,800.0,800.0,800.0
p13269,wind-ofs,0.0,0.0,0.0,0.0,0.0
p13269,wind-ons,0.0,0.0,0.0,0.0,0.0
p13273,battery,0.0,0.0,0.0,0.0,0.0
p13273,biomass,0.0,0.0,0.0,0.0,0.0
p13273,coal,0.0,0.0,0.0,0.0,0.0
p13273,gas,0.0,0.0,0.0,0.0,0.0
p13273,geothermal,0.0,0.0,0.0,0.0,0.0
p13273,h2,0.0,0.0,0.0,0.0,0.0
p13273,hydro,0.0,0.0,0.0,0.0,0.0
p13273,nuclear,0.0,0.0,0.0,0.0,0.0
p13273,pumped-hydro,0.0,0.0,0.0,0.0,0.0
p13273,pv,300.0,300.0,300.0,300.0,300.0
p13273,wind-ofs,0.0,0.0,0.0,0.0,0.0
p13273,wind-ons,0.0,0.0,0.0,0.0,0.0
p13279,battery,100.0,100.0,100.0,100.0,100.0
p13279,biomass,0.0,0.0,0.0,0.0,0.0
p13279,coal,0.0,0.0,0.0,0.0,0.0
p13279,gas,0.0,0.0,0.0,0.0,0.0
p13279,geothermal,0.0,0.0,0.0,0.0,0.0
p13279,h2,0.0,0.0,0.0,0.0,0.0
p13279,hydro,0.0,0.0,0.0,0.0,0.0
p13279,nuclear,0.0,0.0,0.0,0.0,0.0
p13279,pumped-hydro,0.0,0.0,0.0,0.0,0.0
p13279,pv,900.0,900.0,900.0,900.0,900.0
p13279,wind-ofs,0.0,0.0,0.0,0.0,0.0
p13279,wind-ons,0.0,0.0,0.0,0.0,0.0
p13283,battery,55.25,55.25,55.25,55.25,55.25
p13283,biomass,0.0,0.0,0.0,0.0,0.0
p13283,coal,0.0,0.0,0.0,0.0,0.0
p13283,gas,0.0,0.0,0.0,0.0,0.0
p13283,geothermal,0.0,0.0,0.0,0.0,0.0
p13283,h2,0.0,0.0,0.0,0.0,0.0
p13283,hydro,0.0,0.0,0.0,0.0,0.0
p13283,nuclear,0.0,0.0,0.0,0.0,0.0
p13283,pumped-hydro,0.0,0.0,0.0,0.0,0.0
p13283,pv,221.0,221.0,221.0,221.0,221.0
p13283,wind-ofs,0.0,0.0,0.0,0.0,0.0
p13283,wind-ons,0.0,0.0,0.0,0.0,0.0
p13285,battery,0.0,0.0,0.0,0.0,0.0
p13285,biomass,0.0,0.0,0.0,0.0,0.0
p13285,coal,0.0,0.0,0.0,0.0,0.0
p13285,gas,0.0,0.0,0.0,0.0,0.0
p13285,geothermal,0.0,0.0,0.0,0.0,0.0
p13285,h2,0.0,0.0,0.0,0.0,0.0
p13285,hydro,0.0,0.0,0.0,0.0,0.0
p13285,nuclear,0.0,0.0,0.0,0.0,0.0
p13285,pumped-hydro,0.0,0.0,0.0,0.0,0.0
p13285,pv,80.0,80.0,80.0,80.0,80.0
p13285,wind-ofs,0.0,0.0,0.0,0.0,0.0
p13285,wind-ons,0.0,0.0,0.0,0.0,0.0
p13287,battery,115.25,115.25,115.25,115.25,115.25
p13287,biomass,0.0,0.0,0.0,0.0,0.0
p13287,coal,0.0,0.0,0.0,0.0,0.0
p13287,gas,0.0,0.0,0.0,0.0,0.0
p13287,geothermal,0.0,0.0,0.0,0.0,0.0
p13287,h2,0.0,0.0,0.0,0.0,0.0
p13287,hydro,0.0,0.0,0.0,0.0,0.0
p13287,nuclear,0.0,0.0,0.0,0.0,0.0
p13287,pumped-hydro,0.0,0.0,0.0,0.0,0.0
p13287,pv,981.0,981.0,981.0,981.0,981.0
p13287,wind-ofs,0.0,0.0,0.0,0.0,0.0
p13287,wind-ons,0.0,0.0,0.0,0.0,0.0
p13289,battery,0.0,0.0,0.0,0.0,0.0
p13289,biomass,0.0,0.0,0.0,0.0,0.0
p13289,coal,0.0,0.0,0.0,0.0,0.0
p13289,gas,0.0,0.0,0.0,0.0,0.0
p13289,geothermal,0.0,0.0,0.0,0.0,0.0
p13289,h2,0.0,0.0,0.0,0.0,0.0
p13289,hydro,0.0,0.0,0.0,0.0,0.0
p13289,nuclear,0.0,0.0,0.0,0.0,0.0
p13289,pumped-hydro,0.0,0.0,0.0,0.0,0.0
p13289,pv,150.0,150.0,150.0,150.0,150.0
p13289,wind-ofs,0.0,0.0,0.0,0.0,0.0
p13289,wind-ons,0.0,0.0,0.0,0.0,0.0
p13299,battery,0.0,0.0,0.0,0.0,0.0
p13299,biomass,0.0,0.0,0.0,0.0,0.0
p13299,coal,0.0,0.0,0.0,0.0,0.0
p13299,gas,0.0,0.0,0.0,0.0,0.0
p13299,geothermal,0.0,0.0,0.0,0.0,0.0
p13299,h2,0.0,0.0,0.0,0.0,0.0
p13299,hydro,0.0,0.0,0.0,0.0,0.0
p13299,nuclear,0.0,0.0,0.0,0.0,0.0
p13299,pumped-hydro,0.0,0.0,0.0,0.0,0.0
p13299,pv,200.0,200.0,200.0,200.0,200.0
p13299,wind-ofs,0.0,0.0,0.0,0.0,0.0
p13299,wind-ons,0.0,0.0,0.0,0.0,0.0
p13301,battery,60.0,60.0,60.0,60.0,60.0
p13301,biomass,0.0,0.0,0.0,0.0,0.0
p13301,coal,0.0,0.0,0.0,0.0,0.0
p13301,gas,0.0,0.0,0.0,0.0,0.0
p13301,geothermal,0.0,0.0,0.0,0.0,0.0
p13301,h2,0.0,0.0,0.0,0.0,0.0
p13301,hydro,0.0,0.0,0.0,0.0,0.0
p13301,nuclear,0.0,0.0,0.0,0.0,0.0
p13301,pumped-hydro,0.0,0.0,0.0,0.0,0.0
p13301,pv,570.0,570.0,570.0,570.0,570.0
p13301,wind-ofs,0.0,0.0,0.0,0.0,0.0
p13301,wind-ons,0.0,0.0,0.0,0.0,0.0
p13303,battery,0.0,0.0,0.0,0.0,0.0
p13303,biomass,0.0,0.0,0.0,0.0,0.0
p13303,coal,0.0,0.0,0.0,0.0,0.0
p13303,gas,0.0,0.0,0.0,0.0,0.0
p13303,geothermal,0.0,0.0,0.0,0.0,0.0
p13303,h2,0.0,0.0,0.0,0.0,0.0
p13303,hydro,0.0,0.0,0.0,0.0,0.0
p13303,nuclear,0.0,0.0,0.0,0.0,0.0
p13303,pumped-hydro,0.0,0.0,0.0,0.0,0.0
p13303,pv,895.0,895.0,895.0,895.0,895.0
p13303,wind-ofs,0.0,0.0,0.0,0.0,0.0
p13303,wind-ons,0.0,0.0,0.0,0.0,0.0
p13305,battery,0.0,0.0,0.0,0.0,0.0
p13305,biomass,0.0,0.0,0.0,0.0,0.0
p13305,coal,0.0,0.0,0.0,0.0,0.0
p13305,gas,0.0,0.0,0.0,0.0,0.0
p13305,geothermal,0.0,0.0,0.0,0.0,0.0
p13305,h2,0.0,0.0,0.0,0.0,0.0
p13305,hydro,0.0,0.0,0.0,0.0,0.0
p13305,nuclear,0.0,0.0,0.0,0.0,0.0
p13305,pumped-hydro,0.0,0.0,0.0,0.0,0.0
p13305,pv,0.0,0.0,0.0,0.0,0.0
p13305,wind-ofs,0.0,0.0,0.0,0.0,0.0
p13305,wind-ons,0.0,0.0,0.0,0.0,0.0
p13309,battery,0.0,0.0,0.0,0.0,0.0
p13309,biomass,0.0,0.0,0.0,0.0,0.0
p13309,coal,0.0,0.0,0.0,0.0,0.0
p13309,gas,0.0,0.0,0.0,0.0,0.0
p13309,geothermal,0.0,0.0,0.0,0.0,0.0
p13309,h2,0.0,0.0,0.0,0.0,0.0
p13309,hydro,0.0,0.0,0.0,0.0,0.0
p13309,nuclear,0.0,0.0,0.0,0.0,0.0
p13309,pumped-hydro,0.0,0.0,0.0,0.0,0.0
p13309,pv,160.0,160.0,160.0,160.0,160.0
p13309,wind-ofs,0.0,0.0,0.0,0.0,0.0
p13309,wind-ons,0.0,0.0,0.0,0.0,0.0
p13315,battery,0.0,0.0,0.0,0.0,0.0
p13315,biomass,0.0,0.0,0.0,0.0,0.0
p13315,coal,0.0,0.0,0.0,0.0,0.0
p13315,gas,0.0,0.0,0.0,0.0,0.0
p13315,geothermal,0.0,0.0,0.0,0.0,0.0
p13315,h2,0.0,0.0,0.0,0.0,0.0
p13315,hydro,0.0,0.0,0.0,0.0,0.0
p13315,nuclear,0.0,0.0,0.0,0.0,0.0
p13315,pumped-hydro,0.0,0.0,0.0,0.0,0.0
p13315,pv,360.0,360.0,360.0,360.0,360.0
p13315,wind-ofs,0.0,0.0,0.0,0.0,0.0
p13315,wind-ons,0.0,0.0,0.0,0.0,0.0
p13319,battery,220.0,220.0,220.0,220.0,220.0
p13319,biomass,0.0,0.0,0.0,0.0,0.0
p13319,coal,0.0,0.0,0.0,0.0,0.0
p13319,gas,0.0,0.0,0.0,0.0,0.0
p13319,geothermal,0.0,0.0,0.0,0.0,0.0
p13319,h2,0.0,0.0,0.0,0.0,0.0
p13319,hydro,0.0,0.0,0.0,0.0,0.0
p13319,nuclear,0.0,0.0,0.0,0.0,0.0
p13319,pumped-hydro,0.0,0.0,0.0,0.0,0.0
p13319,pv,0.0,0.0,0.0,0.0,0.0
p13319,wind-ofs,0.0,0.0,0.0,0.0,0.0
p13319,wind-ons,0.0,0.0,0.0,0.0,0.0
p16001,battery,940.0,940.0,940.0,940.0,940.0
p16001,biomass,0.0,0.0,0.0,0.0,0.0
p16001,coal,0.0,0.0,0.0,0.0,0.0
p16001,gas,0.0,0.0,0.0,0.0,0.0
p16001,geothermal,0.0,0.0,0.0,0.0,0.0
p16001,h2,0.0,0.0,0.0,0.0,0.0
p16001,hydro,0.0,0.0,0.0,0.0,0.0
p16001,nuclear,0.0,0.0,0.0,0.0,0.0
p16001,pumped-hydro,0.0,0.0,0.0,0.0,0.0
p16001,pv,2850.0,2850.0,2850.0,2850.0,2850.0
p16001,wind-ofs,0.0,0.0,0.0,0.0,0.0
p16001,wind-ons,0.0,0.0,0.0,0.0,0.0
p16005,battery,0.0,0.0,0.0,0.0,0.0
p16005,biomass,0.0,0.0,0.0,0.0,0.0
p16005,coal,0.0,0.0,0.0,0.0,0.0
p16005,gas,0.0,0.0,0.0,0.0,0.0
p16005,geothermal,0.0,0.0,0.0,0.0,0.0
p16005,h2,0.0,0.0,0.0,0.0,0.0
p16005,hydro,1.8,1.8,1.8,1.8,1.8
p16005,nuclear,0.0,0.0,0.0,0.0,0.0
p16005,pumped-hydro,0.0,0.0,0.0,0.0,0.0
p16005,pv,600.0,600.0,600.0,600.0,600.0
p16005,wind-ofs,0.0,0.0,0.0,0.0,0.0
p16005,wind-ons,0.0,0.0,0.0,0.0,0.0
p16007,battery,0.0,0.0,0.0,0.0,0.0
p16007,biomass,0.0,0.0,0.0,0.0,0.0
p16007,coal,0.0,0.0,0.0,0.0,0.0
p16007,gas,0.0,0.0,0.0,0.0,0.0
p16007,geothermal,0.0,0.0,0.0,0.0,0.0
p16007,h2,0.0,0.0,0.0,0.0,0.0
p16007,hydro,0.0,0.0,0.0,0.0,0.0
p16007,nuclear,0.0,0.0,0.0,0.0,0.0
p16007,pumped-hydro,0.0,0.0,0.0,0.0,0.0
p16007,pv,650.0,650.0,650.0,650.0,650.0
p16007,wind-ofs,0.0,0.0,0.0,0.0,0.0
p16007,wind-ons,0.0,0.0,0.0,0.0,0.0
p16009,battery,0.0,0.0,0.0,0.0,0.0
p16009,biomass,0.0,0.0,0.0,0.0,0.0
p16009,coal,0.0,0.0,0.0,0.0,0.0
p16009,gas,0.0,0.0,0.0,0.0,0.0
p16009,geothermal,0.0,0.0,0.0,0.0,0.0
p16009,h2,0.0,0.0,0.0,0.0,0.0
p16009,hydro,0.0,0.0,0.0,0.0,0.0
p16009,nuclear,0.0,0.0,0.0,0.0,0.0
p16009,pumped-hydro,0.0,0.0,0.0,0.0,0.0
p16009,pv,100.0,100.0,100.0,100.0,100.0
p16009,wind-ofs,0.0,0.0,0.0,0.0,0.0
p16009,wind-ons,400.0,400.0,400.0,400.0,400.0
p16011,battery,0.0,0.0,0.0,0.0,0.0
p16011,biomass,0.0,0.0,0.0,0.0,0.0
p16011,coal,0.0,0.0,0.0,0.0,0.0
p16011,gas,0.0,0.0,0.0,0.0,0.0
p16011,geothermal,0.0,0.0,0.0,0.0,0.0
p16011,h2,0.0,0.0,0.0,0.0,0.0
p16011,hydro,0.0,0.0,0.0,0.0,0.0
p16011,nuclear,0.0,0.0,0.0,0.0,0.0
p16011,pumped-hydro,0.0,0.0,0.0,0.0,0.0
p16011,pv,1382.0,1382.0,1382.0,1382.0,1382.0
p16011,wind-ofs,0.0,0.0,0.0,0.0,0.0
p16011,wind-ons,957.8,957.8,957.8,957.8,957.8
p16013,battery,0.0,0.0,0.0,0.0,0.0
p16013,biomass,0.0,0.0,0.0,0.0,0.0
p16013,coal,0.0,0.0,0.0,0.0,0.0
p16013,gas,0.0,0.0,0.0,0.0,0.0
p16013,geothermal,0.0,0.0,0.0,0.0,0.0
p16013,h2,0.0,0.0,0.0,0.0,0.0
p16013,hydro,0.0,0.0,0.0,0.0,0.0
p16013,nuclear,0.0,0.0,0.0,0.0,0.0
p16013,pumped-hydro,0.0,0.0,0.0,0.0,0.0
p16013,pv,1000.0,1000.0,1000.0,1000.0,1000.0
p16013,wind-ofs,0.0,0.0,0.0,0.0,0.0
p16013,wind-ons,0.0,0.0,0.0,0.0,0.0
p16019,battery,0.0,0.0,0.0,0.0,0.0
p16019,biomass,0.0,0.0,0.0,0.0,0.0
p16019,coal,0.0,0.0,0.0,0.0,0.0
p16019,gas,0.0,0.0,0.0,0.0,0.0
p16019,geothermal,0.0,0.0,0.0,0.0,0.0
p16019,h2,0.0,0.0,0.0,0.0,0.0
p16019,hydro,0.0,0.0,0.0,0.0,0.0
p16019,nuclear,0.0,0.0,0.0,0.0,0.0
p16019,pumped-hydro,0.0,0.0,0.0,0.0,0.0
p16019,pv,398.0,398.0,398.0,398.0,398.0
p16019,wind-ofs,0.0,0.0,0.0,0.0,0.0
p16019,wind-ons,306.0,306.0,306.0,306.0,306.0
p16027,battery,560.0,560.0,560.0,560.0,560.0
p16027,biomass,0.0,0.0,0.0,0.0,0.0
p16027,coal,0.0,0.0,0.0,0.0,0.0
p16027,gas,0.0,0.0,0.0,0.0,0.0
p16027,geothermal,0.0,0.0,0.0,0.0,0.0
p16027,h2,0.0,0.0,0.0,0.0,0.0
p16027,hydro,0.0,0.0,0.0,0.0,0.0
p16027,nuclear,0.0,0.0,0.0,0.0,0.0
p16027,pumped-hydro,0.0,0.0,0.0,0.0,0.0
p16027,pv,0.0,0.0,0.0,0.0,0.0
p16027,wind-ofs,0.0,0.0,0.0,0.0,0.0
p16027,wind-ons,0.0,0.0,0.0,0.0,0.0
p16029,battery,0.0,0.0,0.0,0.0,0.0
p16029,biomass,0.0,0.0,0.0,0.0,0.0
p16029,coal,0.0,0.0,0.0,0.0,0.0
p16029,gas,0.0,0.0,0.0,0.0,0.0
p16029,geothermal,0.0,0.0,0.0,0.0,0.0
p16029,h2,0.0,0.0,0.0,0.0,0.0
p16029,hydro,0.0,0.0,0.0,0.0,0.0
p16029,nuclear,0.0,0.0,0.0,0.0,0.0
p16029,pumped-hydro,0.0,0.0,0.0,0.0,0.0
p16029,pv,245.0,245.0,245.0,245.0,245.0
p16029,wind-ofs,0.0,0.0,0.0,0.0,0.0
p16029,wind-ons,0.0,0.0,0.0,0.0,0.0
p16031,battery,0.0,0.0,0.0,0.0,0.0
p16031,biomass,0.0,0.0,0.0,0.0,0.0
p16031,coal,0.0,0.0,0.0,0.0,0.0
p16031,gas,0.0,0.0,0.0,0.0,0.0
p16031,geothermal,10.0,10.0,10.0,10.0,10.0
p16031,h2,0.0,0.0,0.0,0.0,0.0
p16031,hydro,0.0,0.0,0.0,0.0,0.0
p16031,nuclear,0.0,0.0,0.0,0.0,0.0
p16031,pumped-hydro,0.0,0.0,0.0,0.0,0.0
p16031,pv,0.0,0.0,0.0,0.0,0.0
p16031,wind-ofs,0.0,0.0,0.0,0.0,0.0
p16031,wind-ons,0.0,0.0,0.0,0.0,0.0
p16033,battery,0.0,0.0,0.0,0.0,0.0
p16033,biomass,0.0,0.0,0.0,0.0,0.0
p16033,coal,0.0,0.0,0.0,0.0,0.0
p16033,gas,0.0,0.0,0.0,0.0,0.0
p16033,geothermal,0.0,0.0,0.0,0.0,0.0
p16033,h2,0.0,0.0,0.0,0.0,0.0
p16033,hydro,0.0,0.0,0.0,0.0,0.0
p16033,nuclear,0.0,0.0,0.0,0.0,0.0
p16033,pumped-hydro,0.0,0.0,0.0,0.0,0.0
p16033,pv,200.0,200.0,200.0,200.0,200.0
p16033,wind-ofs,0.0,0.0,0.0,0.0,0.0
p16033,wind-ons,0.0,0.0,0.0,0.0,0.0
p16035,battery,0.0,0.0,0.0,0.0,0.0
p16035,biomass,0.0,0.0,0.0,0.0,0.0
p16035,coal,0.0,0.0,0.0,0.0,0.0
p16035,gas,0.0,0.0,0.0,0.0,0.0
p16035,geothermal,0.0,0.0,0.0,0.0,0.0
p16035,h2,0.0,0.0,0.0,0.0,0.0
p16035,hydro,300.0,300.0,300.0,300.0,300.0
p16035,nuclear,0.0,0.0,0.0,0.0,0.0
p16035,pumped-hydro,0.0,0.0,0.0,0.0,0.0
p16035,pv,0.0,0.0,0.0,0.0,0.0
p16035,wind-ofs,0.0,0.0,0.0,0.0,0.0
p16035,wind-ons,0.0,0.0,0.0,0.0,0.0
p16039,battery,0.0,0.0,0.0,0.0,0.0
p16039,biomass,0.0,0.0,0.0,0.0,0.0
p16039,coal,0.0,0.0,0.0,0.0,0.0
p16039,gas,0.0,0.0,0.0,0.0,0.0
p16039,geothermal,0.0,0.0,0.0,0.0,0.0
p16039,h2,0.0,0.0,0.0,0.0,0.0
p16039,hydro,0.0,0.0,0.0,0.0,0.0
p16039,nuclear,0.0,0.0,0.0,0.0,0.0
p16039,pumped-hydro,0.0,0.0,0.0,0.0,0.0
p16039,pv,578.0,578.0,578.0,578.0,578.0
p16039,wind-ofs,0.0,0.0,0.0,0.0,0.0
p16039,wind-ons,0.0,0.0,0.0,0.0,0.0
p16041,battery,0.0,0.0,0.0,0.0,0.0
p16041,biomass,0.0,0.0,0.0,0.0,0.0
p16041,coal,0.0,0.0,0.0,0.0,0.0
p16041,gas,0.0,0.0,0.0,0.0,0.0
p16041,geothermal,0.0,0.0,0.0,0.0,0.0
p16041,h2,0.0,0.0,0.0,0.0,0.0
p16041,hydro,0.82,0.82,0.82,0.82,0.82
p16041,nuclear,0.0,0.0,0.0,0.0,0.0
p16041,pumped-hydro,0.0,0.0,0.0,0.0,0.0
p16041,pv,300.0,300.0,300.0,300.0,300.0
p16041,wind-ofs,0.0,0.0,0.0,0.0,0.0
p16041,wind-ons,0.0,0.0,0.0,0.0,0.0
p16043,battery,52.0,52.0,52.0,52.0,52.0
p16043,biomass,0.0,0.0,0.0,0.0,0.0
p16043,coal,0.0,0.0,0.0,0.0,0.0
p16043,gas,0.0,0.0,0.0,0.0,0.0
p16043,geothermal,0.0,0.0,0.0,0.0,0.0
p16043,h2,0.0,0.0,0.0,0.0,0.0
p16043,hydro,0.0,0.0,0.0,0.0,0.0
p16043,nuclear,0.0,0.0,0.0,0.0,0.0
p16043,pumped-hydro,0.0,0.0,0.0,0.0,0.0
p16043,pv,150.0,150.0,150.0,150.0,150.0
p16043,wind-ofs,0.0,0.0,0.0,0.0,0.0
p16043,wind-ons,0.0,0.0,0.0,0.0,0.0
p16051,battery,300.0,300.0,300.0,300.0,300.0
p16051,biomass,0.0,0.0,0.0,0.0,0.0
p16051,coal,0.0,0.0,0.0,0.0,0.0
p16051,gas,0.0,0.0,0.0,0.0,0.0
p16051,geothermal,0.0,0.0,0.0,0.0,0.0
p16051,h2,0.0,0.0,0.0,0.0,0.0
p16051,hydro,0.0,0.0,0.0,0.0,0.0
p16051,nuclear,0.0,0.0,0.0,0.0,0.0
p16051,pumped-hydro,0.0,0.0,0.0,0.0,0.0
p16051,pv,0.0,0.0,0.0,0.0,0.0
p16051,wind-ofs,0.0,0.0,0.0,0.0,0.0
p16051,wind-ons,0.0,0.0,0.0,0.0,0.0
p16053,battery,520.0,520.0,520.0,520.0,520.0
p16053,biomass,0.0,0.0,0.0,0.0,0.0
p16053,coal,0.0,0.0,0.0,0.0,0.0
p16053,gas,0.0,0.0,0.0,0.0,0.0
p16053,geothermal,0.0,0.0,0.0,0.0,0.0
p16053,h2,0.0,0.0,0.0,0.0,0.0
p16053,hydro,0.0,0.0,0.0,0.0,0.0
p16053,nuclear,0.0,0.0,0.0,0.0,0.0
p16053,pumped-hydro,0.0,0.0,0.0,0.0,0.0
p16053,pv,0.0,0.0,0.0,0.0,0.0
p16053,wind-ofs,0.0,0.0,0.0,0.0,0.0
p16053,wind-ons,0.0,0.0,0.0,0.0,0.0
p16055,battery,0.0,0.0,0.0,0.0,0.0
p16055,biomass,0.0,0.0,0.0,0.0,0.0
p16055,coal,0.0,0.0,0.0,0.0,0.0
p16055,gas,0.0,0.0,0.0,0.0,0.0
p16055,geothermal,0.0,0.0,0.0,0.0,0.0
p16055,h2,0.0,0.0,0.0,0.0,0.0
p16055,hydro,52.0,52.0,52.0,52.0,52.0
p16055,nuclear,0.0,0.0,0.0,0.0,0.0
p16055,pumped-hydro,0.0,0.0,0.0,0.0,0.0
p16055,pv,0.0,0.0,0.0,0.0,0.0
p16055,wind-ofs,0.0,0.0,0.0,0.0,0.0
p16055,wind-ons,0.0,0.0,0.0,0.0,0.0
p16063,battery,0.0,0.0,0.0,0.0,0.0
p16063,biomass,0.0,0.0,0.0,0.0,0.0
p16063,coal,0.0,0.0,0.0,0.0,0.0
p16063,gas,0.0,0.0,0.0,0.0,0.0
p16063,geothermal,0.0,0.0,0.0,0.0,0.0
p16063,h2,0.0,0.0,0.0,0.0,0.0
p16063,hydro,0.0,0.0,0.0,0.0,0.0
p16063,nuclear,0.0,0.0,0.0,0.0,0.0
p16063,pumped-hydro,0.0,0.0,0.0,0.0,0.0
p16063,pv,199.9,199.9,199.9,199.9,199.9
p16063,wind-ofs,0.0,0.0,0.0,0.0,0.0
p16063,wind-ons,0.0,0.0,0.0,0.0,0.0
p16073,battery,1517.9,1517.9,1517.9,1517.9,1517.9
p16073,biomass,0.0,0.0,0.0,0.0,0.0
p16073,coal,0.0,0.0,0.0,0.0,0.0
p16073,gas,0.0,0.0,0.0,0.0,0.0
p16073,geothermal,0.0,0.0,0.0,0.0,0.0
p16073,h2,0.0,0.0,0.0,0.0,0.0
p16073,hydro,0.0,0.0,0.0,0.0,0.0
p16073,nuclear,0.0,0.0,0.0,0.0,0.0
p16073,pumped-hydro,0.0,0.0,0.0,0.0,0.0
p16073,pv,600.0,600.0,600.0,600.0,600.0
p16073,wind-ofs,0.0,0.0,0.0,0.0,0.0
p16073,wind-ons,0.0,0.0,0.0,0.0,0.0
p16077,battery,0.0,0.0,0.0,0.0,0.0
p16077,biomass,0.0,0.0,0.0,0.0,0.0
p16077,coal,0.0,0.0,0.0,0.0,0.0
p16077,gas,400.0,400.0,400.0,400.0,400.0
p16077,geothermal,0.0,0.0,0.0,0.0,0.0
p16077,h2,0.0,0.0,0.0,0.0,0.0
p16077,hydro,0.0,0.0,0.0,0.0,0.0
p16077,nuclear,0.0,0.0,0.0,0.0,0.0
p16077,pumped-hydro,0.0,0.0,0.0,0.0,0.0
p16077,pv,1000.0,1000.0,1000.0,1000.0,1000.0
p16077,wind-ofs,0.0,0.0,0.0,0.0,0.0
p16077,wind-ons,0.0,0.0,0.0,0.0,0.0
p16083,battery,0.0,0.0,0.0,0.0,0.0
p16083,biomass,0.0,0.0,0.0,0.0,0.0
p16083,coal,0.0,0.0,0.0,0.0,0.0
p16083,gas,0.0,0.0,0.0,0.0,0.0
p16083,geothermal,0.0,0.0,0.0,0.0,0.0
p16083,h2,0.0,0.0,0.0,0.0,0.0
p16083,hydro,3.0,3.0,3.0,3.0,3.0
p16083,nuclear,0.0,0.0,0.0,0.0,0.0
p16083,pumped-hydro,0.0,0.0,0.0,0.0,0.0
p16083,pv,660.0,660.0,660.0,660.0,660.0
p16083,wind-ofs,0.0,0.0,0.0,0.0,0.0
p16083,wind-ons,0.0,0.0,0.0,0.0,0.0
p17001,battery,350.0,350.0,350.0,350.0,350.0
p17001,biomass,0.0,0.0,0.0,0.0,0.0
p17001,coal,0.0,0.0,0.0,0.0,0.0
p17001,gas,0.0,0.0,0.0,0.0,0.0
p17001,geothermal,0.0,0.0,0.0,0.0,0.0
p17001,h2,0.0,0.0,0.0,0.0,0.0
p17001,hydro,0.0,0.0,0.0,0.0,0.0
p17001,nuclear,0.0,0.0,0.0,0.0,0.0
p17001,pumped-hydro,0.0,0.0,0.0,0.0,0.0
p17001,pv,559.9,559.9,559.9,559.9,559.9
p17001,wind-ofs,0.0,0.0,0.0,0.0,0.0
p17001,wind-ons,0.0,0.0,0.0,0.0,0.0
p17005,battery,0.0,0.0,0.0,0.0,0.0
p17005,biomass,0.0,0.0,0.0,0.0,0.0
p17005,coal,0.0,0.0,0.0,0.0,0.0
p17005,gas,0.0,0.0,0.0,0.0,0.0
p17005,geothermal,0.0,0.0,0.0,0.0,0.0
p17005,h2,0.0,0.0,0.0,0.0,0.0
p17005,hydro,0.0,0.0,0.0,0.0,0.0
p17005,nuclear,0.0,0.0,0.0,0.0,0.0
p17005,pumped-hydro,0.0,0.0,0.0,0.0,0.0
p17005,pv,150.0,150.0,150.0,150.0,150.0
p17005,wind-ofs,0.0,0.0,0.0,0.0,0.0
p17005,wind-ons,0.0,0.0,0.0,0.0,0.0
p17007,battery,0.0,0.0,0.0,0.0,0.0
p17007,biomass,0.0,0.0,0.0,0.0,0.0
p17007,coal,0.0,0.0,0.0,0.0,0.0
p17007,gas,0.0,0.0,0.0,0.0,0.0
p17007,geothermal,0.0,0.0,0.0,0.0,0.0
p17007,h2,0.0,0.0,0.0,0.0,0.0
p17007,hydro,0.0,0.0,0.0,0.0,0.0
p17007,nuclear,0.0,0.0,0.0,0.0,0.0
p17007,pumped-hydro,0.0,0.0,0.0,0.0,0.0
p17007,pv,61.6,61.6,61.6,61.6,61.6
p17007,wind-ofs,0.0,0.0,0.0,0.0,0.0
p17007,wind-ons,0.0,0.0,0.0,0.0,0.0
p17011,battery,0.0,0.0,0.0,0.0,0.0
p17011,biomass,0.0,0.0,0.0,0.0,0.0
p17011,coal,0.0,0.0,0.0,0.0,0.0
p17011,gas,0.0,0.0,0.0,0.0,0.0
p17011,geothermal,0.0,0.0,0.0,0.0,0.0
p17011,h2,0.0,0.0,0.0,0.0,0.0
p17011,hydro,0.0,0.0,0.0,0.0,0.0
p17011,nuclear,0.0,0.0,0.0,0.0,0.0
p17011,pumped-hydro,0.0,0.0,0.0,0.0,0.0
p17011,pv,0.0,0.0,0.0,0.0,0.0
p17011,wind-ofs,0.0,0.0,0.0,0.0,0.0
p17011,wind-ons,448.8,448.8,448.8,448.8,448.8
p17017,battery,0.0,0.0,0.0,0.0,0.0
p17017,biomass,0.0,0.0,0.0,0.0,0.0
p17017,coal,0.0,0.0,0.0,0.0,0.0
p17017,gas,0.0,0.0,0.0,0.0,0.0
p17017,geothermal,0.0,0.0,0.0,0.0,0.0
p17017,h2,0.0,0.0,0.0,0.0,0.0
p17017,hydro,0.0,0.0,0.0,0.0,0.0
p17017,nuclear,0.0,0.0,0.0,0.0,0.0
p17017,pumped-hydro,0.0,0.0,0.0,0.0,0.0
p17017,pv,299.88,299.88,299.88,299.88,299.88
p17017,wind-ofs,0.0,0.0,0.0,0.0,0.0
p17017,wind-ons,0.0,0.0,0.0,0.0,0.0
p17019,battery,540.0,540.0,540.0,540.0,540.0
p17019,biomass,0.0,0.0,0.0,0.0,0.0
p17019,coal,0.0,0.0,0.0,0.0,0.0
p17019,gas,0.0,0.0,0.0,0.0,0.0
p17019,geothermal,0.0,0.0,0.0,0.0,0.0
p17019,h2,0.0,0.0,0.0,0.0,0.0
p17019,hydro,0.0,0.0,0.0,0.0,0.0
p17019,nuclear,0.0,0.0,0.0,0.0,0.0
p17019,pumped-hydro,0.0,0.0,0.0,0.0,0.0
p17019,pv,851.3,851.3,851.3,851.3,851.3
p17019,wind-ofs,0.0,0.0,0.0,0.0,0.0
p17019,wind-ons,450.0,450.0,450.0,450.0,450.0
p17021,battery,30.0,30.0,30.0,30.0,30.0
p17021,biomass,0.0,0.0,0.0,0.0,0.0
p17021,coal,0.0,0.0,0.0,0.0,0.0
p17021,gas,0.0,0.0,0.0,0.0,0.0
p17021,geothermal,0.0,0.0,0.0,0.0,0.0
p17021,h2,0.0,0.0,0.0,0.0,0.0
p17021,hydro,0.0,0.0,0.0,0.0,0.0
p17021,nuclear,0.0,0.0,0.0,0.0,0.0
p17021,pumped-hydro,0.0,0.0,0.0,0.0,0.0
p17021,pv,1703.1,1703.1,1703.1,1703.1,1703.1
p17021,wind-ofs,0.0,0.0,0.0,0.0,0.0
p17021,wind-ons,900.0,900.0,900.0,900.0,900.0
p17023,battery,350.0,350.0,350.0,350.0,350.0
p17023,biomass,0.0,0.0,0.0,0.0,0.0
p17023,coal,0.0,0.0,0.0,0.0,0.0
p17023,gas,0.0,0.0,0.0,0.0,0.0
p17023,geothermal,0.0,0.0,0.0,0.0,0.0
p17023,h2,0.0,0.0,0.0,0.0,0.0
p17023,hydro,0.0,0.0,0.0,0.0,0.0
p17023,nuclear,0.0,0.0,0.0,0.0,0.0
p17023,pumped-hydro,0.0,0.0,0.0,0.0,0.0
p17023,pv,1417.2,1417.2,1417.2,1417.2,1417.2
p17023,wind-ofs,0.0,0.0,0.0,0.0,0.0
p17023,wind-ons,0.0,0.0,0.0,0.0,0.0
p17025,battery,300.0,300.0,300.0,300.0,300.0
p17025,biomass,0.0,0.0,0.0,0.0,0.0
p17025,coal,0.0,0.0,0.0,0.0,0.0
p17025,gas,0.0,0.0,0.0,0.0,0.0
p17025,geothermal,0.0,0.0,0.0,0.0,0.0
p17025,h2,0.0,0.0,0.0,0.0,0.0
p17025,hydro,0.0,0.0,0.0,0.0,0.0
p17025,nuclear,0.0,0.0,0.0,0.0,0.0
p17025,pumped-hydro,0.0,0.0,0.0,0.0,0.0
p17025,pv,1150.0,1150.0,1150.0,1150.0,1150.0
p17025,wind-ofs,0.0,0.0,0.0,0.0,0.0
p17025,wind-ons,0.0,0.0,0.0,0.0,0.0
p17027,battery,0.0,0.0,0.0,0.0,0.0
p17027,biomass,0.0,0.0,0.0,0.0,0.0
p17027,coal,0.0,0.0,0.0,0.0,0.0
p17027,gas,0.0,0.0,0.0,0.0,0.0
p17027,geothermal,0.0,0.0,0.0,0.0,0.0
p17027,h2,0.0,0.0,0.0,0.0,0.0
p17027,hydro,0.0,0.0,0.0,0.0,0.0
p17027,nuclear,0.0,0.0,0.0,0.0,0.0
p17027,pumped-hydro,0.0,0.0,0.0,0.0,0.0
p17027,pv,275.0,275.0,275.0,275.0,275.0
p17027,wind-ofs,0.0,0.0,0.0,0.0,0.0
p17027,wind-ons,0.0,0.0,0.0,0.0,0.0
p17029,battery,40.0,40.0,40.0,40.0,40.0
p17029,biomass,0.0,0.0,0.0,0.0,0.0
p17029,coal,0.0,0.0,0.0,0.0,0.0
p17029,gas,0.0,0.0,0.0,0.0,0.0
p17029,geothermal,0.0,0.0,0.0,0.0,0.0
p17029,h2,0.0,0.0,0.0,0.0,0.0
p17029,hydro,0.0,0.0,0.0,0.0,0.0
p17029,nuclear,0.0,0.0,0.0,0.0,0.0
p17029,pumped-hydro,0.0,0.0,0.0,0.0,0.0
p17029,pv,710.0,710.0,710.0,710.0,710.0
p17029,wind-ofs,0.0,0.0,0.0,0.0,0.0
p17029,wind-ons,500.3,500.3,500.3,500.3,500.3
p17031,battery,350.0,350.0,350.0,350.0,350.0
p17031,biomass,0.0,0.0,0.0,0.0,0.0
p17031,coal,0.0,0.0,0.0,0.0,0.0
p17031,gas,0.0,0.0,0.0,0.0,0.0
p17031,geothermal,0.0,0.0,0.0,0.0,0.0
p17031,h2,0.0,0.0,0.0,0.0,0.0
p17031,hydro,0.0,0.0,0.0,0.0,0.0
p17031,nuclear,0.0,0.0,0.0,0.0,0.0
p17031,pumped-hydro,0.0,0.0,0.0,0.0,0.0
p17031,pv,44.0,44.0,44.0,44.0,44.0
p17031,wind-ofs,0.0,0.0,0.0,0.0,0.0
p17031,wind-ons,0.0,0.0,0.0,0.0,0.0
p17035,battery,300.0,300.0,300.0,300.0,300.0
p17035,biomass,0.0,0.0,0.0,0.0,0.0
p17035,coal,0.0,0.0,0.0,0.0,0.0
p17035,gas,0.0,0.0,0.0,0.0,0.0
p17035,geothermal,0.0,0.0,0.0,0.0,0.0
p17035,h2,0.0,0.0,0.0,0.0,0.0
p17035,hydro,0.0,0.0,0.0,0.0,0.0
p17035,nuclear,0.0,0.0,0.0,0.0,0.0
p17035,pumped-hydro,0.0,0.0,0.0,0.0,0.0
p17035,pv,1154.5,1154.5,1154.5,1154.5,1154.5
p17035,wind-ofs,0.0,0.0,0.0,0.0,0.0
p17035,wind-ons,0.0,0.0,0.0,0.0,0.0
p17037,battery,134.4,134.4,134.4,134.4,134.4
p17037,biomass,0.0,0.0,0.0,0.0,0.0
p17037,coal,0.0,0.0,0.0,0.0,0.0
p17037,gas,0.0,0.0,0.0,0.0,0.0
p17037,geothermal,0.0,0.0,0.0,0.0,0.0
p17037,h2,0.0,0.0,0.0,0.0,0.0
p17037,hydro,0.0,0.0,0.0,0.0,0.0
p17037,nuclear,0.0,0.0,0.0,0.0,0.0
p17037,pumped-hydro,0.0,0.0,0.0,0.0,0.0
p17037,pv,1196.035,1196.035,1196.035,1196.035,1196.035
p17037,wind-ofs,0.0,0.0,0.0,0.0,0.0
p17037,wind-ons,0.0,0.0,0.0,0.0,0.0
p17045,battery,0.0,0.0,0.0,0.0,0.0
p17045,biomass,0.0,0.0,0.0,0.0,0.0
p17045,coal,0.0,0.0,0.0,0.0,0.0
p17045,gas,0.0,0.0,0.0,0.0,0.0
p17045,geothermal,0.0,0.0,0.0,0.0,0.0
p17045,h2,0.0,0.0,0.0,0.0,0.0
p17045,hydro,0.0,0.0,0.0,0.0,0.0
p17045,nuclear,0.0,0.0,0.0,0.0,0.0
p17045,pumped-hydro,0.0,0.0,0.0,0.0,0.0
p17045,pv,316.23,316.23,316.23,316.23,316.23
p17045,wind-ofs,0.0,0.0,0.0,0.0,0.0
p17045,wind-ons,0.0,0.0,0.0,0.0,0.0
p17047,battery,0.0,0.0,0.0,0.0,0.0
p17047,biomass,0.0,0.0,0.0,0.0,0.0
p17047,coal,0.0,0.0,0.0,0.0,0.0
p17047,gas,0.0,0.0,0.0,0.0,0.0
p17047,geothermal,0.0,0.0,0.0,0.0,0.0
p17047,h2,0.0,0.0,0.0,0.0,0.0
p17047,hydro,0.0,0.0,0.0,0.0,0.0
p17047,nuclear,0.0,0.0,0.0,0.0,0.0
p17047,pumped-hydro,0.0,0.0,0.0,0.0,0.0
p17047,pv,300.0,300.0,300.0,300.0,300.0
p17047,wind-ofs,0.0,0.0,0.0,0.0,0.0
p17047,wind-ons,0.0,0.0,0.0,0.0,0.0
p17049,battery,0.0,0.0,0.0,0.0,0.0
p17049,biomass,0.0,0.0,0.0,0.0,0.0
p17049,coal,0.0,0.0,0.0,0.0,0.0
p17049,gas,0.0,0.0,0.0,0.0,0.0
p17049,geothermal,0.0,0.0,0.0,0.0,0.0
p17049,h2,0.0,0.0,0.0,0.0,0.0
p17049,hydro,0.0,0.0,0.0,0.0,0.0
p17049,nuclear,0.0,0.0,0.0,0.0,0.0
p17049,pumped-hydro,0.0,0.0,0.0,0.0,0.0
p17049,pv,150.0,150.0,150.0,150.0,150.0
p17049,wind-ofs,0.0,0.0,0.0,0.0,0.0
p17049,wind-ons,0.0,0.0,0.0,0.0,0.0
p17051,battery,100.0,100.0,100.0,100.0,100.0
p17051,biomass,0.0,0.0,0.0,0.0,0.0
p17051,coal,0.0,0.0,0.0,0.0,0.0
p17051,gas,0.0,0.0,0.0,0.0,0.0
p17051,geothermal,0.0,0.0,0.0,0.0,0.0
p17051,h2,0.0,0.0,0.0,0.0,0.0
p17051,hydro,0.0,0.0,0.0,0.0,0.0
p17051,nuclear,0.0,0.0,0.0,0.0,0.0
p17051,pumped-hydro,0.0,0.0,0.0,0.0,0.0
p17051,pv,980.0,980.0,980.0,980.0,980.0
p17051,wind-ofs,0.0,0.0,0.0,0.0,0.0
p17051,wind-ons,0.0,0.0,0.0,0.0,0.0
p17053,battery,0.0,0.0,0.0,0.0,0.0
p17053,biomass,0.0,0.0,0.0,0.0,0.0
p17053,coal,0.0,0.0,0.0,0.0,0.0
p17053,gas,0.0,0.0,0.0,0.0,0.0
p17053,geothermal,0.0,0.0,0.0,0.0,0.0
p17053,h2,0.0,0.0,0.0,0.0,0.0
p17053,hydro,0.0,0.0,0.0,0.0,0.0
p17053,nuclear,0.0,0.0,0.0,0.0,0.0
p17053,pumped-hydro,0.0,0.0,0.0,0.0,0.0
p17053,pv,635.0,635.0,635.0,635.0,635.0
p17053,wind-ofs,0.0,0.0,0.0,0.0,0.0
p17053,wind-ons,1700.0,1700.0,1700.0,1700.0,1700.0
p17055,battery,1000.0,1000.0,1000.0,1000.0,1000.0
p17055,biomass,0.0,0.0,0.0,0.0,0.0
p17055,coal,0.0,0.0,0.0,0.0,0.0
p17055,gas,0.0,0.0,0.0,0.0,0.0
p17055,geothermal,0.0,0.0,0.0,0.0,0.0
p17055,h2,0.0,0.0,0.0,0.0,0.0
p17055,hydro,0.0,0.0,0.0,0.0,0.0
p17055,nuclear,0.0,0.0,0.0,0.0,0.0
p17055,pumped-hydro,0.0,0.0,0.0,0.0,0.0
p17055,pv,300.0,300.0,300.0,300.0,300.0
p17055,wind-ofs,0.0,0.0,0.0,0.0,0.0
p17055,wind-ons,0.0,0.0,0.0,0.0,0.0
p17057,battery,50.0,50.0,50.0,50.0,50.0
p17057,biomass,0.0,0.0,0.0,0.0,0.0
p17057,coal,0.0,0.0,0.0,0.0,0.0
p17057,gas,0.0,0.0,0.0,0.0,0.0
p17057,geothermal,0.0,0.0,0.0,0.0,0.0
p17057,h2,0.0,0.0,0.0,0.0,0.0
p17057,hydro,0.0,0.0,0.0,0.0,0.0
p17057,nuclear,0.0,0.0,0.0,0.0,0.0
p17057,pumped-hydro,0.0,0.0,0.0,0.0,0.0
p17057,pv,2227.7,2227.7,2227.7,2227.7,2227.7
p17057,wind-ofs,0.0,0.0,0.0,0.0,0.0
p17057,wind-ons,500.0,500.0,500.0,500.0,500.0
p17061,battery,0.0,0.0,0.0,0.0,0.0
p17061,biomass,0.0,0.0,0.0,0.0,0.0
p17061,coal,0.0,0.0,0.0,0.0,0.0
p17061,gas,0.0,0.0,0.0,0.0,0.0
p17061,geothermal,0.0,0.0,0.0,0.0,0.0
p17061,h2,0.0,0.0,0.0,0.0,0.0
p17061,hydro,0.0,0.0,0.0,0.0,0.0
p17061,nuclear,0.0,0.0,0.0,0.0,0.0
p17061,pumped-hydro,0.0,0.0,0.0,0.0,0.0
p17061,pv,300.0,300.0,300.0,300.0,300.0
p17061,wind-ofs,0.0,0.0,0.0,0.0,0.0
p17061,wind-ons,0.0,0.0,0.0,0.0,0.0
p17063,battery,380.0,380.0,380.0,380.0,380.0
p17063,biomass,0.0,0.0,0.0,0.0,0.0
p17063,coal,0.0,0.0,0.0,0.0,0.0
p17063,gas,0.0,0.0,0.0,0.0,0.0
p17063,geothermal,0.0,0.0,0.0,0.0,0.0
p17063,h2,0.0,0.0,0.0,0.0,0.0
p17063,hydro,0.0,0.0,0.0,0.0,0.0
p17063,nuclear,0.0,0.0,0.0,0.0,0.0
p17063,pumped-hydro,0.0,0.0,0.0,0.0,0.0
p17063,pv,542.1,542.1,542.1,542.1,542.1
p17063,wind-ofs,0.0,0.0,0.0,0.0,0.0
p17063,wind-ons,0.0,0.0,0.0,0.0,0.0
p17065,battery,200.0,200.0,200.0,200.0,200.0
p17065,biomass,0.0,0.0,0.0,0.0,0.0
p17065,coal,0.0,0.0,0.0,0.0,0.0
p17065,gas,0.0,0.0,0.0,0.0,0.0
p17065,geothermal,0.0,0.0,0.0,0.0,0.0
p17065,h2,0.0,0.0,0.0,0.0,0.0
p17065,hydro,0.0,0.0,0.0,0.0,0.0
p17065,nuclear,0.0,0.0,0.0,0.0,0.0
p17065,pumped-hydro,0.0,0.0,0.0,0.0,0.0
p17065,pv,590.0,590.0,590.0,590.0,590.0
p17065,wind-ofs,0.0,0.0,0.0,0.0,0.0
p17065,wind-ons,199.99,199.99,199.99,199.99,199.99
p17067,battery,0.0,0.0,0.0,0.0,0.0
p17067,biomass,0.0,0.0,0.0,0.0,0.0
p17067,coal,0.0,0.0,0.0,0.0,0.0
p17067,gas,0.0,0.0,0.0,0.0,0.0
p17067,geothermal,0.0,0.0,0.0,0.0,0.0
p17067,h2,0.0,0.0,0.0,0.0,0.0
p17067,hydro,0.0,0.0,0.0,0.0,0.0
p17067,nuclear,0.0,0.0,0.0,0.0,0.0
p17067,pumped-hydro,0.0,0.0,0.0,0.0,0.0
p17067,pv,0.0,0.0,0.0,0.0,0.0
p17067,wind-ofs,0.0,0.0,0.0,0.0,0.0
p17067,wind-ons,127.0,127.0,127.0,127.0,127.0
p17073,battery,0.0,0.0,0.0,0.0,0.0
p17073,biomass,0.0,0.0,0.0,0.0,0.0
p17073,coal,0.0,0.0,0.0,0.0,0.0
p17073,gas,0.0,0.0,0.0,0.0,0.0
p17073,geothermal,0.0,0.0,0.0,0.0,0.0
p17073,h2,0.0,0.0,0.0,0.0,0.0
p17073,hydro,0.0,0.0,0.0,0.0,0.0
p17073,nuclear,0.0,0.0,0.0,0.0,0.0
p17073,pumped-hydro,0.0,0.0,0.0,0.0,0.0
p17073,pv,40.74,40.74,40.74,40.74,40.74
p17073,wind-ofs,0.0,0.0,0.0,0.0,0.0
p17073,wind-ons,500.0,500.0,500.0,500.0,500.0
p17075,battery,0.0,0.0,0.0,0.0,0.0
p17075,biomass,0.0,0.0,0.0,0.0,0.0
p17075,coal,0.0,0.0,0.0,0.0,0.0
p17075,gas,0.0,0.0,0.0,0.0,0.0
p17075,geothermal,0.0,0.0,0.0,0.0,0.0
p17075,h2,0.0,0.0,0.0,0.0,0.0
p17075,hydro,0.0,0.0,0.0,0.0,0.0
p17075,nuclear,0.0,0.0,0.0,0.0,0.0
p17075,pumped-hydro,0.0,0.0,0.0,0.0,0.0
p17075,pv,788.9,788.9,788.9,788.9,788.9
p17075,wind-ofs,0.0,0.0,0.0,0.0,0.0
p17075,wind-ons,788.87,788.87,788.87,788.87,788.87
p17077,battery,83.4,83.4,83.4,83.4,83.4
p17077,biomass,0.0,0.0,0.0,0.0,0.0
p17077,coal,0.0,0.0,0.0,0.0,0.0
p17077,gas,0.0,0.0,0.0,0.0,0.0
p17077,geothermal,0.0,0.0,0.0,0.0,0.0
p17077,h2,0.0,0.0,0.0,0.0,0.0
p17077,hydro,0.0,0.0,0.0,0.0,0.0
p17077,nuclear,0.0,0.0,0.0,0.0,0.0
p17077,pumped-hydro,0.0,0.0,0.0,0.0,0.0
p17077,pv,350.0,350.0,350.0,350.0,350.0
p17077,wind-ofs,0.0,0.0,0.0,0.0,0.0
p17077,wind-ons,0.0,0.0,0.0,0.0,0.0
p17079,battery,0.0,0.0,0.0,0.0,0.0
p17079,biomass,0.0,0.0,0.0,0.0,0.0
p17079,coal,0.0,0.0,0.0,0.0,0.0
p17079,gas,0.0,0.0,0.0,0.0,0.0
p17079,geothermal,0.0,0.0,0.0,0.0,0.0
p17079,h2,0.0,0.0,0.0,0.0,0.0
p17079,hydro,0.0,0.0,0.0,0.0,0.0
p17079,nuclear,0.0,0.0,0.0,0.0,0.0
p17079,pumped-hydro,0.0,0.0,0.0,0.0,0.0
p17079,pv,888.8,888.8,888.8,888.8,888.8
p17079,wind-ofs,0.0,0.0,0.0,0.0,0.0
p17079,wind-ons,0.0,0.0,0.0,0.0,0.0
p17081,battery,500.0,500.0,500.0,500.0,500.0
p17081,biomass,0.0,0.0,0.0,0.0,0.0
p17081,coal,0.0,0.0,0.0,0.0,0.0
p17081,gas,0.0,0.0,0.0,0.0,0.0
p17081,geothermal,0.0,0.0,0.0,0.0,0.0
p17081,h2,0.0,0.0,0.0,0.0,0.0
p17081,hydro,0.0,0.0,0.0,0.0,0.0
p17081,nuclear,0.0,0.0,0.0,0.0,0.0
p17081,pumped-hydro,0.0,0.0,0.0,0.0,0.0
p17081,pv,400.0,400.0,400.0,400.0,400.0
p17081,wind-ofs,0.0,0.0,0.0,0.0,0.0
p17081,wind-ons,0.0,0.0,0.0,0.0,0.0
p17083,battery,50.0,50.0,50.0,50.0,50.0
p17083,biomass,0.0,0.0,0.0,0.0,0.0
p17083,coal,0.0,0.0,0.0,0.0,0.0
p17083,gas,0.0,0.0,0.0,0.0,0.0
p17083,geothermal,0.0,0.0,0.0,0.0,0.0
p17083,h2,0.0,0.0,0.0,0.0,0.0
p17083,hydro,0.0,0.0,0.0,0.0,0.0
p17083,nuclear,0.0,0.0,0.0,0.0,0.0
p17083,pumped-hydro,0.0,0.0,0.0,0.0,0.0
p17083,pv,0.0,0.0,0.0,0.0,0.0
p17083,wind-ofs,0.0,0.0,0.0,0.0,0.0
p17083,wind-ons,0.0,0.0,0.0,0.0,0.0
p17085,battery,0.0,0.0,0.0,0.0,0.0
p17085,biomass,0.0,0.0,0.0,0.0,0.0
p17085,coal,0.0,0.0,0.0,0.0,0.0
p17085,gas,0.0,0.0,0.0,0.0,0.0
p17085,geothermal,0.0,0.0,0.0,0.0,0.0
p17085,h2,0.0,0.0,0.0,0.0,0.0
p17085,hydro,0.0,0.0,0.0,0.0,0.0
p17085,nuclear,0.0,0.0,0.0,0.0,0.0
p17085,pumped-hydro,0.0,0.0,0.0,0.0,0.0
p17085,pv,135.0,135.0,135.0,135.0,135.0
p17085,wind-ofs,0.0,0.0,0.0,0.0,0.0
p17085,wind-ons,0.0,0.0,0.0,0.0,0.0
p17087,battery,200.0,200.0,200.0,200.0,200.0
p17087,biomass,0.0,0.0,0.0,0.0,0.0
p17087,coal,0.0,0.0,0.0,0.0,0.0
p17087,gas,0.0,0.0,0.0,0.0,0.0
p17087,geothermal,0.0,0.0,0.0,0.0,0.0
p17087,h2,0.0,0.0,0.0,0.0,0.0
p17087,hydro,0.0,0.0,0.0,0.0,0.0
p17087,nuclear,0.0,0.0,0.0,0.0,0.0
p17087,pumped-hydro,0.0,0.0,0.0,0.0,0.0
p17087,pv,400.0,400.0,400.0,400.0,400.0
p17087,wind-ofs,0.0,0.0,0.0,0.0,0.0
p17087,wind-ons,0.0,0.0,0.0,0.0,0.0
p17089,battery,210.0,210.0,210.0,210.0,210.0
p17089,biomass,0.0,0.0,0.0,0.0,0.0
p17089,coal,0.0,0.0,0.0,0.0,0.0
p17089,gas,0.0,0.0,0.0,0.0,0.0
p17089,geothermal,0.0,0.0,0.0,0.0,0.0
p17089,h2,0.0,0.0,0.0,0.0,0.0
p17089,hydro,0.0,0.0,0.0,0.0,0.0
p17089,nuclear,0.0,0.0,0.0,0.0,0.0
p17089,pumped-hydro,0.0,0.0,0.0,0.0,0.0
p17089,pv,0.0,0.0,0.0,0.0,0.0
p17089,wind-ofs,0.0,0.0,0.0,0.0,0.0
p17089,wind-ons,0.0,0.0,0.0,0.0,0.0
p17091,battery,0.0,0.0,0.0,0.0,0.0
p17091,biomass,0.0,0.0,0.0,0.0,0.0
p17091,coal,0.0,0.0,0.0,0.0,0.0
p17091,gas,0.0,0.0,0.0,0.0,0.0
p17091,geothermal,0.0,0.0,0.0,0.0,0.0
p17091,h2,0.0,0.0,0.0,0.0,0.0
p17091,hydro,0.0,0.0,0.0,0.0,0.0
p17091,nuclear,0.0,0.0,0.0,0.0,0.0
p17091,pumped-hydro,0.0,0.0,0.0,0.0,0.0
p17091,pv,1154.9,1154.9,1154.9,1154.9,1154.9
p17091,wind-ofs,0.0,0.0,0.0,0.0,0.0
p17091,wind-ons,285.0,285.0,285.0,285.0,285.0
p17093,battery,172.0,172.0,172.0,172.0,172.0
p17093,biomass,0.0,0.0,0.0,0.0,0.0
p17093,coal,0.0,0.0,0.0,0.0,0.0
p17093,gas,0.0,0.0,0.0,0.0,0.0
p17093,geothermal,0.0,0.0,0.0,0.0,0.0
p17093,h2,0.0,0.0,0.0,0.0,0.0
p17093,hydro,0.0,0.0,0.0,0.0,0.0
p17093,nuclear,0.0,0.0,0.0,0.0,0.0
p17093,pumped-hydro,0.0,0.0,0.0,0.0,0.0
p17093,pv,730.8,730.8,730.8,730.8,730.8
p17093,wind-ofs,0.0,0.0,0.0,0.0,0.0
p17093,wind-ons,0.0,0.0,0.0,0.0,0.0
p17095,battery,100.0,100.0,100.0,100.0,100.0
p17095,biomass,0.0,0.0,0.0,0.0,0.0
p17095,coal,0.0,0.0,0.0,0.0,0.0
p17095,gas,0.0,0.0,0.0,0.0,0.0
p17095,geothermal,0.0,0.0,0.0,0.0,0.0
p17095,h2,0.0,0.0,0.0,0.0,0.0
p17095,hydro,0.0,0.0,0.0,0.0,0.0
p17095,nuclear,0.0,0.0,0.0,0.0,0.0
p17095,pumped-hydro,0.0,0.0,0.0,0.0,0.0
p17095,pv,600.0,600.0,600.0,600.0,600.0
p17095,wind-ofs,0.0,0.0,0.0,0.0,0.0
p17095,wind-ons,600.0,600.0,600.0,600.0,600.0
p17097,battery,732.4,732.4,732.4,732.4,732.4
p17097,biomass,0.0,0.0,0.0,0.0,0.0
p17097,coal,0.0,0.0,0.0,0.0,0.0
p17097,gas,0.0,0.0,0.0,0.0,0.0
p17097,geothermal,0.0,0.0,0.0,0.0,0.0
p17097,h2,0.0,0.0,0.0,0.0,0.0
p17097,hydro,0.0,0.0,0.0,0.0,0.0
p17097,nuclear,0.0,0.0,0.0,0.0,0.0
p17097,pumped-hydro,0.0,0.0,0.0,0.0,0.0
p17097,pv,23.0,23.0,23.0,23.0,23.0
p17097,wind-ofs,0.0,0.0,0.0,0.0,0.0
p17097,wind-ons,0.0,0.0,0.0,0.0,0.0
p17101,battery,150.0,150.0,150.0,150.0,150.0
p17101,biomass,0.0,0.0,0.0,0.0,0.0
p17101,coal,0.0,0.0,0.0,0.0,0.0
p17101,gas,0.0,0.0,0.0,0.0,0.0
p17101,geothermal,0.0,0.0,0.0,0.0,0.0
p17101,h2,0.0,0.0,0.0,0.0,0.0
p17101,hydro,0.0,0.0,0.0,0.0,0.0
p17101,nuclear,0.0,0.0,0.0,0.0,0.0
p17101,pumped-hydro,0.0,0.0,0.0,0.0,0.0
p17101,pv,150.0,150.0,150.0,150.0,150.0
p17101,wind-ofs,0.0,0.0,0.0,0.0,0.0
p17101,wind-ons,0.0,0.0,0.0,0.0,0.0
p17103,battery,670.0,670.0,670.0,670.0,670.0
p17103,biomass,0.0,0.0,0.0,0.0,0.0
p17103,coal,0.0,0.0,0.0,0.0,0.0
p17103,gas,0.0,0.0,0.0,0.0,0.0
p17103,geothermal,0.0,0.0,0.0,0.0,0.0
p17103,h2,0.0,0.0,0.0,0.0,0.0
p17103,hydro,0.0,0.0,0.0,0.0,0.0
p17103,nuclear,0.0,0.0,0.0,0.0,0.0
p17103,pumped-hydro,0.0,0.0,0.0,0.0,0.0
p17103,pv,1880.0,1880.0,1880.0,1880.0,1880.0
p17103,wind-ofs,0.0,0.0,0.0,0.0,0.0
p17103,wind-ons,559.24,559.24,559.24,559.24,559.24
p17105,battery,750.0,750.0,750.0,750.0,750.0
p17105,biomass,0.0,0.0,0.0,0.0,0.0
p17105,coal,0.0,0.0,0.0,0.0,0.0
p17105,gas,0.0,0.0,0.0,0.0,0.0
p17105,geothermal,0.0,0.0,0.0,0.0,0.0
p17105,h2,0.0,0.0,0.0,0.0,0.0
p17105,hydro,0.0,0.0,0.0,0.0,0.0
p17105,nuclear,0.0,0.0,0.0,0.0,0.0
p17105,pumped-hydro,0.0,0.0,0.0,0.0,0.0
p17105,pv,897.8,897.8,897.8,897.8,897.8
p17105,wind-ofs,0.0,0.0,0.0,0.0,0.0
p17105,wind-ons,400.3,400.3,400.3,400.3,400.3
p17107,battery,60.0,60.0,60.0,60.0,60.0
p17107,biomass,0.0,0.0,0.0,0.0,0.0
p17107,coal,0.0,0.0,0.0,0.0,0.0
p17107,gas,0.0,0.0,0.0,0.0,0.0
p17107,geothermal,0.0,0.0,0.0,0.0,0.0
p17107,h2,0.0,0.0,0.0,0.0,0.0
p17107,hydro,0.0,0.0,0.0,0.0,0.0
p17107,nuclear,0.0,0.0,0.0,0.0,0.0
p17107,pumped-hydro,0.0,0.0,0.0,0.0,0.0
p17107,pv,632.5,632.5,632.5,632.5,632.5
p17107,wind-ofs,0.0,0.0,0.0,0.0,0.0
p17107,wind-ons,1037.4299999999998,1037.4299999999998,1037.4299999999998,1037.4299999999998,1037.4299999999998
p17109,battery,200.0,200.0,200.0,200.0,200.0
p17109,biomass,0.0,0.0,0.0,0.0,0.0
p17109,coal,0.0,0.0,0.0,0.0,0.0
p17109,gas,0.0,0.0,0.0,0.0,0.0
p17109,geothermal,0.0,0.0,0.0,0.0,0.0
p17109,h2,0.0,0.0,0.0,0.0,0.0
p17109,hydro,0.0,0.0,0.0,0.0,0.0
p17109,nuclear,0.0,0.0,0.0,0.0,0.0
p17109,pumped-hydro,0.0,0.0,0.0,0.0,0.0
p17109,pv,205.0,205.0,205.0,205.0,205.0
p17109,wind-ofs,0.0,0.0,0.0,0.0,0.0
p17109,wind-ons,415.6,415.6,415.6,415.6,415.6
p17111,battery,1490.0,1490.0,1490.0,1490.0,1490.0
p17111,biomass,0.0,0.0,0.0,0.0,0.0
p17111,coal,0.0,0.0,0.0,0.0,0.0
p17111,gas,0.0,0.0,0.0,0.0,0.0
p17111,geothermal,0.0,0.0,0.0,0.0,0.0
p17111,h2,0.0,0.0,0.0,0.0,0.0
p17111,hydro,0.0,0.0,0.0,0.0,0.0
p17111,nuclear,0.0,0.0,0.0,0.0,0.0
p17111,pumped-hydro,0.0,0.0,0.0,0.0,0.0
p17111,pv,690.15,690.15,690.15,690.15,690.15
p17111,wind-ofs,0.0,0.0,0.0,0.0,0.0
p17111,wind-ons,0.0,0.0,0.0,0.0,0.0
p17113,battery,800.0,800.0,800.0,800.0,800.0
p17113,biomass,0.0,0.0,0.0,0.0,0.0
p17113,coal,0.0,0.0,0.0,0.0,0.0
p17113,gas,0.0,0.0,0.0,0.0,0.0
p17113,geothermal,0.0,0.0,0.0,0.0,0.0
p17113,h2,0.0,0.0,0.0,0.0,0.0
p17113,hydro,0.0,0.0,0.0,0.0,0.0
p17113,nuclear,0.0,0.0,0.0,0.0,0.0
p17113,pumped-hydro,0.0,0.0,0.0,0.0,0.0
p17113,pv,1359.0,1359.0,1359.0,1359.0,1359.0
p17113,wind-ofs,0.0,0.0,0.0,0.0,0.0
p17113,wind-ons,2471.46,2471.46,2471.46,2471.46,2471.46
p17115,battery,500.0,500.0,500.0,500.0,500.0
p17115,biomass,0.0,0.0,0.0,0.0,0.0
p17115,coal,0.0,0.0,0.0,0.0,0.0
p17115,gas,340.3,340.3,340.3,340.3,340.3
p17115,geothermal,0.0,0.0,0.0,0.0,0.0
p17115,h2,0.0,0.0,0.0,0.0,0.0
p17115,hydro,0.0,0.0,0.0,0.0,0.0
p17115,nuclear,0.0,0.0,0.0,0.0,0.0
p17115,pumped-hydro,0.0,0.0,0.0,0.0,0.0
p17115,pv,560.0,560.0,560.0,560.0,560.0
p17115,wind-ofs,0.0,0.0,0.0,0.0,0.0
p17115,wind-ons,498.3,498.3,498.3,498.3,498.3
p17117,battery,100.0,100.0,100.0,100.0,100.0
p17117,biomass,0.0,0.0,0.0,0.0,0.0
p17117,coal,0.0,0.0,0.0,0.0,0.0
p17117,gas,0.0,0.0,0.0,0.0,0.0
p17117,geothermal,0.0,0.0,0.0,0.0,0.0
p17117,h2,0.0,0.0,0.0,0.0,0.0
p17117,hydro,0.0,0.0,0.0,0.0,0.0
p17117,nuclear,0.0,0.0,0.0,0.0,0.0
p17117,pumped-hydro,0.0,0.0,0.0,0.0,0.0
p17117,pv,1385.6,1385.6,1385.6,1385.6,1385.6
p17117,wind-ofs,0.0,0.0,0.0,0.0,0.0
p17117,wind-ons,444.0,444.0,444.0,444.0,444.0
p17119,battery,225.0,225.0,225.0,225.0,225.0
p17119,biomass,0.0,0.0,0.0,0.0,0.0
p17119,coal,0.0,0.0,0.0,0.0,0.0
p17119,gas,0.0,0.0,0.0,0.0,0.0
p17119,geothermal,0.0,0.0,0.0,0.0,0.0
p17119,h2,0.0,0.0,0.0,0.0,0.0
p17119,hydro,0.0,0.0,0.0,0.0,0.0
p17119,nuclear,0.0,0.0,0.0,0.0,0.0
p17119,pumped-hydro,0.0,0.0,0.0,0.0,0.0
p17119,pv,0.0,0.0,0.0,0.0,0.0
p17119,wind-ofs,0.0,0.0,0.0,0.0,0.0
p17119,wind-ons,236.0,236.0,236.0,236.0,236.0
p17121,battery,200.0,200.0,200.0,200.0,200.0
p17121,biomass,0.0,0.0,0.0,0.0,0.0
p17121,coal,0.0,0.0,0.0,0.0,0.0
p17121,gas,0.0,0.0,0.0,0.0,0.0
p17121,geothermal,0.0,0.0,0.0,0.0,0.0
p17121,h2,0.0,0.0,0.0,0.0,0.0
p17121,hydro,0.0,0.0,0.0,0.0,0.0
p17121,nuclear,0.0,0.0,0.0,0.0,0.0
p17121,pumped-hydro,0.0,0.0,0.0,0.0,0.0
p17121,pv,749.0,749.0,749.0,749.0,749.0
p17121,wind-ofs,0.0,0.0,0.0,0.0,0.0
p17121,wind-ons,0.0,0.0,0.0,0.0,0.0
p17123,battery,0.0,0.0,0.0,0.0,0.0
p17123,biomass,0.0,0.0,0.0,0.0,0.0
p17123,coal,0.0,0.0,0.0,0.0,0.0
p17123,gas,0.0,0.0,0.0,0.0,0.0
p17123,geothermal,0.0,0.0,0.0,0.0,0.0
p17123,h2,0.0,0.0,0.0,0.0,0.0
p17123,hydro,0.0,0.0,0.0,0.0,0.0
p17123,nuclear,0.0,0.0,0.0,0.0,0.0
p17123,pumped-hydro,0.0,0.0,0.0,0.0,0.0
p17123,pv,35.0,35.0,35.0,35.0,35.0
p17123,wind-ofs,0.0,0.0,0.0,0.0,0.0
p17123,wind-ons,178.0,178.0,178.0,178.0,178.0
p17125,battery,37.0,37.0,37.0,37.0,37.0
p17125,biomass,0.0,0.0,0.0,0.0,0.0
p17125,coal,0.0,0.0,0.0,0.0,0.0
p17125,gas,0.0,0.0,0.0,0.0,0.0
p17125,geothermal,0.0,0.0,0.0,0.0,0.0
p17125,h2,0.0,0.0,0.0,0.0,0.0
p17125,hydro,0.0,0.0,0.0,0.0,0.0
p17125,nuclear,0.0,0.0,0.0,0.0,0.0
p17125,pumped-hydro,0.0,0.0,0.0,0.0,0.0
p17125,pv,1070.0,1070.0,1070.0,1070.0,1070.0
p17125,wind-ofs,0.0,0.0,0.0,0.0,0.0
p17125,wind-ons,644.22,644.22,644.22,644.22,644.22
p17127,battery,0.0,0.0,0.0,0.0,0.0
p17127,biomass,0.0,0.0,0.0,0.0,0.0
p17127,coal,0.0,0.0,0.0,0.0,0.0
p17127,gas,0.0,0.0,0.0,0.0,0.0
p17127,geothermal,0.0,0.0,0.0,0.0,0.0
p17127,h2,0.0,0.0,0.0,0.0,0.0
p17127,hydro,0.0,0.0,0.0,0.0,0.0
p17127,nuclear,0.0,0.0,0.0,0.0,0.0
p17127,pumped-hydro,0.0,0.0,0.0,0.0,0.0
p17127,pv,200.0,200.0,200.0,200.0,200.0
p17127,wind-ofs,0.0,0.0,0.0,0.0,0.0
p17127,wind-ons,0.0,0.0,0.0,0.0,0.0
p17131,battery,0.0,0.0,0.0,0.0,0.0
p17131,biomass,0.0,0.0,0.0,0.0,0.0
p17131,coal,0.0,0.0,0.0,0.0,0.0
p17131,gas,0.0,0.0,0.0,0.0,0.0
p17131,geothermal,0.0,0.0,0.0,0.0,0.0
p17131,h2,0.0,0.0,0.0,0.0,0.0
p17131,hydro,0.0,0.0,0.0,0.0,0.0
p17131,nuclear,0.0,0.0,0.0,0.0,0.0
p17131,pumped-hydro,0.0,0.0,0.0,0.0,0.0
p17131,pv,243.23999999999998,243.23999999999998,243.23999999999998,243.23999999999998,243.23999999999998
p17131,wind-ofs,0.0,0.0,0.0,0.0,0.0
p17131,wind-ons,250.0,250.0,250.0,250.0,250.0
p17133,battery,200.0,200.0,200.0,200.0,200.0
p17133,biomass,0.0,0.0,0.0,0.0,0.0
p17133,coal,0.0,0.0,0.0,0.0,0.0
p17133,gas,0.0,0.0,0.0,0.0,0.0
p17133,geothermal,0.0,0.0,0.0,0.0,0.0
p17133,h2,0.0,0.0,0.0,0.0,0.0
p17133,hydro,0.0,0.0,0.0,0.0,0.0
p17133,nuclear,0.0,0.0,0.0,0.0,0.0
p17133,pumped-hydro,0.0,0.0,0.0,0.0,0.0
p17133,pv,0.0,0.0,0.0,0.0,0.0
p17133,wind-ofs,0.0,0.0,0.0,0.0,0.0
p17133,wind-ons,0.0,0.0,0.0,0.0,0.0
p17135,battery,200.0,200.0,200.0,200.0,200.0
p17135,biomass,0.0,0.0,0.0,0.0,0.0
p17135,coal,0.0,0.0,0.0,0.0,0.0
p17135,gas,0.0,0.0,0.0,0.0,0.0
p17135,geothermal,0.0,0.0,0.0,0.0,0.0
p17135,h2,0.0,0.0,0.0,0.0,0.0
p17135,hydro,0.0,0.0,0.0,0.0,0.0
p17135,nuclear,0.0,0.0,0.0,0.0,0.0
p17135,pumped-hydro,0.0,0.0,0.0,0.0,0.0
p17135,pv,842.2,842.2,842.2,842.2,842.2
p17135,wind-ofs,0.0,0.0,0.0,0.0,0.0
p17135,wind-ons,0.0,0.0,0.0,0.0,0.0
p17137,battery,250.0,250.0,250.0,250.0,250.0
p17137,biomass,0.0,0.0,0.0,0.0,0.0
p17137,coal,0.0,0.0,0.0,0.0,0.0
p17137,gas,0.0,0.0,0.0,0.0,0.0
p17137,geothermal,0.0,0.0,0.0,0.0,0.0
p17137,h2,0.0,0.0,0.0,0.0,0.0
p17137,hydro,0.0,0.0,0.0,0.0,0.0
p17137,nuclear,0.0,0.0,0.0,0.0,0.0
p17137,pumped-hydro,0.0,0.0,0.0,0.0,0.0
p17137,pv,130.0,130.0,130.0,130.0,130.0
p17137,wind-ofs,0.0,0.0,0.0,0.0,0.0
p17137,wind-ons,700.0,700.0,700.0,700.0,700.0
p17139,battery,0.0,0.0,0.0,0.0,0.0
p17139,biomass,0.0,0.0,0.0,0.0,0.0
p17139,coal,0.0,0.0,0.0,0.0,0.0
p17139,gas,0.0,0.0,0.0,0.0,0.0
p17139,geothermal,0.0,0.0,0.0,0.0,0.0
p17139,h2,0.0,0.0,0.0,0.0,0.0
p17139,hydro,0.0,0.0,0.0,0.0,0.0
p17139,nuclear,0.0,0.0,0.0,0.0,0.0
p17139,pumped-hydro,0.0,0.0,0.0,0.0,0.0
p17139,pv,200.0,200.0,200.0,200.0,200.0
p17139,wind-ofs,0.0,0.0,0.0,0.0,0.0
p17139,wind-ons,109.0,109.0,109.0,109.0,109.0
p17141,battery,150.0,150.0,150.0,150.0,150.0
p17141,biomass,0.0,0.0,0.0,0.0,0.0
p17141,coal,0.0,0.0,0.0,0.0,0.0
p17141,gas,0.0,0.0,0.0,0.0,0.0
p17141,geothermal,0.0,0.0,0.0,0.0,0.0
p17141,h2,0.0,0.0,0.0,0.0,0.0
p17141,hydro,0.0,0.0,0.0,0.0,0.0
p17141,nuclear,0.0,0.0,0.0,0.0,0.0
p17141,pumped-hydro,0.0,0.0,0.0,0.0,0.0
p17141,pv,994.5,994.5,994.5,994.5,994.5
p17141,wind-ofs,0.0,0.0,0.0,0.0,0.0
p17141,wind-ons,150.0,150.0,150.0,150.0,150.0
p17143,battery,600.0,600.0,600.0,600.0,600.0
p17143,biomass,0.0,0.0,0.0,0.0,0.0
p17143,coal,0.0,0.0,0.0,0.0,0.0
p17143,gas,0.0,0.0,0.0,0.0,0.0
p17143,geothermal,0.0,0.0,0.0,0.0,0.0
p17143,h2,0.0,0.0,0.0,0.0,0.0
p17143,hydro,0.0,0.0,0.0,0.0,0.0
p17143,nuclear,0.0,0.0,0.0,0.0,0.0
p17143,pumped-hydro,0.0,0.0,0.0,0.0,0.0
p17143,pv,0.0,0.0,0.0,0.0,0.0
p17143,wind-ofs,0.0,0.0,0.0,0.0,0.0
p17143,wind-ons,902.0,902.0,902.0,902.0,902.0
p17145,battery,143.0,143.0,143.0,143.0,143.0
p17145,biomass,0.0,0.0,0.0,0.0,0.0
p17145,coal,0.0,0.0,0.0,0.0,0.0
p17145,gas,0.0,0.0,0.0,0.0,0.0
p17145,geothermal,0.0,0.0,0.0,0.0,0.0
p17145,h2,0.0,0.0,0.0,0.0,0.0
p17145,hydro,0.0,0.0,0.0,0.0,0.0
p17145,nuclear,0.0,0.0,0.0,0.0,0.0
p17145,pumped-hydro,0.0,0.0,0.0,0.0,0.0
p17145,pv,2157.0,2157.0,2157.0,2157.0,2157.0
p17145,wind-ofs,0.0,0.0,0.0,0.0,0.0
p17145,wind-ons,0.0,0.0,0.0,0.0,0.0
p17147,battery,0.0,0.0,0.0,0.0,0.0
p17147,biomass,0.0,0.0,0.0,0.0,0.0
p17147,coal,0.0,0.0,0.0,0.0,0.0
p17147,gas,0.0,0.0,0.0,0.0,0.0
p17147,geothermal,0.0,0.0,0.0,0.0,0.0
p17147,h2,0.0,0.0,0.0,0.0,0.0
p17147,hydro,0.0,0.0,0.0,0.0,0.0
p17147,nuclear,0.0,0.0,0.0,0.0,0.0
p17147,pumped-hydro,0.0,0.0,0.0,0.0,0.0
p17147,pv,171.0,171.0,171.0,171.0,171.0
p17147,wind-ofs,0.0,0.0,0.0,0.0,0.0
p17147,wind-ons,600.0,600.0,600.0,600.0,600.0
p17149,battery,0.0,0.0,0.0,0.0,0.0
p17149,biomass,0.0,0.0,0.0,0.0,0.0
p17149,coal,0.0,0.0,0.0,0.0,0.0
p17149,gas,0.0,0.0,0.0,0.0,0.0
p17149,geothermal,0.0,0.0,0.0,0.0,0.0
p17149,h2,0.0,0.0,0.0,0.0,0.0
p17149,hydro,0.0,0.0,0.0,0.0,0.0
p17149,nuclear,0.0,0.0,0.0,0.0,0.0
p17149,pumped-hydro,0.0,0.0,0.0,0.0,0.0
p17149,pv,150.0,150.0,150.0,150.0,150.0
p17149,wind-ofs,0.0,0.0,0.0,0.0,0.0
p17149,wind-ons,0.0,0.0,0.0,0.0,0.0
p17153,battery,200.0,200.0,200.0,200.0,200.0
p17153,biomass,0.0,0.0,0.0,0.0,0.0
p17153,coal,0.0,0.0,0.0,0.0,0.0
p17153,gas,0.0,0.0,0.0,0.0,0.0
p17153,geothermal,0.0,0.0,0.0,0.0,0.0
p17153,h2,0.0,0.0,0.0,0.0,0.0
p17153,hydro,0.0,0.0,0.0,0.0,0.0
p17153,nuclear,0.0,0.0,0.0,0.0,0.0
p17153,pumped-hydro,0.0,0.0,0.0,0.0,0.0
p17153,pv,575.0,575.0,575.0,575.0,575.0
p17153,wind-ofs,0.0,0.0,0.0,0.0,0.0
p17153,wind-ons,0.0,0.0,0.0,0.0,0.0
p17155,battery,210.0,210.0,210.0,210.0,210.0
p17155,biomass,0.0,0.0,0.0,0.0,0.0
p17155,coal,0.0,0.0,0.0,0.0,0.0
p17155,gas,0.0,0.0,0.0,0.0,0.0
p17155,geothermal,0.0,0.0,0.0,0.0,0.0
p17155,h2,0.0,0.0,0.0,0.0,0.0
p17155,hydro,0.0,0.0,0.0,0.0,0.0
p17155,nuclear,0.0,0.0,0.0,0.0,0.0
p17155,pumped-hydro,0.0,0.0,0.0,0.0,0.0
p17155,pv,264.2,264.2,264.2,264.2,264.2
p17155,wind-ofs,0.0,0.0,0.0,0.0,0.0
p17155,wind-ons,47.9,47.9,47.9,47.9,47.9
p17157,battery,0.0,0.0,0.0,0.0,0.0
p17157,biomass,0.0,0.0,0.0,0.0,0.0
p17157,coal,0.0,0.0,0.0,0.0,0.0
p17157,gas,0.0,0.0,0.0,0.0,0.0
p17157,geothermal,0.0,0.0,0.0,0.0,0.0
p17157,h2,0.0,0.0,0.0,0.0,0.0
p17157,hydro,0.0,0.0,0.0,0.0,0.0
p17157,nuclear,0.0,0.0,0.0,0.0,0.0
p17157,pumped-hydro,0.0,0.0,0.0,0.0,0.0
p17157,pv,464.20000000000005,464.20000000000005,464.20000000000005,464.20000000000005,464.20000000000005
p17157,wind-ofs,0.0,0.0,0.0,0.0,0.0
p17157,wind-ons,0.0,0.0,0.0,0.0,0.0
p17161,battery,580.0,580.0,580.0,580.0,580.0
p17161,biomass,0.0,0.0,0.0,0.0,0.0
p17161,coal,0.0,0.0,0.0,0.0,0.0
p17161,gas,0.0,0.0,0.0,0.0,0.0
p17161,geothermal,0.0,0.0,0.0,0.0,0.0
p17161,h2,0.0,0.0,0.0,0.0,0.0
p17161,hydro,0.0,0.0,0.0,0.0,0.0
p17161,nuclear,0.0,0.0,0.0,0.0,0.0
p17161,pumped-hydro,0.0,0.0,0.0,0.0,0.0
p17161,pv,412.0,412.0,412.0,412.0,412.0
p17161,wind-ofs,0.0,0.0,0.0,0.0,0.0
p17161,wind-ons,0.0,0.0,0.0,0.0,0.0
p17163,battery,700.0,700.0,700.0,700.0,700.0
p17163,biomass,0.0,0.0,0.0,0.0,0.0
p17163,coal,0.0,0.0,0.0,0.0,0.0
p17163,gas,0.0,0.0,0.0,0.0,0.0
p17163,geothermal,0.0,0.0,0.0,0.0,0.0
p17163,h2,0.0,0.0,0.0,0.0,0.0
p17163,hydro,0.0,0.0,0.0,0.0,0.0
p17163,nuclear,0.0,0.0,0.0,0.0,0.0
p17163,pumped-hydro,0.0,0.0,0.0,0.0,0.0
p17163,pv,1064.0,1064.0,1064.0,1064.0,1064.0
p17163,wind-ofs,0.0,0.0,0.0,0.0,0.0
p17163,wind-ons,0.0,0.0,0.0,0.0,0.0
p17165,battery,0.0,0.0,0.0,0.0,0.0
p17165,biomass,0.0,0.0,0.0,0.0,0.0
p17165,coal,0.0,0.0,0.0,0.0,0.0
p17165,gas,0.0,0.0,0.0,0.0,0.0
p17165,geothermal,0.0,0.0,0.0,0.0,0.0
p17165,h2,0.0,0.0,0.0,0.0,0.0
p17165,hydro,0.0,0.0,0.0,0.0,0.0
p17165,nuclear,0.0,0.0,0.0,0.0,0.0
p17165,pumped-hydro,0.0,0.0,0.0,0.0,0.0
p17165,pv,1035.0,1035.0,1035.0,1035.0,1035.0
p17165,wind-ofs,0.0,0.0,0.0,0.0,0.0
p17165,wind-ons,0.0,0.0,0.0,0.0,0.0
p17167,battery,879.9,879.9,879.9,879.9,879.9
p17167,biomass,0.0,0.0,0.0,0.0,0.0
p17167,coal,0.0,0.0,0.0,0.0,0.0
p17167,gas,2330.0,2330.0,2330.0,2330.0,2330.0
p17167,geothermal,0.0,0.0,0.0,0.0,0.0
p17167,h2,0.0,0.0,0.0,0.0,0.0
p17167,hydro,0.0,0.0,0.0,0.0,0.0
p17167,nuclear,0.0,0.0,0.0,0.0,0.0
p17167,pumped-hydro,0.0,0.0,0.0,0.0,0.0
p17167,pv,835.0,835.0,835.0,835.0,835.0
p17167,wind-ofs,0.0,0.0,0.0,0.0,0.0
p17167,wind-ons,200.0,200.0,200.0,200.0,200.0
p17171,battery,0.0,0.0,0.0,0.0,0.0
p17171,biomass,0.0,0.0,0.0,0.0,0.0
p17171,coal,0.0,0.0,0.0,0.0,0.0
p17171,gas,0.0,0.0,0.0,0.0,0.0
p17171,geothermal,0.0,0.0,0.0,0.0,0.0
p17171,h2,0.0,0.0,0.0,0.0,0.0
p17171,hydro,0.0,0.0,0.0,0.0,0.0
p17171,nuclear,0.0,0.0,0.0,0.0,0.0
p17171,pumped-hydro,0.0,0.0,0.0,0.0,0.0
p17171,pv,733.0,733.0,733.0,733.0,733.0
p17171,wind-ofs,0.0,0.0,0.0,0.0,0.0
p17171,wind-ons,0.0,0.0,0.0,0.0,0.0
p17173,battery,60.0,60.0,60.0,60.0,60.0
p17173,biomass,0.0,0.0,0.0,0.0,0.0
p17173,coal,0.0,0.0,0.0,0.0,0.0
p17173,gas,0.0,0.0,0.0,0.0,0.0
p17173,geothermal,0.0,0.0,0.0,0.0,0.0
p17173,h2,0.0,0.0,0.0,0.0,0.0
p17173,hydro,0.0,0.0,0.0,0.0,0.0
p17173,nuclear,0.0,0.0,0.0,0.0,0.0
p17173,pumped-hydro,0.0,0.0,0.0,0.0,0.0
p17173,pv,535.0,535.0,535.0,535.0,535.0
p17173,wind-ofs,0.0,0.0,0.0,0.0,0.0
p17173,wind-ons,350.0,350.0,350.0,350.0,350.0
p17175,battery,252.0,252.0,252.0,252.0,252.0
p17175,biomass,0.0,0.0,0.0,0.0,0.0
p17175,coal,0.0,0.0,0.0,0.0,0.0
p17175,gas,0.0,0.0,0.0,0.0,0.0
p17175,geothermal,0.0,0.0,0.0,0.0,0.0
p17175,h2,0.0,0.0,0.0,0.0,0.0
p17175,hydro,0.0,0.0,0.0,0.0,0.0
p17175,nuclear,0.0,0.0,0.0,0.0,0.0
p17175,pumped-hydro,0.0,0.0,0.0,0.0,0.0
p17175,pv,630.0,630.0,630.0,630.0,630.0
p17175,wind-ofs,0.0,0.0,0.0,0.0,0.0
p17175,wind-ons,400.0,400.0,400.0,400.0,400.0
p17177,battery,368.0,368.0,368.0,368.0,368.0
p17177,biomass,0.0,0.0,0.0,0.0,0.0
p17177,coal,0.0,0.0,0.0,0.0,0.0
p17177,gas,0.0,0.0,0.0,0.0,0.0
p17177,geothermal,0.0,0.0,0.0,0.0,0.0
p17177,h2,0.0,0.0,0.0,0.0,0.0
p17177,hydro,0.0,0.0,0.0,0.0,0.0
p17177,nuclear,0.0,0.0,0.0,0.0,0.0
p17177,pumped-hydro,0.0,0.0,0.0,0.0,0.0
p17177,pv,234.3,234.3,234.3,234.3,234.3
p17177,wind-ofs,0.0,0.0,0.0,0.0,0.0
p17177,wind-ons,200.0,200.0,200.0,200.0,200.0
p17179,battery,873.0,873.0,873.0,873.0,873.0
p17179,biomass,0.0,0.0,0.0,0.0,0.0
p17179,coal,0.0,0.0,0.0,0.0,0.0
p17179,gas,0.0,0.0,0.0,0.0,0.0
p17179,geothermal,0.0,0.0,0.0,0.0,0.0
p17179,h2,0.0,0.0,0.0,0.0,0.0
p17179,hydro,0.0,0.0,0.0,0.0,0.0
p17179,nuclear,0.0,0.0,0.0,0.0,0.0
p17179,pumped-hydro,0.0,0.0,0.0,0.0,0.0
p17179,pv,1295.71,1295.71,1295.71,1295.71,1295.71
p17179,wind-ofs,0.0,0.0,0.0,0.0,0.0
p17179,wind-ons,400.0,400.0,400.0,400.0,400.0
p17183,battery,0.0,0.0,0.0,0.0,0.0
p17183,biomass,0.0,0.0,0.0,0.0,0.0
p17183,coal,0.0,0.0,0.0,0.0,0.0
p17183,gas,0.0,0.0,0.0,0.0,0.0
p17183,geothermal,0.0,0.0,0.0,0.0,0.0
p17183,h2,0.0,0.0,0.0,0.0,0.0
p17183,hydro,0.0,0.0,0.0,0.0,0.0
p17183,nuclear,0.0,0.0,0.0,0.0,0.0
p17183,pumped-hydro,0.0,0.0,0.0,0.0,0.0
p17183,pv,1105.0,1105.0,1105.0,1105.0,1105.0
p17183,wind-ofs,0.0,0.0,0.0,0.0,0.0
p17183,wind-ons,499.9,499.9,499.9,499.9,499.9
p17185,battery,0.0,0.0,0.0,0.0,0.0
p17185,biomass,0.0,0.0,0.0,0.0,0.0
p17185,coal,0.0,0.0,0.0,0.0,0.0
p17185,gas,0.0,0.0,0.0,0.0,0.0
p17185,geothermal,0.0,0.0,0.0,0.0,0.0
p17185,h2,0.0,0.0,0.0,0.0,0.0
p17185,hydro,0.0,0.0,0.0,0.0,0.0
p17185,nuclear,0.0,0.0,0.0,0.0,0.0
p17185,pumped-hydro,0.0,0.0,0.0,0.0,0.0
p17185,pv,770.0,770.0,770.0,770.0,770.0
p17185,wind-ofs,0.0,0.0,0.0,0.0,0.0
p17185,wind-ons,235.0,235.0,235.0,235.0,235.0
p17187,battery,0.0,0.0,0.0,0.0,0.0
p17187,biomass,0.0,0.0,0.0,0.0,0.0
p17187,coal,0.0,0.0,0.0,0.0,0.0
p17187,gas,0.0,0.0,0.0,0.0,0.0
p17187,geothermal,0.0,0.0,0.0,0.0,0.0
p17187,h2,0.0,0.0,0.0,0.0,0.0
p17187,hydro,0.0,0.0,0.0,0.0,0.0
p17187,nuclear,0.0,0.0,0.0,0.0,0.0
p17187,pumped-hydro,0.0,0.0,0.0,0.0,0.0
p17187,pv,235.0,235.0,235.0,235.0,235.0
p17187,wind-ofs,0.0,0.0,0.0,0.0,0.0
p17187,wind-ons,0.0,0.0,0.0,0.0,0.0
p17189,battery,200.0,200.0,200.0,200.0,200.0
p17189,biomass,0.0,0.0,0.0,0.0,0.0
p17189,coal,0.0,0.0,0.0,0.0,0.0
p17189,gas,0.0,0.0,0.0,0.0,0.0
p17189,geothermal,0.0,0.0,0.0,0.0,0.0
p17189,h2,0.0,0.0,0.0,0.0,0.0
p17189,hydro,0.0,0.0,0.0,0.0,0.0
p17189,nuclear,0.0,0.0,0.0,0.0,0.0
p17189,pumped-hydro,0.0,0.0,0.0,0.0,0.0
p17189,pv,820.0,820.0,820.0,820.0,820.0
p17189,wind-ofs,0.0,0.0,0.0,0.0,0.0
p17189,wind-ons,500.0,500.0,500.0,500.0,500.0
p17191,battery,0.0,0.0,0.0,0.0,0.0
p17191,biomass,0.0,0.0,0.0,0.0,0.0
p17191,coal,0.0,0.0,0.0,0.0,0.0
p17191,gas,0.0,0.0,0.0,0.0,0.0
p17191,geothermal,0.0,0.0,0.0,0.0,0.0
p17191,h2,0.0,0.0,0.0,0.0,0.0
p17191,hydro,0.0,0.0,0.0,0.0,0.0
p17191,nuclear,0.0,0.0,0.0,0.0,0.0
p17191,pumped-hydro,0.0,0.0,0.0,0.0,0.0
p17191,pv,200.0,200.0,200.0,200.0,200.0
p17191,wind-ofs,0.0,0.0,0.0,0.0,0.0
p17191,wind-ons,0.0,0.0,0.0,0.0,0.0
p17193,battery,0.0,0.0,0.0,0.0,0.0
p17193,biomass,0.0,0.0,0.0,0.0,0.0
p17193,coal,0.0,0.0,0.0,0.0,0.0
p17193,gas,0.0,0.0,0.0,0.0,0.0
p17193,geothermal,0.0,0.0,0.0,0.0,0.0
p17193,h2,0.0,0.0,0.0,0.0,0.0
p17193,hydro,0.0,0.0,0.0,0.0,0.0
p17193,nuclear,0.0,0.0,0.0,0.0,0.0
p17193,pumped-hydro,0.0,0.0,0.0,0.0,0.0
p17193,pv,500.0,500.0,500.0,500.0,500.0
p17193,wind-ofs,0.0,0.0,0.0,0.0,0.0
p17193,wind-ons,0.0,0.0,0.0,0.0,0.0
p17195,battery,233.0,233.0,233.0,233.0,233.0
p17195,biomass,0.0,0.0,0.0,0.0,0.0
p17195,coal,0.0,0.0,0.0,0.0,0.0
p17195,gas,0.0,0.0,0.0,0.0,0.0
p17195,geothermal,0.0,0.0,0.0,0.0,0.0
p17195,h2,0.0,0.0,0.0,0.0,0.0
p17195,hydro,0.0,0.0,0.0,0.0,0.0
p17195,nuclear,0.0,0.0,0.0,0.0,0.0
p17195,pumped-hydro,0.0,0.0,0.0,0.0,0.0
p17195,pv,655.0,655.0,655.0,655.0,655.0
p17195,wind-ofs,0.0,0.0,0.0,0.0,0.0
p17195,wind-ons,512.1,512.1,512.1,512.1,512.1
p17197,battery,1360.0,1360.0,1360.0,1360.0,1360.0
p17197,biomass,0.0,0.0,0.0,0.0,0.0
p17197,coal,0.0,0.0,0.0,0.0,0.0
p17197,gas,240.0,240.0,240.0,240.0,240.0
p17197,geothermal,0.0,0.0,0.0,0.0,0.0
p17197,h2,0.0,0.0,0.0,0.0,0.0
p17197,hydro,0.0,0.0,0.0,0.0,0.0
p17197,nuclear,0.0,0.0,0.0,0.0,0.0
p17197,pumped-hydro,0.0,0.0,0.0,0.0,0.0
p17197,pv,71.6,71.6,71.6,71.6,71.6
p17197,wind-ofs,0.0,0.0,0.0,0.0,0.0
p17197,wind-ons,0.0,0.0,0.0,0.0,0.0
p17199,battery,190.0,190.0,190.0,190.0,190.0
p17199,biomass,0.0,0.0,0.0,0.0,0.0
p17199,coal,0.0,0.0,0.0,0.0,0.0
p17199,gas,0.0,0.0,0.0,0.0,0.0
p17199,geothermal,0.0,0.0,0.0,0.0,0.0
p17199,h2,0.0,0.0,0.0,0.0,0.0
p17199,hydro,0.0,0.0,0.0,0.0,0.0
p17199,nuclear,0.0,0.0,0.0,0.0,0.0
p17199,pumped-hydro,0.0,0.0,0.0,0.0,0.0
p17199,pv,250.0,250.0,250.0,250.0,250.0
p17199,wind-ofs,0.0,0.0,0.0,0.0,0.0
p17199,wind-ons,0.0,0.0,0.0,0.0,0.0
p17201,battery,314.0,314.0,314.0,314.0,314.0
p17201,biomass,0.0,0.0,0.0,0.0,0.0
p17201,coal,0.0,0.0,0.0,0.0,0.0
p17201,gas,0.0,0.0,0.0,0.0,0.0
p17201,geothermal,0.0,0.0,0.0,0.0,0.0
p17201,h2,0.0,0.0,0.0,0.0,0.0
p17201,hydro,0.0,0.0,0.0,0.0,0.0
p17201,nuclear,0.0,0.0,0.0,0.0,0.0
p17201,pumped-hydro,0.0,0.0,0.0,0.0,0.0
p17201,pv,539.0,539.0,539.0,539.0,539.0
p17201,wind-ofs,0.0,0.0,0.0,0.0,0.0
p17201,wind-ons,0.0,0.0,0.0,0.0,0.0
p17203,battery,150.0,150.0,150.0,150.0,150.0
p17203,biomass,0.0,0.0,0.0,0.0,0.0
p17203,coal,0.0,0.0,0.0,0.0,0.0
p17203,gas,0.0,0.0,0.0,0.0,0.0
p17203,geothermal,0.0,0.0,0.0,0.0,0.0
p17203,h2,0.0,0.0,0.0,0.0,0.0
p17203,hydro,0.0,0.0,0.0,0.0,0.0
p17203,nuclear,0.0,0.0,0.0,0.0,0.0
p17203,pumped-hydro,0.0,0.0,0.0,0.0,0.0
p17203,pv,55.2,55.2,55.2,55.2,55.2
p17203,wind-ofs,0.0,0.0,0.0,0.0,0.0
p17203,wind-ons,1600.0,1600.0,1600.0,1600.0,1600.0
p18001,battery,0.0,0.0,0.0,0.0,0.0
p18001,biomass,0.0,0.0,0.0,0.0,0.0
p18001,coal,0.0,0.0,0.0,0.0,0.0
p18001,gas,0.0,0.0,0.0,0.0,0.0
p18001,geothermal,0.0,0.0,0.0,0.0,0.0
p18001,h2,0.0,0.0,0.0,0.0,0.0
p18001,hydro,0.0,0.0,0.0,0.0,0.0
p18001,nuclear,0.0,0.0,0.0,0.0,0.0
p18001,pumped-hydro,0.0,0.0,0.0,0.0,0.0
p18001,pv,167.4,167.4,167.4,167.4,167.4
p18001,wind-ofs,0.0,0.0,0.0,0.0,0.0
p18001,wind-ons,0.0,0.0,0.0,0.0,0.0
p18003,battery,150.0,150.0,150.0,150.0,150.0
p18003,biomass,0.0,0.0,0.0,0.0,0.0
p18003,coal,0.0,0.0,0.0,0.0,0.0
p18003,gas,0.0,0.0,0.0,0.0,0.0
p18003,geothermal,0.0,0.0,0.0,0.0,0.0
p18003,h2,0.0,0.0,0.0,0.0,0.0
p18003,hydro,0.0,0.0,0.0,0.0,0.0
p18003,nuclear,0.0,0.0,0.0,0.0,0.0
p18003,pumped-hydro,0.0,0.0,0.0,0.0,0.0
p18003,pv,689.2,689.2,689.2,689.2,689.2
p18003,wind-ofs,0.0,0.0,0.0,0.0,0.0
p18003,wind-ons,0.0,0.0,0.0,0.0,0.0
p18005,battery,50.0,50.0,50.0,50.0,50.0
p18005,biomass,0.0,0.0,0.0,0.0,0.0
p18005,coal,0.0,0.0,0.0,0.0,0.0
p18005,gas,0.0,0.0,0.0,0.0,0.0
p18005,geothermal,0.0,0.0,0.0,0.0,0.0
p18005,h2,0.0,0.0,0.0,0.0,0.0
p18005,hydro,0.0,0.0,0.0,0.0,0.0
p18005,nuclear,0.0,0.0,0.0,0.0,0.0
p18005,pumped-hydro,0.0,0.0,0.0,0.0,0.0
p18005,pv,350.0,350.0,350.0,350.0,350.0
p18005,wind-ofs,0.0,0.0,0.0,0.0,0.0
p18005,wind-ons,0.0,0.0,0.0,0.0,0.0
p18007,battery,0.0,0.0,0.0,0.0,0.0
p18007,biomass,0.0,0.0,0.0,0.0,0.0
p18007,coal,0.0,0.0,0.0,0.0,0.0
p18007,gas,0.0,0.0,0.0,0.0,0.0
p18007,geothermal,0.0,0.0,0.0,0.0,0.0
p18007,h2,0.0,0.0,0.0,0.0,0.0
p18007,hydro,0.0,0.0,0.0,0.0,0.0
p18007,nuclear,0.0,0.0,0.0,0.0,0.0
p18007,pumped-hydro,0.0,0.0,0.0,0.0,0.0
p18007,pv,0.0,0.0,0.0,0.0,0.0
p18007,wind-ofs,0.0,0.0,0.0,0.0,0.0
p18007,wind-ons,230.0,230.0,230.0,230.0,230.0
p18009,battery,0.0,0.0,0.0,0.0,0.0
p18009,biomass,0.0,0.0,0.0,0.0,0.0
p18009,coal,0.0,0.0,0.0,0.0,0.0
p18009,gas,0.0,0.0,0.0,0.0,0.0
p18009,geothermal,0.0,0.0,0.0,0.0,0.0
p18009,h2,0.0,0.0,0.0,0.0,0.0
p18009,hydro,0.0,0.0,0.0,0.0,0.0
p18009,nuclear,0.0,0.0,0.0,0.0,0.0
p18009,pumped-hydro,0.0,0.0,0.0,0.0,0.0
p18009,pv,566.8,566.8,566.8,566.8,566.8
p18009,wind-ofs,0.0,0.0,0.0,0.0,0.0
p18009,wind-ons,911.8,911.8,911.8,911.8,911.8
p18011,battery,0.0,0.0,0.0,0.0,0.0
p18011,biomass,0.0,0.0,0.0,0.0,0.0
p18011,coal,0.0,0.0,0.0,0.0,0.0
p18011,gas,0.0,0.0,0.0,0.0,0.0
p18011,geothermal,0.0,0.0,0.0,0.0,0.0
p18011,h2,0.0,0.0,0.0,0.0,0.0
p18011,hydro,0.0,0.0,0.0,0.0,0.0
p18011,nuclear,0.0,0.0,0.0,0.0,0.0
p18011,pumped-hydro,0.0,0.0,0.0,0.0,0.0
p18011,pv,500.0,500.0,500.0,500.0,500.0
p18011,wind-ofs,0.0,0.0,0.0,0.0,0.0
p18011,wind-ons,0.0,0.0,0.0,0.0,0.0
p18013,battery,10.0,10.0,10.0,10.0,10.0
p18013,biomass,0.0,0.0,0.0,0.0,0.0
p18013,coal,0.0,0.0,0.0,0.0,0.0
p18013,gas,0.0,0.0,0.0,0.0,0.0
p18013,geothermal,0.0,0.0,0.0,0.0,0.0
p18013,h2,0.0,0.0,0.0,0.0,0.0
p18013,hydro,0.0,0.0,0.0,0.0,0.0
p18013,nuclear,0.0,0.0,0.0,0.0,0.0
p18013,pumped-hydro,0.0,0.0,0.0,0.0,0.0
p18013,pv,0.0,0.0,0.0,0.0,0.0
p18013,wind-ofs,0.0,0.0,0.0,0.0,0.0
p18013,wind-ons,0.0,0.0,0.0,0.0,0.0
p18015,battery,0.0,0.0,0.0,0.0,0.0
p18015,biomass,0.0,0.0,0.0,0.0,0.0
p18015,coal,0.0,0.0,0.0,0.0,0.0
p18015,gas,0.0,0.0,0.0,0.0,0.0
p18015,geothermal,0.0,0.0,0.0,0.0,0.0
p18015,h2,0.0,0.0,0.0,0.0,0.0
p18015,hydro,0.0,0.0,0.0,0.0,0.0
p18015,nuclear,0.0,0.0,0.0,0.0,0.0
p18015,pumped-hydro,0.0,0.0,0.0,0.0,0.0
p18015,pv,359.0,359.0,359.0,359.0,359.0
p18015,wind-ofs,0.0,0.0,0.0,0.0,0.0
p18015,wind-ons,0.0,0.0,0.0,0.0,0.0
p18017,battery,0.0,0.0,0.0,0.0,0.0
p18017,biomass,0.0,0.0,0.0,0.0,0.0
p18017,coal,0.0,0.0,0.0,0.0,0.0
p18017,gas,0.0,0.0,0.0,0.0,0.0
p18017,geothermal,0.0,0.0,0.0,0.0,0.0
p18017,h2,0.0,0.0,0.0,0.0,0.0
p18017,hydro,0.0,0.0,0.0,0.0,0.0
p18017,nuclear,0.0,0.0,0.0,0.0,0.0
p18017,pumped-hydro,0.0,0.0,0.0,0.0,0.0
p18017,pv,400.0,400.0,400.0,400.0,400.0
p18017,wind-ofs,0.0,0.0,0.0,0.0,0.0
p18017,wind-ons,0.0,0.0,0.0,0.0,0.0
p18019,battery,300.0,300.0,300.0,300.0,300.0
p18019,biomass,0.0,0.0,0.0,0.0,0.0
p18019,coal,0.0,0.0,0.0,0.0,0.0
p18019,gas,0.0,0.0,0.0,0.0,0.0
p18019,geothermal,0.0,0.0,0.0,0.0,0.0
p18019,h2,0.0,0.0,0.0,0.0,0.0
p18019,hydro,0.0,0.0,0.0,0.0,0.0
p18019,nuclear,0.0,0.0,0.0,0.0,0.0
p18019,pumped-hydro,0.0,0.0,0.0,0.0,0.0
p18019,pv,470.0,470.0,470.0,470.0,470.0
p18019,wind-ofs,0.0,0.0,0.0,0.0,0.0
p18019,wind-ons,0.0,0.0,0.0,0.0,0.0
p18021,battery,0.0,0.0,0.0,0.0,0.0
p18021,biomass,0.0,0.0,0.0,0.0,0.0
p18021,coal,0.0,0.0,0.0,0.0,0.0
p18021,gas,0.0,0.0,0.0,0.0,0.0
p18021,geothermal,0.0,0.0,0.0,0.0,0.0
p18021,h2,0.0,0.0,0.0,0.0,0.0
p18021,hydro,0.0,0.0,0.0,0.0,0.0
p18021,nuclear,0.0,0.0,0.0,0.0,0.0
p18021,pumped-hydro,0.0,0.0,0.0,0.0,0.0
p18021,pv,310.0,310.0,310.0,310.0,310.0
p18021,wind-ofs,0.0,0.0,0.0,0.0,0.0
p18021,wind-ons,0.0,0.0,0.0,0.0,0.0
p18023,battery,520.0,520.0,520.0,520.0,520.0
p18023,biomass,0.0,0.0,0.0,0.0,0.0
p18023,coal,0.0,0.0,0.0,0.0,0.0
p18023,gas,0.0,0.0,0.0,0.0,0.0
p18023,geothermal,0.0,0.0,0.0,0.0,0.0
p18023,h2,0.0,0.0,0.0,0.0,0.0
p18023,hydro,0.0,0.0,0.0,0.0,0.0
p18023,nuclear,0.0,0.0,0.0,0.0,0.0
p18023,pumped-hydro,0.0,0.0,0.0,0.0,0.0
p18023,pv,390.0,390.0,390.0,390.0,390.0
p18023,wind-ofs,0.0,0.0,0.0,0.0,0.0
p18023,wind-ons,380.0,380.0,380.0,380.0,380.0
p18025,battery,0.0,0.0,0.0,0.0,0.0
p18025,biomass,0.0,0.0,0.0,0.0,0.0
p18025,coal,0.0,0.0,0.0,0.0,0.0
p18025,gas,0.0,0.0,0.0,0.0,0.0
p18025,geothermal,0.0,0.0,0.0,0.0,0.0
p18025,h2,0.0,0.0,0.0,0.0,0.0
p18025,hydro,0.0,0.0,0.0,0.0,0.0
p18025,nuclear,0.0,0.0,0.0,0.0,0.0
p18025,pumped-hydro,0.0,0.0,0.0,0.0,0.0
p18025,pv,38.0,38.0,38.0,38.0,38.0
p18025,wind-ofs,0.0,0.0,0.0,0.0,0.0
p18025,wind-ons,0.0,0.0,0.0,0.0,0.0
p18027,battery,0.0,0.0,0.0,0.0,0.0
p18027,biomass,0.0,0.0,0.0,0.0,0.0
p18027,coal,0.0,0.0,0.0,0.0,0.0
p18027,gas,0.0,0.0,0.0,0.0,0.0
p18027,geothermal,0.0,0.0,0.0,0.0,0.0
p18027,h2,0.0,0.0,0.0,0.0,0.0
p18027,hydro,0.0,0.0,0.0,0.0,0.0
p18027,nuclear,0.0,0.0,0.0,0.0,0.0
p18027,pumped-hydro,0.0,0.0,0.0,0.0,0.0
p18027,pv,1763.0,1763.0,1763.0,1763.0,1763.0
p18027,wind-ofs,0.0,0.0,0.0,0.0,0.0
p18027,wind-ons,0.0,0.0,0.0,0.0,0.0
p18029,battery,0.0,0.0,0.0,0.0,0.0
p18029,biomass,0.0,0.0,0.0,0.0,0.0
p18029,coal,0.0,0.0,0.0,0.0,0.0
p18029,gas,0.0,0.0,0.0,0.0,0.0
p18029,geothermal,0.0,0.0,0.0,0.0,0.0
p18029,h2,0.0,0.0,0.0,0.0,0.0
p18029,hydro,0.0,0.0,0.0,0.0,0.0
p18029,nuclear,0.0,0.0,0.0,0.0,0.0
p18029,pumped-hydro,0.0,0.0,0.0,0.0,0.0
p18029,pv,150.0,150.0,150.0,150.0,150.0
p18029,wind-ofs,0.0,0.0,0.0,0.0,0.0
p18029,wind-ons,0.0,0.0,0.0,0.0,0.0
p18031,battery,346.0,346.0,346.0,346.0,346.0
p18031,biomass,0.0,0.0,0.0,0.0,0.0
p18031,coal,0.0,0.0,0.0,0.0,0.0
p18031,gas,0.0,0.0,0.0,0.0,0.0
p18031,geothermal,0.0,0.0,0.0,0.0,0.0
p18031,h2,0.0,0.0,0.0,0.0,0.0
p18031,hydro,0.0,0.0,0.0,0.0,0.0
p18031,nuclear,0.0,0.0,0.0,0.0,0.0
p18031,pumped-hydro,0.0,0.0,0.0,0.0,0.0
p18031,pv,740.0,740.0,740.0,740.0,740.0
p18031,wind-ofs,0.0,0.0,0.0,0.0,0.0
p18031,wind-ons,0.0,0.0,0.0,0.0,0.0
p18033,battery,0.0,0.0,0.0,0.0,0.0
p18033,biomass,0.0,0.0,0.0,0.0,0.0
p18033,coal,0.0,0.0,0.0,0.0,0.0
p18033,gas,0.0,0.0,0.0,0.0,0.0
p18033,geothermal,0.0,0.0,0.0,0.0,0.0
p18033,h2,0.0,0.0,0.0,0.0,0.0
p18033,hydro,0.0,0.0,0.0,0.0,0.0
p18033,nuclear,0.0,0.0,0.0,0.0,0.0
p18033,pumped-hydro,0.0,0.0,0.0,0.0,0.0
p18033,pv,360.0,360.0,360.0,360.0,360.0
p18033,wind-ofs,0.0,0.0,0.0,0.0,0.0
p18033,wind-ons,0.0,0.0,0.0,0.0,0.0
p18035,battery,70.0,70.0,70.0,70.0,70.0
p18035,biomass,0.0,0.0,0.0,0.0,0.0
p18035,coal,0.0,0.0,0.0,0.0,0.0
p18035,gas,0.0,0.0,0.0,0.0,0.0
p18035,geothermal,0.0,0.0,0.0,0.0,0.0
p18035,h2,0.0,0.0,0.0,0.0,0.0
p18035,hydro,0.0,0.0,0.0,0.0,0.0
p18035,nuclear,0.0,0.0,0.0,0.0,0.0
p18035,pumped-hydro,0.0,0.0,0.0,0.0,0.0
p18035,pv,707.92,707.92,707.92,707.92,707.92
p18035,wind-ofs,0.0,0.0,0.0,0.0,0.0
p18035,wind-ons,0.0,0.0,0.0,0.0,0.0
p18037,battery,250.0,250.0,250.0,250.0,250.0
p18037,biomass,0.0,0.0,0.0,0.0,0.0
p18037,coal,0.0,0.0,0.0,0.0,0.0
p18037,gas,0.0,0.0,0.0,0.0,0.0
p18037,geothermal,0.0,0.0,0.0,0.0,0.0
p18037,h2,0.0,0.0,0.0,0.0,0.0
p18037,hydro,0.0,0.0,0.0,0.0,0.0
p18037,nuclear,0.0,0.0,0.0,0.0,0.0
p18037,pumped-hydro,0.0,0.0,0.0,0.0,0.0
p18037,pv,400.0,400.0,400.0,400.0,400.0
p18037,wind-ofs,0.0,0.0,0.0,0.0,0.0
p18037,wind-ons,0.0,0.0,0.0,0.0,0.0
p18039,battery,100.0,100.0,100.0,100.0,100.0
p18039,biomass,0.0,0.0,0.0,0.0,0.0
p18039,coal,0.0,0.0,0.0,0.0,0.0
p18039,gas,0.0,0.0,0.0,0.0,0.0
p18039,geothermal,0.0,0.0,0.0,0.0,0.0
p18039,h2,0.0,0.0,0.0,0.0,0.0
p18039,hydro,0.0,0.0,0.0,0.0,0.0
p18039,nuclear,0.0,0.0,0.0,0.0,0.0
p18039,pumped-hydro,0.0,0.0,0.0,0.0,0.0
p18039,pv,250.0,250.0,250.0,250.0,250.0
p18039,wind-ofs,0.0,0.0,0.0,0.0,0.0
p18039,wind-ons,0.0,0.0,0.0,0.0,0.0
p18045,battery,290.0,290.0,290.0,290.0,290.0
p18045,biomass,0.0,0.0,0.0,0.0,0.0
p18045,coal,0.0,0.0,0.0,0.0,0.0
p18045,gas,0.0,0.0,0.0,0.0,0.0
p18045,geothermal,0.0,0.0,0.0,0.0,0.0
p18045,h2,0.0,0.0,0.0,0.0,0.0
p18045,hydro,0.0,0.0,0.0,0.0,0.0
p18045,nuclear,0.0,0.0,0.0,0.0,0.0
p18045,pumped-hydro,0.0,0.0,0.0,0.0,0.0
p18045,pv,2165.0,2165.0,2165.0,2165.0,2165.0
p18045,wind-ofs,0.0,0.0,0.0,0.0,0.0
p18045,wind-ons,78.0,78.0,78.0,78.0,78.0
p18051,battery,300.0,300.0,300.0,300.0,300.0
p18051,biomass,0.0,0.0,0.0,0.0,0.0
p18051,coal,0.0,0.0,0.0,0.0,0.0
p18051,gas,0.0,0.0,0.0,0.0,0.0
p18051,geothermal,0.0,0.0,0.0,0.0,0.0
p18051,h2,0.0,0.0,0.0,0.0,0.0
p18051,hydro,0.0,0.0,0.0,0.0,0.0
p18051,nuclear,0.0,0.0,0.0,0.0,0.0
p18051,pumped-hydro,0.0,0.0,0.0,0.0,0.0
p18051,pv,1580.0,1580.0,1580.0,1580.0,1580.0
p18051,wind-ofs,0.0,0.0,0.0,0.0,0.0
p18051,wind-ons,0.0,0.0,0.0,0.0,0.0
p18053,battery,0.0,0.0,0.0,0.0,0.0
p18053,biomass,0.0,0.0,0.0,0.0,0.0
p18053,coal,0.0,0.0,0.0,0.0,0.0
p18053,gas,0.0,0.0,0.0,0.0,0.0
p18053,geothermal,0.0,0.0,0.0,0.0,0.0
p18053,h2,0.0,0.0,0.0,0.0,0.0
p18053,hydro,0.0,0.0,0.0,0.0,0.0
p18053,nuclear,0.0,0.0,0.0,0.0,0.0
p18053,pumped-hydro,0.0,0.0,0.0,0.0,0.0
p18053,pv,392.2,392.2,392.2,392.2,392.2
p18053,wind-ofs,0.0,0.0,0.0,0.0,0.0
p18053,wind-ons,106.4,106.4,106.4,106.4,106.4
p18055,battery,80.0,80.0,80.0,80.0,80.0
p18055,biomass,0.0,0.0,0.0,0.0,0.0
p18055,coal,0.0,0.0,0.0,0.0,0.0
p18055,gas,0.0,0.0,0.0,0.0,0.0
p18055,geothermal,0.0,0.0,0.0,0.0,0.0
p18055,h2,0.0,0.0,0.0,0.0,0.0
p18055,hydro,0.0,0.0,0.0,0.0,0.0
p18055,nuclear,0.0,0.0,0.0,0.0,0.0
p18055,pumped-hydro,0.0,0.0,0.0,0.0,0.0
p18055,pv,1425.0,1425.0,1425.0,1425.0,1425.0
p18055,wind-ofs,0.0,0.0,0.0,0.0,0.0
p18055,wind-ons,0.0,0.0,0.0,0.0,0.0
p18057,battery,200.0,200.0,200.0,200.0,200.0
p18057,biomass,0.0,0.0,0.0,0.0,0.0
p18057,coal,0.0,0.0,0.0,0.0,0.0
p18057,gas,0.0,0.0,0.0,0.0,0.0
p18057,geothermal,0.0,0.0,0.0,0.0,0.0
p18057,h2,0.0,0.0,0.0,0.0,0.0
p18057,hydro,0.0,0.0,0.0,0.0,0.0
p18057,nuclear,0.0,0.0,0.0,0.0,0.0
p18057,pumped-hydro,0.0,0.0,0.0,0.0,0.0
p18057,pv,200.0,200.0,200.0,200.0,200.0
p18057,wind-ofs,0.0,0.0,0.0,0.0,0.0
p18057,wind-ons,0.0,0.0,0.0,0.0,0.0
p18059,battery,0.0,0.0,0.0,0.0,0.0
p18059,biomass,0.0,0.0,0.0,0.0,0.0
p18059,coal,0.0,0.0,0.0,0.0,0.0
p18059,gas,0.0,0.0,0.0,0.0,0.0
p18059,geothermal,0.0,0.0,0.0,0.0,0.0
p18059,h2,0.0,0.0,0.0,0.0,0.0
p18059,hydro,0.0,0.0,0.0,0.0,0.0
p18059,nuclear,0.0,0.0,0.0,0.0,0.0
p18059,pumped-hydro,0.0,0.0,0.0,0.0,0.0
p18059,pv,440.0,440.0,440.0,440.0,440.0
p18059,wind-ofs,0.0,0.0,0.0,0.0,0.0
p18059,wind-ons,0.0,0.0,0.0,0.0,0.0
p18061,battery,0.0,0.0,0.0,0.0,0.0
p18061,biomass,0.0,0.0,0.0,0.0,0.0
p18061,coal,0.0,0.0,0.0,0.0,0.0
p18061,gas,0.0,0.0,0.0,0.0,0.0
p18061,geothermal,0.0,0.0,0.0,0.0,0.0
p18061,h2,0.0,0.0,0.0,0.0,0.0
p18061,hydro,0.0,0.0,0.0,0.0,0.0
p18061,nuclear,0.0,0.0,0.0,0.0,0.0
p18061,pumped-hydro,0.0,0.0,0.0,0.0,0.0
p18061,pv,200.0,200.0,200.0,200.0,200.0
p18061,wind-ofs,0.0,0.0,0.0,0.0,0.0
p18061,wind-ons,0.0,0.0,0.0,0.0,0.0
p18063,battery,100.0,100.0,100.0,100.0,100.0
p18063,biomass,0.0,0.0,0.0,0.0,0.0
p18063,coal,0.0,0.0,0.0,0.0,0.0
p18063,gas,0.0,0.0,0.0,0.0,0.0
p18063,geothermal,0.0,0.0,0.0,0.0,0.0
p18063,h2,0.0,0.0,0.0,0.0,0.0
p18063,hydro,0.0,0.0,0.0,0.0,0.0
p18063,nuclear,0.0,0.0,0.0,0.0,0.0
p18063,pumped-hydro,0.0,0.0,0.0,0.0,0.0
p18063,pv,22.77,22.77,22.77,22.77,22.77
p18063,wind-ofs,0.0,0.0,0.0,0.0,0.0
p18063,wind-ons,110.0,110.0,110.0,110.0,110.0
p18065,battery,150.0,150.0,150.0,150.0,150.0
p18065,biomass,0.0,0.0,0.0,0.0,0.0
p18065,coal,0.0,0.0,0.0,0.0,0.0
p18065,gas,0.0,0.0,0.0,0.0,0.0
p18065,geothermal,0.0,0.0,0.0,0.0,0.0
p18065,h2,0.0,0.0,0.0,0.0,0.0
p18065,hydro,0.0,0.0,0.0,0.0,0.0
p18065,nuclear,0.0,0.0,0.0,0.0,0.0
p18065,pumped-hydro,0.0,0.0,0.0,0.0,0.0
p18065,pv,235.6,235.6,235.6,235.6,235.6
p18065,wind-ofs,0.0,0.0,0.0,0.0,0.0
p18065,wind-ons,0.0,0.0,0.0,0.0,0.0
p18067,battery,500.0,500.0,500.0,500.0,500.0
p18067,biomass,0.0,0.0,0.0,0.0,0.0
p18067,coal,0.0,0.0,0.0,0.0,0.0
p18067,gas,0.0,0.0,0.0,0.0,0.0
p18067,geothermal,0.0,0.0,0.0,0.0,0.0
p18067,h2,0.0,0.0,0.0,0.0,0.0
p18067,hydro,0.0,0.0,0.0,0.0,0.0
p18067,nuclear,0.0,0.0,0.0,0.0,0.0
p18067,pumped-hydro,0.0,0.0,0.0,0.0,0.0
p18067,pv,800.0,800.0,800.0,800.0,800.0
p18067,wind-ofs,0.0,0.0,0.0,0.0,0.0
p18067,wind-ons,0.0,0.0,0.0,0.0,0.0
p18069,battery,800.0,800.0,800.0,800.0,800.0
p18069,biomass,0.0,0.0,0.0,0.0,0.0
p18069,coal,0.0,0.0,0.0,0.0,0.0
p18069,gas,0.0,0.0,0.0,0.0,0.0
p18069,geothermal,0.0,0.0,0.0,0.0,0.0
p18069,h2,0.0,0.0,0.0,0.0,0.0
p18069,hydro,0.0,0.0,0.0,0.0,0.0
p18069,nuclear,0.0,0.0,0.0,0.0,0.0
p18069,pumped-hydro,0.0,0.0,0.0,0.0,0.0
p18069,pv,847.4,847.4,847.4,847.4,847.4
p18069,wind-ofs,0.0,0.0,0.0,0.0,0.0
p18069,wind-ons,170.0,170.0,170.0,170.0,170.0
p18071,battery,0.0,0.0,0.0,0.0,0.0
p18071,biomass,0.0,0.0,0.0,0.0,0.0
p18071,coal,0.0,0.0,0.0,0.0,0.0
p18071,gas,0.0,0.0,0.0,0.0,0.0
p18071,geothermal,0.0,0.0,0.0,0.0,0.0
p18071,h2,0.0,0.0,0.0,0.0,0.0
p18071,hydro,0.0,0.0,0.0,0.0,0.0
p18071,nuclear,0.0,0.0,0.0,0.0,0.0
p18071,pumped-hydro,0.0,0.0,0.0,0.0,0.0
p18071,pv,150.0,150.0,150.0,150.0,150.0
p18071,wind-ofs,0.0,0.0,0.0,0.0,0.0
p18071,wind-ons,0.0,0.0,0.0,0.0,0.0
p18073,battery,0.0,0.0,0.0,0.0,0.0
p18073,biomass,0.0,0.0,0.0,0.0,0.0
p18073,coal,0.0,0.0,0.0,0.0,0.0
p18073,gas,0.0,0.0,0.0,0.0,0.0
p18073,geothermal,0.0,0.0,0.0,0.0,0.0
p18073,h2,0.0,0.0,0.0,0.0,0.0
p18073,hydro,0.0,0.0,0.0,0.0,0.0
p18073,nuclear,0.0,0.0,0.0,0.0,0.0
p18073,pumped-hydro,0.0,0.0,0.0,0.0,0.0
p18073,pv,1977.0,1977.0,1977.0,1977.0,1977.0
p18073,wind-ofs,0.0,0.0,0.0,0.0,0.0
p18073,wind-ons,400.0,400.0,400.0,400.0,400.0
p18075,battery,175.0,175.0,175.0,175.0,175.0
p18075,biomass,0.0,0.0,0.0,0.0,0.0
p18075,coal,0.0,0.0,0.0,0.0,0.0
p18075,gas,0.0,0.0,0.0,0.0,0.0
p18075,geothermal,0.0,0.0,0.0,0.0,0.0
p18075,h2,0.0,0.0,0.0,0.0,0.0
p18075,hydro,0.0,0.0,0.0,0.0,0.0
p18075,nuclear,0.0,0.0,0.0,0.0,0.0
p18075,pumped-hydro,0.0,0.0,0.0,0.0,0.0
p18075,pv,816.2,816.2,816.2,816.2,816.2
p18075,wind-ofs,0.0,0.0,0.0,0.0,0.0
p18075,wind-ons,12.64,12.64,12.64,12.64,12.64
p18077,battery,200.0,200.0,200.0,200.0,200.0
p18077,biomass,0.0,0.0,0.0,0.0,0.0
p18077,coal,0.0,0.0,0.0,0.0,0.0
p18077,gas,0.0,0.0,0.0,0.0,0.0
p18077,geothermal,0.0,0.0,0.0,0.0,0.0
p18077,h2,0.0,0.0,0.0,0.0,0.0
p18077,hydro,0.0,0.0,0.0,0.0,0.0
p18077,nuclear,0.0,0.0,0.0,0.0,0.0
p18077,pumped-hydro,0.0,0.0,0.0,0.0,0.0
p18077,pv,250.0,250.0,250.0,250.0,250.0
p18077,wind-ofs,0.0,0.0,0.0,0.0,0.0
p18077,wind-ons,0.0,0.0,0.0,0.0,0.0
p18079,battery,44.0,44.0,44.0,44.0,44.0
p18079,biomass,0.0,0.0,0.0,0.0,0.0
p18079,coal,0.0,0.0,0.0,0.0,0.0
p18079,gas,0.0,0.0,0.0,0.0,0.0
p18079,geothermal,0.0,0.0,0.0,0.0,0.0
p18079,h2,0.0,0.0,0.0,0.0,0.0
p18079,hydro,0.0,0.0,0.0,0.0,0.0
p18079,nuclear,0.0,0.0,0.0,0.0,0.0
p18079,pumped-hydro,0.0,0.0,0.0,0.0,0.0
p18079,pv,100.0,100.0,100.0,100.0,100.0
p18079,wind-ofs,0.0,0.0,0.0,0.0,0.0
p18079,wind-ons,0.0,0.0,0.0,0.0,0.0
p18081,battery,0.0,0.0,0.0,0.0,0.0
p18081,biomass,0.0,0.0,0.0,0.0,0.0
p18081,coal,0.0,0.0,0.0,0.0,0.0
p18081,gas,0.0,0.0,0.0,0.0,0.0
p18081,geothermal,0.0,0.0,0.0,0.0,0.0
p18081,h2,0.0,0.0,0.0,0.0,0.0
p18081,hydro,0.0,0.0,0.0,0.0,0.0
p18081,nuclear,0.0,0.0,0.0,0.0,0.0
p18081,pumped-hydro,0.0,0.0,0.0,0.0,0.0
p18081,pv,100.0,100.0,100.0,100.0,100.0
p18081,wind-ofs,0.0,0.0,0.0,0.0,0.0
p18081,wind-ons,0.0,0.0,0.0,0.0,0.0
p18083,battery,400.0,400.0,400.0,400.0,400.0
p18083,biomass,0.0,0.0,0.0,0.0,0.0
p18083,coal,0.0,0.0,0.0,0.0,0.0
p18083,gas,0.0,0.0,0.0,0.0,0.0
p18083,geothermal,0.0,0.0,0.0,0.0,0.0
p18083,h2,0.0,0.0,0.0,0.0,0.0
p18083,hydro,0.0,0.0,0.0,0.0,0.0
p18083,nuclear,0.0,0.0,0.0,0.0,0.0
p18083,pumped-hydro,0.0,0.0,0.0,0.0,0.0
p18083,pv,860.0,860.0,860.0,860.0,860.0
p18083,wind-ofs,0.0,0.0,0.0,0.0,0.0
p18083,wind-ons,0.0,0.0,0.0,0.0,0.0
p18085,battery,700.0,700.0,700.0,700.0,700.0
p18085,biomass,0.0,0.0,0.0,0.0,0.0
p18085,coal,0.0,0.0,0.0,0.0,0.0
p18085,gas,0.0,0.0,0.0,0.0,0.0
p18085,geothermal,0.0,0.0,0.0,0.0,0.0
p18085,h2,0.0,0.0,0.0,0.0,0.0
p18085,hydro,0.0,0.0,0.0,0.0,0.0
p18085,nuclear,0.0,0.0,0.0,0.0,0.0
p18085,pumped-hydro,0.0,0.0,0.0,0.0,0.0
p18085,pv,473.0,473.0,473.0,473.0,473.0
p18085,wind-ofs,0.0,0.0,0.0,0.0,0.0
p18085,wind-ons,0.0,0.0,0.0,0.0,0.0
p18087,battery,225.0,225.0,225.0,225.0,225.0
p18087,biomass,0.0,0.0,0.0,0.0,0.0
p18087,coal,0.0,0.0,0.0,0.0,0.0
p18087,gas,0.0,0.0,0.0,0.0,0.0
p18087,geothermal,0.0,0.0,0.0,0.0,0.0
p18087,h2,0.0,0.0,0.0,0.0,0.0
p18087,hydro,0.0,0.0,0.0,0.0,0.0
p18087,nuclear,0.0,0.0,0.0,0.0,0.0
p18087,pumped-hydro,0.0,0.0,0.0,0.0,0.0
p18087,pv,200.0,200.0,200.0,200.0,200.0
p18087,wind-ofs,0.0,0.0,0.0,0.0,0.0
p18087,wind-ons,0.0,0.0,0.0,0.0,0.0
p18089,battery,300.0,300.0,300.0,300.0,300.0
p18089,biomass,0.0,0.0,0.0,0.0,0.0
p18089,coal,0.0,0.0,0.0,0.0,0.0
p18089,gas,0.0,0.0,0.0,0.0,0.0
p18089,geothermal,0.0,0.0,0.0,0.0,0.0
p18089,h2,0.0,0.0,0.0,0.0,0.0
p18089,hydro,0.0,0.0,0.0,0.0,0.0
p18089,nuclear,0.0,0.0,0.0,0.0,0.0
p18089,pumped-hydro,0.0,0.0,0.0,0.0,0.0
p18089,pv,1200.0,1200.0,1200.0,1200.0,1200.0
p18089,wind-ofs,0.0,0.0,0.0,0.0,0.0
p18089,wind-ons,0.0,0.0,0.0,0.0,0.0
p18091,battery,570.0,570.0,570.0,570.0,570.0
p18091,biomass,0.0,0.0,0.0,0.0,0.0
p18091,coal,0.0,0.0,0.0,0.0,0.0
p18091,gas,0.0,0.0,0.0,0.0,0.0
p18091,geothermal,0.0,0.0,0.0,0.0,0.0
p18091,h2,0.0,0.0,0.0,0.0,0.0
p18091,hydro,0.0,0.0,0.0,0.0,0.0
p18091,nuclear,0.0,0.0,0.0,0.0,0.0
p18091,pumped-hydro,0.0,0.0,0.0,0.0,0.0
p18091,pv,1308.0,1308.0,1308.0,1308.0,1308.0
p18091,wind-ofs,0.0,0.0,0.0,0.0,0.0
p18091,wind-ons,0.0,0.0,0.0,0.0,0.0
p18093,battery,0.0,0.0,0.0,0.0,0.0
p18093,biomass,0.0,0.0,0.0,0.0,0.0
p18093,coal,0.0,0.0,0.0,0.0,0.0
p18093,gas,0.0,0.0,0.0,0.0,0.0
p18093,geothermal,0.0,0.0,0.0,0.0,0.0
p18093,h2,0.0,0.0,0.0,0.0,0.0
p18093,hydro,0.0,0.0,0.0,0.0,0.0
p18093,nuclear,0.0,0.0,0.0,0.0,0.0
p18093,pumped-hydro,0.0,0.0,0.0,0.0,0.0
p18093,pv,100.0,100.0,100.0,100.0,100.0
p18093,wind-ofs,0.0,0.0,0.0,0.0,0.0
p18093,wind-ons,0.0,0.0,0.0,0.0,0.0
p18095,battery,530.0,530.0,530.0,530.0,530.0
p18095,biomass,0.0,0.0,0.0,0.0,0.0
p18095,coal,0.0,0.0,0.0,0.0,0.0
p18095,gas,240.0,240.0,240.0,240.0,240.0
p18095,geothermal,0.0,0.0,0.0,0.0,0.0
p18095,h2,0.0,0.0,0.0,0.0,0.0
p18095,hydro,0.0,0.0,0.0,0.0,0.0
p18095,nuclear,0.0,0.0,0.0,0.0,0.0
p18095,pumped-hydro,0.0,0.0,0.0,0.0,0.0
p18095,pv,28.8,28.8,28.8,28.8,28.8
p18095,wind-ofs,0.0,0.0,0.0,0.0,0.0
p18095,wind-ons,0.0,0.0,0.0,0.0,0.0
p18097,battery,397.0,397.0,397.0,397.0,397.0
p18097,biomass,0.0,0.0,0.0,0.0,0.0
p18097,coal,0.0,0.0,0.0,0.0,0.0
p18097,gas,0.0,0.0,0.0,0.0,0.0
p18097,geothermal,0.0,0.0,0.0,0.0,0.0
p18097,h2,0.0,0.0,0.0,0.0,0.0
p18097,hydro,0.0,0.0,0.0,0.0,0.0
p18097,nuclear,0.0,0.0,0.0,0.0,0.0
p18097,pumped-hydro,0.0,0.0,0.0,0.0,0.0
p18097,pv,0.0,0.0,0.0,0.0,0.0
p18097,wind-ofs,0.0,0.0,0.0,0.0,0.0
p18097,wind-ons,0.0,0.0,0.0,0.0,0.0
p18099,battery,840.0,840.0,840.0,840.0,840.0
p18099,biomass,0.0,0.0,0.0,0.0,0.0
p18099,coal,0.0,0.0,0.0,0.0,0.0
p18099,gas,0.0,0.0,0.0,0.0,0.0
p18099,geothermal,0.0,0.0,0.0,0.0,0.0
p18099,h2,0.0,0.0,0.0,0.0,0.0
p18099,hydro,0.0,0.0,0.0,0.0,0.0
p18099,nuclear,0.0,0.0,0.0,0.0,0.0
p18099,pumped-hydro,0.0,0.0,0.0,0.0,0.0
p18099,pv,990.0,990.0,990.0,990.0,990.0
p18099,wind-ofs,0.0,0.0,0.0,0.0,0.0
p18099,wind-ons,0.0,0.0,0.0,0.0,0.0
p18103,battery,35.0,35.0,35.0,35.0,35.0
p18103,biomass,0.0,0.0,0.0,0.0,0.0
p18103,coal,0.0,0.0,0.0,0.0,0.0
p18103,gas,0.0,0.0,0.0,0.0,0.0
p18103,geothermal,0.0,0.0,0.0,0.0,0.0
p18103,h2,0.0,0.0,0.0,0.0,0.0
p18103,hydro,0.0,0.0,0.0,0.0,0.0
p18103,nuclear,0.0,0.0,0.0,0.0,0.0
p18103,pumped-hydro,0.0,0.0,0.0,0.0,0.0
p18103,pv,674.9,674.9,674.9,674.9,674.9
p18103,wind-ofs,0.0,0.0,0.0,0.0,0.0
p18103,wind-ons,0.0,0.0,0.0,0.0,0.0
p18107,battery,200.0,200.0,200.0,200.0,200.0
p18107,biomass,0.0,0.0,0.0,0.0,0.0
p18107,coal,0.0,0.0,0.0,0.0,0.0
p18107,gas,0.0,0.0,0.0,0.0,0.0
p18107,geothermal,0.0,0.0,0.0,0.0,0.0
p18107,h2,0.0,0.0,0.0,0.0,0.0
p18107,hydro,0.0,0.0,0.0,0.0,0.0
p18107,nuclear,0.0,0.0,0.0,0.0,0.0
p18107,pumped-hydro,0.0,0.0,0.0,0.0,0.0
p18107,pv,718.9,718.9,718.9,718.9,718.9
p18107,wind-ofs,0.0,0.0,0.0,0.0,0.0
p18107,wind-ons,442.59000000000003,442.59000000000003,442.59000000000003,442.59000000000003,442.59000000000003
p18109,battery,200.0,200.0,200.0,200.0,200.0
p18109,biomass,0.0,0.0,0.0,0.0,0.0
p18109,coal,0.0,0.0,0.0,0.0,0.0
p18109,gas,378.82,378.82,378.82,378.82,378.82
p18109,geothermal,0.0,0.0,0.0,0.0,0.0
p18109,h2,0.0,0.0,0.0,0.0,0.0
p18109,hydro,0.0,0.0,0.0,0.0,0.0
p18109,nuclear,0.0,0.0,0.0,0.0,0.0
p18109,pumped-hydro,0.0,0.0,0.0,0.0,0.0
p18109,pv,0.0,0.0,0.0,0.0,0.0
p18109,wind-ofs,0.0,0.0,0.0,0.0,0.0
p18109,wind-ons,0.0,0.0,0.0,0.0,0.0
p18111,battery,50.0,50.0,50.0,50.0,50.0
p18111,biomass,0.0,0.0,0.0,0.0,0.0
p18111,coal,0.0,0.0,0.0,0.0,0.0
p18111,gas,0.0,0.0,0.0,0.0,0.0
p18111,geothermal,0.0,0.0,0.0,0.0,0.0
p18111,h2,0.0,0.0,0.0,0.0,0.0
p18111,hydro,0.0,0.0,0.0,0.0,0.0
p18111,nuclear,0.0,0.0,0.0,0.0,0.0
p18111,pumped-hydro,0.0,0.0,0.0,0.0,0.0
p18111,pv,838.0,838.0,838.0,838.0,838.0
p18111,wind-ofs,0.0,0.0,0.0,0.0,0.0
p18111,wind-ons,275.0,275.0,275.0,275.0,275.0
p18113,battery,0.0,0.0,0.0,0.0,0.0
p18113,biomass,0.0,0.0,0.0,0.0,0.0
p18113,coal,0.0,0.0,0.0,0.0,0.0
p18113,gas,0.0,0.0,0.0,0.0,0.0
p18113,geothermal,0.0,0.0,0.0,0.0,0.0
p18113,h2,0.0,0.0,0.0,0.0,0.0
p18113,hydro,0.0,0.0,0.0,0.0,0.0
p18113,nuclear,0.0,0.0,0.0,0.0,0.0
p18113,pumped-hydro,0.0,0.0,0.0,0.0,0.0
p18113,pv,300.0,300.0,300.0,300.0,300.0
p18113,wind-ofs,0.0,0.0,0.0,0.0,0.0
p18113,wind-ons,0.0,0.0,0.0,0.0,0.0
p18121,battery,150.0,150.0,150.0,150.0,150.0
p18121,biomass,0.0,0.0,0.0,0.0,0.0
p18121,coal,0.0,0.0,0.0,0.0,0.0
p18121,gas,0.0,0.0,0.0,0.0,0.0
p18121,geothermal,0.0,0.0,0.0,0.0,0.0
p18121,h2,0.0,0.0,0.0,0.0,0.0
p18121,hydro,0.0,0.0,0.0,0.0,0.0
p18121,nuclear,0.0,0.0,0.0,0.0,0.0
p18121,pumped-hydro,0.0,0.0,0.0,0.0,0.0
p18121,pv,100.0,100.0,100.0,100.0,100.0
p18121,wind-ofs,0.0,0.0,0.0,0.0,0.0
p18121,wind-ons,0.0,0.0,0.0,0.0,0.0
p18125,battery,330.0,330.0,330.0,330.0,330.0
p18125,biomass,0.0,0.0,0.0,0.0,0.0
p18125,coal,0.0,0.0,0.0,0.0,0.0
p18125,gas,0.0,0.0,0.0,0.0,0.0
p18125,geothermal,0.0,0.0,0.0,0.0,0.0
p18125,h2,0.0,0.0,0.0,0.0,0.0
p18125,hydro,0.0,0.0,0.0,0.0,0.0
p18125,nuclear,0.0,0.0,0.0,0.0,0.0
p18125,pumped-hydro,0.0,0.0,0.0,0.0,0.0
p18125,pv,1398.0,1398.0,1398.0,1398.0,1398.0
p18125,wind-ofs,0.0,0.0,0.0,0.0,0.0
p18125,wind-ons,0.0,0.0,0.0,0.0,0.0
p18127,battery,50.0,50.0,50.0,50.0,50.0
p18127,biomass,0.0,0.0,0.0,0.0,0.0
p18127,coal,0.0,0.0,0.0,0.0,0.0
p18127,gas,0.0,0.0,0.0,0.0,0.0
p18127,geothermal,0.0,0.0,0.0,0.0,0.0
p18127,h2,0.0,0.0,0.0,0.0,0.0
p18127,hydro,0.0,0.0,0.0,0.0,0.0
p18127,nuclear,0.0,0.0,0.0,0.0,0.0
p18127,pumped-hydro,0.0,0.0,0.0,0.0,0.0
p18127,pv,222.0,222.0,222.0,222.0,222.0
p18127,wind-ofs,0.0,0.0,0.0,0.0,0.0
p18127,wind-ons,0.0,0.0,0.0,0.0,0.0
p18129,battery,495.0,495.0,495.0,495.0,495.0
p18129,biomass,0.0,0.0,0.0,0.0,0.0
p18129,coal,0.0,0.0,0.0,0.0,0.0
p18129,gas,0.0,0.0,0.0,0.0,0.0
p18129,geothermal,0.0,0.0,0.0,0.0,0.0
p18129,h2,0.0,0.0,0.0,0.0,0.0
p18129,hydro,0.0,0.0,0.0,0.0,0.0
p18129,nuclear,0.0,0.0,0.0,0.0,0.0
p18129,pumped-hydro,0.0,0.0,0.0,0.0,0.0
p18129,pv,795.0,795.0,795.0,795.0,795.0
p18129,wind-ofs,0.0,0.0,0.0,0.0,0.0
p18129,wind-ons,0.0,0.0,0.0,0.0,0.0
p18131,battery,370.0,370.0,370.0,370.0,370.0
p18131,biomass,0.0,0.0,0.0,0.0,0.0
p18131,coal,0.0,0.0,0.0,0.0,0.0
p18131,gas,0.0,0.0,0.0,0.0,0.0
p18131,geothermal,0.0,0.0,0.0,0.0,0.0
p18131,h2,0.0,0.0,0.0,0.0,0.0
p18131,hydro,0.0,0.0,0.0,0.0,0.0
p18131,nuclear,0.0,0.0,0.0,0.0,0.0
p18131,pumped-hydro,0.0,0.0,0.0,0.0,0.0
p18131,pv,2811.9,2811.9,2811.9,2811.9,2811.9
p18131,wind-ofs,0.0,0.0,0.0,0.0,0.0
p18131,wind-ons,0.0,0.0,0.0,0.0,0.0
p18133,battery,200.0,200.0,200.0,200.0,200.0
p18133,biomass,0.0,0.0,0.0,0.0,0.0
p18133,coal,0.0,0.0,0.0,0.0,0.0
p18133,gas,0.0,0.0,0.0,0.0,0.0
p18133,geothermal,0.0,0.0,0.0,0.0,0.0
p18133,h2,0.0,0.0,0.0,0.0,0.0
p18133,hydro,0.0,0.0,0.0,0.0,0.0
p18133,nuclear,0.0,0.0,0.0,0.0,0.0
p18133,pumped-hydro,0.0,0.0,0.0,0.0,0.0
p18133,pv,630.0,630.0,630.0,630.0,630.0
p18133,wind-ofs,0.0,0.0,0.0,0.0,0.0
p18133,wind-ons,0.0,0.0,0.0,0.0,0.0
p18135,battery,110.0,110.0,110.0,110.0,110.0
p18135,biomass,0.0,0.0,0.0,0.0,0.0
p18135,coal,0.0,0.0,0.0,0.0,0.0
p18135,gas,0.0,0.0,0.0,0.0,0.0
p18135,geothermal,0.0,0.0,0.0,0.0,0.0
p18135,h2,0.0,0.0,0.0,0.0,0.0
p18135,hydro,0.0,0.0,0.0,0.0,0.0
p18135,nuclear,0.0,0.0,0.0,0.0,0.0
p18135,pumped-hydro,0.0,0.0,0.0,0.0,0.0
p18135,pv,1001.5,1001.5,1001.5,1001.5,1001.5
p18135,wind-ofs,0.0,0.0,0.0,0.0,0.0
p18135,wind-ons,412.8,412.8,412.8,412.8,412.8
p18137,battery,250.0,250.0,250.0,250.0,250.0
p18137,biomass,0.0,0.0,0.0,0.0,0.0
p18137,coal,0.0,0.0,0.0,0.0,0.0
p18137,gas,0.0,0.0,0.0,0.0,0.0
p18137,geothermal,0.0,0.0,0.0,0.0,0.0
p18137,h2,0.0,0.0,0.0,0.0,0.0
p18137,hydro,0.0,0.0,0.0,0.0,0.0
p18137,nuclear,0.0,0.0,0.0,0.0,0.0
p18137,pumped-hydro,0.0,0.0,0.0,0.0,0.0
p18137,pv,84.0,84.0,84.0,84.0,84.0
p18137,wind-ofs,0.0,0.0,0.0,0.0,0.0
p18137,wind-ons,0.0,0.0,0.0,0.0,0.0
p18139,battery,200.0,200.0,200.0,200.0,200.0
p18139,biomass,0.0,0.0,0.0,0.0,0.0
p18139,coal,0.0,0.0,0.0,0.0,0.0
p18139,gas,0.0,0.0,0.0,0.0,0.0
p18139,geothermal,0.0,0.0,0.0,0.0,0.0
p18139,h2,0.0,0.0,0.0,0.0,0.0
p18139,hydro,0.0,0.0,0.0,0.0,0.0
p18139,nuclear,0.0,0.0,0.0,0.0,0.0
p18139,pumped-hydro,0.0,0.0,0.0,0.0,0.0
p18139,pv,378.0,378.0,378.0,378.0,378.0
p18139,wind-ofs,0.0,0.0,0.0,0.0,0.0
p18139,wind-ons,0.0,0.0,0.0,0.0,0.0
p18141,battery,230.0,230.0,230.0,230.0,230.0
p18141,biomass,0.0,0.0,0.0,0.0,0.0
p18141,coal,0.0,0.0,0.0,0.0,0.0
p18141,gas,71.0,71.0,71.0,71.0,71.0
p18141,geothermal,0.0,0.0,0.0,0.0,0.0
p18141,h2,0.0,0.0,0.0,0.0,0.0
p18141,hydro,0.0,0.0,0.0,0.0,0.0
p18141,nuclear,0.0,0.0,0.0,0.0,0.0
p18141,pumped-hydro,0.0,0.0,0.0,0.0,0.0
p18141,pv,1118.5,1118.5,1118.5,1118.5,1118.5
p18141,wind-ofs,0.0,0.0,0.0,0.0,0.0
p18141,wind-ons,0.0,0.0,0.0,0.0,0.0
p18143,battery,0.0,0.0,0.0,0.0,0.0
p18143,biomass,0.0,0.0,0.0,0.0,0.0
p18143,coal,0.0,0.0,0.0,0.0,0.0
p18143,gas,0.0,0.0,0.0,0.0,0.0
p18143,geothermal,0.0,0.0,0.0,0.0,0.0
p18143,h2,0.0,0.0,0.0,0.0,0.0
p18143,hydro,0.0,0.0,0.0,0.0,0.0
p18143,nuclear,0.0,0.0,0.0,0.0,0.0
p18143,pumped-hydro,0.0,0.0,0.0,0.0,0.0
p18143,pv,30.0,30.0,30.0,30.0,30.0
p18143,wind-ofs,0.0,0.0,0.0,0.0,0.0
p18143,wind-ons,0.0,0.0,0.0,0.0,0.0
p18145,battery,300.0,300.0,300.0,300.0,300.0
p18145,biomass,0.0,0.0,0.0,0.0,0.0
p18145,coal,0.0,0.0,0.0,0.0,0.0
p18145,gas,0.0,0.0,0.0,0.0,0.0
p18145,geothermal,0.0,0.0,0.0,0.0,0.0
p18145,h2,0.0,0.0,0.0,0.0,0.0
p18145,hydro,0.0,0.0,0.0,0.0,0.0
p18145,nuclear,0.0,0.0,0.0,0.0,0.0
p18145,pumped-hydro,0.0,0.0,0.0,0.0,0.0
p18145,pv,398.0,398.0,398.0,398.0,398.0
p18145,wind-ofs,0.0,0.0,0.0,0.0,0.0
p18145,wind-ons,0.0,0.0,0.0,0.0,0.0
p18147,battery,0.0,0.0,0.0,0.0,0.0
p18147,biomass,0.0,0.0,0.0,0.0,0.0
p18147,coal,0.0,0.0,0.0,0.0,0.0
p18147,gas,700.0,700.0,700.0,700.0,700.0
p18147,geothermal,0.0,0.0,0.0,0.0,0.0
p18147,h2,0.0,0.0,0.0,0.0,0.0
p18147,hydro,0.0,0.0,0.0,0.0,0.0
p18147,nuclear,0.0,0.0,0.0,0.0,0.0
p18147,pumped-hydro,0.0,0.0,0.0,0.0,0.0
p18147,pv,620.0,620.0,620.0,620.0,620.0
p18147,wind-ofs,0.0,0.0,0.0,0.0,0.0
p18147,wind-ons,0.0,0.0,0.0,0.0,0.0
p18149,battery,0.0,0.0,0.0,0.0,0.0
p18149,biomass,0.0,0.0,0.0,0.0,0.0
p18149,coal,0.0,0.0,0.0,0.0,0.0
p18149,gas,0.0,0.0,0.0,0.0,0.0
p18149,geothermal,0.0,0.0,0.0,0.0,0.0
p18149,h2,0.0,0.0,0.0,0.0,0.0
p18149,hydro,0.0,0.0,0.0,0.0,0.0
p18149,nuclear,0.0,0.0,0.0,0.0,0.0
p18149,pumped-hydro,0.0,0.0,0.0,0.0,0.0
p18149,pv,1242.0,1242.0,1242.0,1242.0,1242.0
p18149,wind-ofs,0.0,0.0,0.0,0.0,0.0
p18149,wind-ons,0.0,0.0,0.0,0.0,0.0
p18153,battery,495.0,495.0,495.0,495.0,495.0
p18153,biomass,0.0,0.0,0.0,0.0,0.0
p18153,coal,0.0,0.0,0.0,0.0,0.0
p18153,gas,2911.8,2911.8,2911.8,2911.8,2911.8
p18153,geothermal,0.0,0.0,0.0,0.0,0.0
p18153,h2,0.0,0.0,0.0,0.0,0.0
p18153,hydro,0.0,0.0,0.0,0.0,0.0
p18153,nuclear,0.0,0.0,0.0,0.0,0.0
p18153,pumped-hydro,0.0,0.0,0.0,0.0,0.0
p18153,pv,2940.0,2940.0,2940.0,2940.0,2940.0
p18153,wind-ofs,0.0,0.0,0.0,0.0,0.0
p18153,wind-ons,0.0,0.0,0.0,0.0,0.0
p18157,battery,100.0,100.0,100.0,100.0,100.0
p18157,biomass,0.0,0.0,0.0,0.0,0.0
p18157,coal,0.0,0.0,0.0,0.0,0.0
p18157,gas,0.0,0.0,0.0,0.0,0.0
p18157,geothermal,0.0,0.0,0.0,0.0,0.0
p18157,h2,0.0,0.0,0.0,0.0,0.0
p18157,hydro,0.0,0.0,0.0,0.0,0.0
p18157,nuclear,0.0,0.0,0.0,0.0,0.0
p18157,pumped-hydro,0.0,0.0,0.0,0.0,0.0
p18157,pv,290.0,290.0,290.0,290.0,290.0
p18157,wind-ofs,0.0,0.0,0.0,0.0,0.0
p18157,wind-ons,200.0,200.0,200.0,200.0,200.0
p18159,battery,100.0,100.0,100.0,100.0,100.0
p18159,biomass,0.0,0.0,0.0,0.0,0.0
p18159,coal,0.0,0.0,0.0,0.0,0.0
p18159,gas,0.0,0.0,0.0,0.0,0.0
p18159,geothermal,0.0,0.0,0.0,0.0,0.0
p18159,h2,0.0,0.0,0.0,0.0,0.0
p18159,hydro,0.0,0.0,0.0,0.0,0.0
p18159,nuclear,0.0,0.0,0.0,0.0,0.0
p18159,pumped-hydro,0.0,0.0,0.0,0.0,0.0
p18159,pv,67.0,67.0,67.0,67.0,67.0
p18159,wind-ofs,0.0,0.0,0.0,0.0,0.0
p18159,wind-ons,0.0,0.0,0.0,0.0,0.0
p18163,battery,350.0,350.0,350.0,350.0,350.0
p18163,biomass,0.0,0.0,0.0,0.0,0.0
p18163,coal,0.0,0.0,0.0,0.0,0.0
p18163,gas,0.0,0.0,0.0,0.0,0.0
p18163,geothermal,0.0,0.0,0.0,0.0,0.0
p18163,h2,0.0,0.0,0.0,0.0,0.0
p18163,hydro,0.0,0.0,0.0,0.0,0.0
p18163,nuclear,0.0,0.0,0.0,0.0,0.0
p18163,pumped-hydro,0.0,0.0,0.0,0.0,0.0
p18163,pv,0.0,0.0,0.0,0.0,0.0
p18163,wind-ofs,0.0,0.0,0.0,0.0,0.0
p18163,wind-ons,0.0,0.0,0.0,0.0,0.0
p18165,battery,1000.0,1000.0,1000.0,1000.0,1000.0
p18165,biomass,0.0,0.0,0.0,0.0,0.0
p18165,coal,0.0,0.0,0.0,0.0,0.0
p18165,gas,1540.0,1540.0,1540.0,1540.0,1540.0
p18165,geothermal,0.0,0.0,0.0,0.0,0.0
p18165,h2,0.0,0.0,0.0,0.0,0.0
p18165,hydro,0.0,0.0,0.0,0.0,0.0
p18165,nuclear,0.0,0.0,0.0,0.0,0.0
p18165,pumped-hydro,0.0,0.0,0.0,0.0,0.0
p18165,pv,1788.0,1788.0,1788.0,1788.0,1788.0
p18165,wind-ofs,0.0,0.0,0.0,0.0,0.0
p18165,wind-ons,255.0,255.0,255.0,255.0,255.0
p18167,battery,590.0,590.0,590.0,590.0,590.0
p18167,biomass,0.0,0.0,0.0,0.0,0.0
p18167,coal,0.0,0.0,0.0,0.0,0.0
p18167,gas,87.0,87.0,87.0,87.0,87.0
p18167,geothermal,0.0,0.0,0.0,0.0,0.0
p18167,h2,0.0,0.0,0.0,0.0,0.0
p18167,hydro,0.0,0.0,0.0,0.0,0.0
p18167,nuclear,0.0,0.0,0.0,0.0,0.0
p18167,pumped-hydro,0.0,0.0,0.0,0.0,0.0
p18167,pv,912.12,912.12,912.12,912.12,912.12
p18167,wind-ofs,0.0,0.0,0.0,0.0,0.0
p18167,wind-ons,0.0,0.0,0.0,0.0,0.0
p18171,battery,0.0,0.0,0.0,0.0,0.0
p18171,biomass,0.0,0.0,0.0,0.0,0.0
p18171,coal,0.0,0.0,0.0,0.0,0.0
p18171,gas,0.0,0.0,0.0,0.0,0.0
p18171,geothermal,0.0,0.0,0.0,0.0,0.0
p18171,h2,0.0,0.0,0.0,0.0,0.0
p18171,hydro,0.0,0.0,0.0,0.0,0.0
p18171,nuclear,0.0,0.0,0.0,0.0,0.0
p18171,pumped-hydro,0.0,0.0,0.0,0.0,0.0
p18171,pv,145.0,145.0,145.0,145.0,145.0
p18171,wind-ofs,0.0,0.0,0.0,0.0,0.0
p18171,wind-ons,249.0,249.0,249.0,249.0,249.0
p18173,battery,0.0,0.0,0.0,0.0,0.0
p18173,biomass,0.0,0.0,0.0,0.0,0.0
p18173,coal,0.0,0.0,0.0,0.0,0.0
p18173,gas,0.0,0.0,0.0,0.0,0.0
p18173,geothermal,0.0,0.0,0.0,0.0,0.0
p18173,h2,0.0,0.0,0.0,0.0,0.0
p18173,hydro,0.0,0.0,0.0,0.0,0.0
p18173,nuclear,0.0,0.0,0.0,0.0,0.0
p18173,pumped-hydro,0.0,0.0,0.0,0.0,0.0
p18173,pv,200.0,200.0,200.0,200.0,200.0
p18173,wind-ofs,0.0,0.0,0.0,0.0,0.0
p18173,wind-ons,0.0,0.0,0.0,0.0,0.0
p18177,battery,0.0,0.0,0.0,0.0,0.0
p18177,biomass,0.0,0.0,0.0,0.0,0.0
p18177,coal,0.0,0.0,0.0,0.0,0.0
p18177,gas,0.0,0.0,0.0,0.0,0.0
p18177,geothermal,0.0,0.0,0.0,0.0,0.0
p18177,h2,0.0,0.0,0.0,0.0,0.0
p18177,hydro,0.0,0.0,0.0,0.0,0.0
p18177,nuclear,0.0,0.0,0.0,0.0,0.0
p18177,pumped-hydro,0.0,0.0,0.0,0.0,0.0
p18177,pv,390.0,390.0,390.0,390.0,390.0
p18177,wind-ofs,0.0,0.0,0.0,0.0,0.0
p18177,wind-ons,0.0,0.0,0.0,0.0,0.0
p18179,battery,0.0,0.0,0.0,0.0,0.0
p18179,biomass,0.0,0.0,0.0,0.0,0.0
p18179,coal,0.0,0.0,0.0,0.0,0.0
p18179,gas,0.0,0.0,0.0,0.0,0.0
p18179,geothermal,0.0,0.0,0.0,0.0,0.0
p18179,h2,0.0,0.0,0.0,0.0,0.0
p18179,hydro,0.0,0.0,0.0,0.0,0.0
p18179,nuclear,0.0,0.0,0.0,0.0,0.0
p18179,pumped-hydro,0.0,0.0,0.0,0.0,0.0
p18179,pv,700.0,700.0,700.0,700.0,700.0
p18179,wind-ofs,0.0,0.0,0.0,0.0,0.0
p18179,wind-ons,0.0,0.0,0.0,0.0,0.0
p18181,battery,1475.0,1475.0,1475.0,1475.0,1475.0
p18181,biomass,0.0,0.0,0.0,0.0,0.0
p18181,coal,0.0,0.0,0.0,0.0,0.0
p18181,gas,0.0,0.0,0.0,0.0,0.0
p18181,geothermal,0.0,0.0,0.0,0.0,0.0
p18181,h2,0.0,0.0,0.0,0.0,0.0
p18181,hydro,0.0,0.0,0.0,0.0,0.0
p18181,nuclear,0.0,0.0,0.0,0.0,0.0
p18181,pumped-hydro,0.0,0.0,0.0,0.0,0.0
p18181,pv,2102.6,2102.6,2102.6,2102.6,2102.6
p18181,wind-ofs,0.0,0.0,0.0,0.0,0.0
p18181,wind-ons,416.6,416.6,416.6,416.6,416.6
p18183,battery,75.0,75.0,75.0,75.0,75.0
p18183,biomass,0.0,0.0,0.0,0.0,0.0
p18183,coal,0.0,0.0,0.0,0.0,0.0
p18183,gas,0.0,0.0,0.0,0.0,0.0
p18183,geothermal,0.0,0.0,0.0,0.0,0.0
p18183,h2,0.0,0.0,0.0,0.0,0.0
p18183,hydro,0.0,0.0,0.0,0.0,0.0
p18183,nuclear,0.0,0.0,0.0,0.0,0.0
p18183,pumped-hydro,0.0,0.0,0.0,0.0,0.0
p18183,pv,72.0,72.0,72.0,72.0,72.0
p18183,wind-ofs,0.0,0.0,0.0,0.0,0.0
p18183,wind-ons,0.0,0.0,0.0,0.0,0.0
p19001,battery,0.0,0.0,0.0,0.0,0.0
p19001,biomass,0.0,0.0,0.0,0.0,0.0
p19001,coal,0.0,0.0,0.0,0.0,0.0
p19001,gas,526.0,526.0,526.0,526.0,526.0
p19001,geothermal,0.0,0.0,0.0,0.0,0.0
p19001,h2,0.0,0.0,0.0,0.0,0.0
p19001,hydro,0.0,0.0,0.0,0.0,0.0
p19001,nuclear,0.0,0.0,0.0,0.0,0.0
p19001,pumped-hydro,0.0,0.0,0.0,0.0,0.0
p19001,pv,0.0,0.0,0.0,0.0,0.0
p19001,wind-ofs,0.0,0.0,0.0,0.0,0.0
p19001,wind-ons,96.0,96.0,96.0,96.0,96.0
p19005,battery,0.0,0.0,0.0,0.0,0.0
p19005,biomass,0.0,0.0,0.0,0.0,0.0
p19005,coal,0.0,0.0,0.0,0.0,0.0
p19005,gas,0.0,0.0,0.0,0.0,0.0
p19005,geothermal,0.0,0.0,0.0,0.0,0.0
p19005,h2,0.0,0.0,0.0,0.0,0.0
p19005,hydro,0.0,0.0,0.0,0.0,0.0
p19005,nuclear,0.0,0.0,0.0,0.0,0.0
p19005,pumped-hydro,0.0,0.0,0.0,0.0,0.0
p19005,pv,0.0,0.0,0.0,0.0,0.0
p19005,wind-ofs,0.0,0.0,0.0,0.0,0.0
p19005,wind-ons,136.0,136.0,136.0,136.0,136.0
p19015,battery,0.0,0.0,0.0,0.0,0.0
p19015,biomass,0.0,0.0,0.0,0.0,0.0
p19015,coal,0.0,0.0,0.0,0.0,0.0
p19015,gas,0.0,0.0,0.0,0.0,0.0
p19015,geothermal,0.0,0.0,0.0,0.0,0.0
p19015,h2,0.0,0.0,0.0,0.0,0.0
p19015,hydro,0.0,0.0,0.0,0.0,0.0
p19015,nuclear,0.0,0.0,0.0,0.0,0.0
p19015,pumped-hydro,0.0,0.0,0.0,0.0,0.0
p19015,pv,0.0,0.0,0.0,0.0,0.0
p19015,wind-ofs,0.0,0.0,0.0,0.0,0.0
p19015,wind-ons,84.0,84.0,84.0,84.0,84.0
p19019,battery,400.0,400.0,400.0,400.0,400.0
p19019,biomass,0.0,0.0,0.0,0.0,0.0
p19019,coal,0.0,0.0,0.0,0.0,0.0
p19019,gas,0.0,0.0,0.0,0.0,0.0
p19019,geothermal,0.0,0.0,0.0,0.0,0.0
p19019,h2,0.0,0.0,0.0,0.0,0.0
p19019,hydro,0.0,0.0,0.0,0.0,0.0
p19019,nuclear,0.0,0.0,0.0,0.0,0.0
p19019,pumped-hydro,0.0,0.0,0.0,0.0,0.0
p19019,pv,0.0,0.0,0.0,0.0,0.0
p19019,wind-ofs,0.0,0.0,0.0,0.0,0.0
p19019,wind-ons,0.0,0.0,0.0,0.0,0.0
p19027,battery,0.0,0.0,0.0,0.0,0.0
p19027,biomass,0.0,0.0,0.0,0.0,0.0
p19027,coal,0.0,0.0,0.0,0.0,0.0
p19027,gas,0.0,0.0,0.0,0.0,0.0
p19027,geothermal,0.0,0.0,0.0,0.0,0.0
p19027,h2,0.0,0.0,0.0,0.0,0.0
p19027,hydro,0.0,0.0,0.0,0.0,0.0
p19027,nuclear,0.0,0.0,0.0,0.0,0.0
p19027,pumped-hydro,0.0,0.0,0.0,0.0,0.0
p19027,pv,250.0,250.0,250.0,250.0,250.0
p19027,wind-ofs,0.0,0.0,0.0,0.0,0.0
p19027,wind-ons,0.0,0.0,0.0,0.0,0.0
p19031,battery,0.0,0.0,0.0,0.0,0.0
p19031,biomass,0.0,0.0,0.0,0.0,0.0
p19031,coal,0.0,0.0,0.0,0.0,0.0
p19031,gas,0.0,0.0,0.0,0.0,0.0
p19031,geothermal,0.0,0.0,0.0,0.0,0.0
p19031,h2,0.0,0.0,0.0,0.0,0.0
p19031,hydro,0.0,0.0,0.0,0.0,0.0
p19031,nuclear,0.0,0.0,0.0,0.0,0.0
p19031,pumped-hydro,0.0,0.0,0.0,0.0,0.0
p19031,pv,0.0,0.0,0.0,0.0,0.0
p19031,wind-ofs,0.0,0.0,0.0,0.0,0.0
p19031,wind-ons,0.0,0.0,0.0,0.0,0.0
p19033,battery,100.0,100.0,100.0,100.0,100.0
p19033,biomass,0.0,0.0,0.0,0.0,0.0
p19033,coal,0.0,0.0,0.0,0.0,0.0
p19033,gas,0.0,0.0,0.0,0.0,0.0
p19033,geothermal,0.0,0.0,0.0,0.0,0.0
p19033,h2,0.0,0.0,0.0,0.0,0.0
p19033,hydro,0.0,0.0,0.0,0.0,0.0
p19033,nuclear,0.0,0.0,0.0,0.0,0.0
p19033,pumped-hydro,0.0,0.0,0.0,0.0,0.0
p19033,pv,500.0,500.0,500.0,500.0,500.0
p19033,wind-ofs,0.0,0.0,0.0,0.0,0.0
p19033,wind-ons,524.0,524.0,524.0,524.0,524.0
p19035,battery,0.0,0.0,0.0,0.0,0.0
p19035,biomass,0.0,0.0,0.0,0.0,0.0
p19035,coal,0.0,0.0,0.0,0.0,0.0
p19035,gas,0.0,0.0,0.0,0.0,0.0
p19035,geothermal,0.0,0.0,0.0,0.0,0.0
p19035,h2,0.0,0.0,0.0,0.0,0.0
p19035,hydro,0.0,0.0,0.0,0.0,0.0
p19035,nuclear,0.0,0.0,0.0,0.0,0.0
p19035,pumped-hydro,0.0,0.0,0.0,0.0,0.0
p19035,pv,160.3,160.3,160.3,160.3,160.3
p19035,wind-ofs,0.0,0.0,0.0,0.0,0.0
p19035,wind-ons,140.0,140.0,140.0,140.0,140.0
p19041,battery,0.0,0.0,0.0,0.0,0.0
p19041,biomass,0.0,0.0,0.0,0.0,0.0
p19041,coal,0.0,0.0,0.0,0.0,0.0
p19041,gas,0.0,0.0,0.0,0.0,0.0
p19041,geothermal,0.0,0.0,0.0,0.0,0.0
p19041,h2,0.0,0.0,0.0,0.0,0.0
p19041,hydro,0.0,0.0,0.0,0.0,0.0
p19041,nuclear,0.0,0.0,0.0,0.0,0.0
p19041,pumped-hydro,0.0,0.0,0.0,0.0,0.0
p19041,pv,0.0,0.0,0.0,0.0,0.0
p19041,wind-ofs,0.0,0.0,0.0,0.0,0.0
p19041,wind-ons,299.3,299.3,299.3,299.3,299.3
p19043,battery,0.0,0.0,0.0,0.0,0.0
p19043,biomass,0.0,0.0,0.0,0.0,0.0
p19043,coal,0.0,0.0,0.0,0.0,0.0
p19043,gas,0.0,0.0,0.0,0.0,0.0
p19043,geothermal,0.0,0.0,0.0,0.0,0.0
p19043,h2,0.0,0.0,0.0,0.0,0.0
p19043,hydro,0.0,0.0,0.0,0.0,0.0
p19043,nuclear,0.0,0.0,0.0,0.0,0.0
p19043,pumped-hydro,0.0,0.0,0.0,0.0,0.0
p19043,pv,200.0,200.0,200.0,200.0,200.0
p19043,wind-ofs,0.0,0.0,0.0,0.0,0.0
p19043,wind-ons,0.0,0.0,0.0,0.0,0.0
p19045,battery,0.0,0.0,0.0,0.0,0.0
p19045,biomass,0.0,0.0,0.0,0.0,0.0
p19045,coal,0.0,0.0,0.0,0.0,0.0
p19045,gas,160.0,160.0,160.0,160.0,160.0
p19045,geothermal,0.0,0.0,0.0,0.0,0.0
p19045,h2,0.0,0.0,0.0,0.0,0.0
p19045,hydro,0.0,0.0,0.0,0.0,0.0
p19045,nuclear,0.0,0.0,0.0,0.0,0.0
p19045,pumped-hydro,0.0,0.0,0.0,0.0,0.0
p19045,pv,700.0,700.0,700.0,700.0,700.0
p19045,wind-ofs,0.0,0.0,0.0,0.0,0.0
p19045,wind-ons,500.0,500.0,500.0,500.0,500.0
p19047,battery,0.0,0.0,0.0,0.0,0.0
p19047,biomass,0.0,0.0,0.0,0.0,0.0
p19047,coal,0.0,0.0,0.0,0.0,0.0
p19047,gas,0.0,0.0,0.0,0.0,0.0
p19047,geothermal,0.0,0.0,0.0,0.0,0.0
p19047,h2,0.0,0.0,0.0,0.0,0.0
p19047,hydro,0.0,0.0,0.0,0.0,0.0
p19047,nuclear,0.0,0.0,0.0,0.0,0.0
p19047,pumped-hydro,0.0,0.0,0.0,0.0,0.0
p19047,pv,0.0,0.0,0.0,0.0,0.0
p19047,wind-ofs,0.0,0.0,0.0,0.0,0.0
p19047,wind-ons,360.0,360.0,360.0,360.0,360.0
p19049,battery,0.0,0.0,0.0,0.0,0.0
p19049,biomass,0.0,0.0,0.0,0.0,0.0
p19049,coal,0.0,0.0,0.0,0.0,0.0
p19049,gas,0.0,0.0,0.0,0.0,0.0
p19049,geothermal,0.0,0.0,0.0,0.0,0.0
p19049,h2,0.0,0.0,0.0,0.0,0.0
p19049,hydro,0.0,0.0,0.0,0.0,0.0
p19049,nuclear,0.0,0.0,0.0,0.0,0.0
p19049,pumped-hydro,0.0,0.0,0.0,0.0,0.0
p19049,pv,0.0,0.0,0.0,0.0,0.0
p19049,wind-ofs,0.0,0.0,0.0,0.0,0.0
p19049,wind-ons,200.0,200.0,200.0,200.0,200.0
p19057,battery,0.0,0.0,0.0,0.0,0.0
p19057,biomass,0.0,0.0,0.0,0.0,0.0
p19057,coal,0.0,0.0,0.0,0.0,0.0
p19057,gas,31.0,31.0,31.0,31.0,31.0
p19057,geothermal,0.0,0.0,0.0,0.0,0.0
p19057,h2,0.0,0.0,0.0,0.0,0.0
p19057,hydro,0.0,0.0,0.0,0.0,0.0
p19057,nuclear,0.0,0.0,0.0,0.0,0.0
p19057,pumped-hydro,0.0,0.0,0.0,0.0,0.0
p19057,pv,100.0,100.0,100.0,100.0,100.0
p19057,wind-ofs,0.0,0.0,0.0,0.0,0.0
p19057,wind-ons,0.0,0.0,0.0,0.0,0.0
p19059,battery,0.0,0.0,0.0,0.0,0.0
p19059,biomass,0.0,0.0,0.0,0.0,0.0
p19059,coal,0.0,0.0,0.0,0.0,0.0
p19059,gas,0.0,0.0,0.0,0.0,0.0
p19059,geothermal,0.0,0.0,0.0,0.0,0.0
p19059,h2,0.0,0.0,0.0,0.0,0.0
p19059,hydro,0.0,0.0,0.0,0.0,0.0
p19059,nuclear,0.0,0.0,0.0,0.0,0.0
p19059,pumped-hydro,0.0,0.0,0.0,0.0,0.0
p19059,pv,0.0,0.0,0.0,0.0,0.0
p19059,wind-ofs,0.0,0.0,0.0,0.0,0.0
p19059,wind-ons,600.0,600.0,600.0,600.0,600.0
p19061,battery,200.0,200.0,200.0,200.0,200.0
p19061,biomass,0.0,0.0,0.0,0.0,0.0
p19061,coal,0.0,0.0,0.0,0.0,0.0
p19061,gas,160.0,160.0,160.0,160.0,160.0
p19061,geothermal,0.0,0.0,0.0,0.0,0.0
p19061,h2,0.0,0.0,0.0,0.0,0.0
p19061,hydro,0.0,0.0,0.0,0.0,0.0
p19061,nuclear,0.0,0.0,0.0,0.0,0.0
p19061,pumped-hydro,0.0,0.0,0.0,0.0,0.0
p19061,pv,0.0,0.0,0.0,0.0,0.0
p19061,wind-ofs,0.0,0.0,0.0,0.0,0.0
p19061,wind-ons,0.0,0.0,0.0,0.0,0.0
p19069,battery,0.0,0.0,0.0,0.0,0.0
p19069,biomass,0.0,0.0,0.0,0.0,0.0
p19069,coal,0.0,0.0,0.0,0.0,0.0
p19069,gas,160.0,160.0,160.0,160.0,160.0
p19069,geothermal,0.0,0.0,0.0,0.0,0.0
p19069,h2,0.0,0.0,0.0,0.0,0.0
p19069,hydro,0.0,0.0,0.0,0.0,0.0
p19069,nuclear,0.0,0.0,0.0,0.0,0.0
p19069,pumped-hydro,0.0,0.0,0.0,0.0,0.0
p19069,pv,0.0,0.0,0.0,0.0,0.0
p19069,wind-ofs,0.0,0.0,0.0,0.0,0.0
p19069,wind-ons,499.0,499.0,499.0,499.0,499.0
p19073,battery,0.0,0.0,0.0,0.0,0.0
p19073,biomass,0.0,0.0,0.0,0.0,0.0
p19073,coal,0.0,0.0,0.0,0.0,0.0
p19073,gas,0.0,0.0,0.0,0.0,0.0
p19073,geothermal,0.0,0.0,0.0,0.0,0.0
p19073,h2,0.0,0.0,0.0,0.0,0.0
p19073,hydro,0.0,0.0,0.0,0.0,0.0
p19073,nuclear,0.0,0.0,0.0,0.0,0.0
p19073,pumped-hydro,0.0,0.0,0.0,0.0,0.0
p19073,pv,231.0,231.0,231.0,231.0,231.0
p19073,wind-ofs,0.0,0.0,0.0,0.0,0.0
p19073,wind-ons,0.0,0.0,0.0,0.0,0.0
p19081,battery,0.0,0.0,0.0,0.0,0.0
p19081,biomass,0.0,0.0,0.0,0.0,0.0
p19081,coal,0.0,0.0,0.0,0.0,0.0
p19081,gas,0.0,0.0,0.0,0.0,0.0
p19081,geothermal,0.0,0.0,0.0,0.0,0.0
p19081,h2,0.0,0.0,0.0,0.0,0.0
p19081,hydro,0.0,0.0,0.0,0.0,0.0
p19081,nuclear,0.0,0.0,0.0,0.0,0.0
p19081,pumped-hydro,0.0,0.0,0.0,0.0,0.0
p19081,pv,0.0,0.0,0.0,0.0,0.0
p19081,wind-ofs,0.0,0.0,0.0,0.0,0.0
p19081,wind-ons,150.0,150.0,150.0,150.0,150.0
p19083,battery,0.0,0.0,0.0,0.0,0.0
p19083,biomass,0.0,0.0,0.0,0.0,0.0
p19083,coal,0.0,0.0,0.0,0.0,0.0
p19083,gas,0.0,0.0,0.0,0.0,0.0
p19083,geothermal,0.0,0.0,0.0,0.0,0.0
p19083,h2,0.0,0.0,0.0,0.0,0.0
p19083,hydro,0.0,0.0,0.0,0.0,0.0
p19083,nuclear,0.0,0.0,0.0,0.0,0.0
p19083,pumped-hydro,0.0,0.0,0.0,0.0,0.0
p19083,pv,0.0,0.0,0.0,0.0,0.0
p19083,wind-ofs,0.0,0.0,0.0,0.0,0.0
p19083,wind-ons,200.0,200.0,200.0,200.0,200.0
p19087,battery,100.0,100.0,100.0,100.0,100.0
p19087,biomass,0.0,0.0,0.0,0.0,0.0
p19087,coal,0.0,0.0,0.0,0.0,0.0
p19087,gas,0.0,0.0,0.0,0.0,0.0
p19087,geothermal,0.0,0.0,0.0,0.0,0.0
p19087,h2,0.0,0.0,0.0,0.0,0.0
p19087,hydro,0.0,0.0,0.0,0.0,0.0
p19087,nuclear,0.0,0.0,0.0,0.0,0.0
p19087,pumped-hydro,0.0,0.0,0.0,0.0,0.0
p19087,pv,0.0,0.0,0.0,0.0,0.0
p19087,wind-ofs,0.0,0.0,0.0,0.0,0.0
p19087,wind-ons,300.0,300.0,300.0,300.0,300.0
p19089,battery,0.0,0.0,0.0,0.0,0.0
p19089,biomass,0.0,0.0,0.0,0.0,0.0
p19089,coal,0.0,0.0,0.0,0.0,0.0
p19089,gas,0.0,0.0,0.0,0.0,0.0
p19089,geothermal,0.0,0.0,0.0,0.0,0.0
p19089,h2,0.0,0.0,0.0,0.0,0.0
p19089,hydro,0.0,0.0,0.0,0.0,0.0
p19089,nuclear,0.0,0.0,0.0,0.0,0.0
p19089,pumped-hydro,0.0,0.0,0.0,0.0,0.0
p19089,pv,0.0,0.0,0.0,0.0,0.0
p19089,wind-ofs,0.0,0.0,0.0,0.0,0.0
p19089,wind-ons,550.0,550.0,550.0,550.0,550.0
p19091,battery,0.0,0.0,0.0,0.0,0.0
p19091,biomass,0.0,0.0,0.0,0.0,0.0
p19091,coal,0.0,0.0,0.0,0.0,0.0
p19091,gas,0.0,0.0,0.0,0.0,0.0
p19091,geothermal,0.0,0.0,0.0,0.0,0.0
p19091,h2,0.0,0.0,0.0,0.0,0.0
p19091,hydro,0.0,0.0,0.0,0.0,0.0
p19091,nuclear,0.0,0.0,0.0,0.0,0.0
p19091,pumped-hydro,0.0,0.0,0.0,0.0,0.0
p19091,pv,0.0,0.0,0.0,0.0,0.0
p19091,wind-ofs,0.0,0.0,0.0,0.0,0.0
p19091,wind-ons,175.0,175.0,175.0,175.0,175.0
p19103,battery,0.0,0.0,0.0,0.0,0.0
p19103,biomass,0.0,0.0,0.0,0.0,0.0
p19103,coal,0.0,0.0,0.0,0.0,0.0
p19103,gas,0.0,0.0,0.0,0.0,0.0
p19103,geothermal,0.0,0.0,0.0,0.0,0.0
p19103,h2,0.0,0.0,0.0,0.0,0.0
p19103,hydro,0.0,0.0,0.0,0.0,0.0
p19103,nuclear,0.0,0.0,0.0,0.0,0.0
p19103,pumped-hydro,0.0,0.0,0.0,0.0,0.0
p19103,pv,151.4,151.4,151.4,151.4,151.4
p19103,wind-ofs,0.0,0.0,0.0,0.0,0.0
p19103,wind-ons,0.0,0.0,0.0,0.0,0.0
p19111,battery,0.0,0.0,0.0,0.0,0.0
p19111,biomass,0.0,0.0,0.0,0.0,0.0
p19111,coal,0.0,0.0,0.0,0.0,0.0
p19111,gas,0.0,0.0,0.0,0.0,0.0
p19111,geothermal,0.0,0.0,0.0,0.0,0.0
p19111,h2,0.0,0.0,0.0,0.0,0.0
p19111,hydro,0.0,0.0,0.0,0.0,0.0
p19111,nuclear,0.0,0.0,0.0,0.0,0.0
p19111,pumped-hydro,0.0,0.0,0.0,0.0,0.0
p19111,pv,335.0,335.0,335.0,335.0,335.0
p19111,wind-ofs,0.0,0.0,0.0,0.0,0.0
p19111,wind-ons,0.0,0.0,0.0,0.0,0.0
p19113,battery,400.0,400.0,400.0,400.0,400.0
p19113,biomass,0.0,0.0,0.0,0.0,0.0
p19113,coal,0.0,0.0,0.0,0.0,0.0
p19113,gas,95.0,95.0,95.0,95.0,95.0
p19113,geothermal,0.0,0.0,0.0,0.0,0.0
p19113,h2,0.0,0.0,0.0,0.0,0.0
p19113,hydro,0.0,0.0,0.0,0.0,0.0
p19113,nuclear,0.0,0.0,0.0,0.0,0.0
p19113,pumped-hydro,0.0,0.0,0.0,0.0,0.0
p19113,pv,660.0,660.0,660.0,660.0,660.0
p19113,wind-ofs,0.0,0.0,0.0,0.0,0.0
p19113,wind-ons,0.0,0.0,0.0,0.0,0.0
p19115,battery,0.0,0.0,0.0,0.0,0.0
p19115,biomass,0.0,0.0,0.0,0.0,0.0
p19115,coal,0.0,0.0,0.0,0.0,0.0
p19115,gas,0.0,0.0,0.0,0.0,0.0
p19115,geothermal,0.0,0.0,0.0,0.0,0.0
p19115,h2,0.0,0.0,0.0,0.0,0.0
p19115,hydro,0.0,0.0,0.0,0.0,0.0
p19115,nuclear,0.0,0.0,0.0,0.0,0.0
p19115,pumped-hydro,0.0,0.0,0.0,0.0,0.0
p19115,pv,200.0,200.0,200.0,200.0,200.0
p19115,wind-ofs,0.0,0.0,0.0,0.0,0.0
p19115,wind-ons,164.1,164.1,164.1,164.1,164.1
p19123,battery,200.0,200.0,200.0,200.0,200.0
p19123,biomass,0.0,0.0,0.0,0.0,0.0
p19123,coal,0.0,0.0,0.0,0.0,0.0
p19123,gas,0.0,0.0,0.0,0.0,0.0
p19123,geothermal,0.0,0.0,0.0,0.0,0.0
p19123,h2,0.0,0.0,0.0,0.0,0.0
p19123,hydro,0.0,0.0,0.0,0.0,0.0
p19123,nuclear,0.0,0.0,0.0,0.0,0.0
p19123,pumped-hydro,0.0,0.0,0.0,0.0,0.0
p19123,pv,0.0,0.0,0.0,0.0,0.0
p19123,wind-ofs,0.0,0.0,0.0,0.0,0.0
p19123,wind-ons,0.0,0.0,0.0,0.0,0.0
p19127,battery,100.0,100.0,100.0,100.0,100.0
p19127,biomass,0.0,0.0,0.0,0.0,0.0
p19127,coal,0.0,0.0,0.0,0.0,0.0
p19127,gas,75.0,75.0,75.0,75.0,75.0
p19127,geothermal,0.0,0.0,0.0,0.0,0.0
p19127,h2,0.0,0.0,0.0,0.0,0.0
p19127,hydro,0.0,0.0,0.0,0.0,0.0
p19127,nuclear,0.0,0.0,0.0,0.0,0.0
p19127,pumped-hydro,0.0,0.0,0.0,0.0,0.0
p19127,pv,0.0,0.0,0.0,0.0,0.0
p19127,wind-ofs,0.0,0.0,0.0,0.0,0.0
p19127,wind-ons,62.0,62.0,62.0,62.0,62.0
p19129,battery,100.0,100.0,100.0,100.0,100.0
p19129,biomass,0.0,0.0,0.0,0.0,0.0
p19129,coal,0.0,0.0,0.0,0.0,0.0
p19129,gas,0.0,0.0,0.0,0.0,0.0
p19129,geothermal,0.0,0.0,0.0,0.0,0.0
p19129,h2,0.0,0.0,0.0,0.0,0.0
p19129,hydro,0.0,0.0,0.0,0.0,0.0
p19129,nuclear,0.0,0.0,0.0,0.0,0.0
p19129,pumped-hydro,0.0,0.0,0.0,0.0,0.0
p19129,pv,180.0,180.0,180.0,180.0,180.0
p19129,wind-ofs,0.0,0.0,0.0,0.0,0.0
p19129,wind-ons,0.0,0.0,0.0,0.0,0.0
p19131,battery,0.0,0.0,0.0,0.0,0.0
p19131,biomass,0.0,0.0,0.0,0.0,0.0
p19131,coal,0.0,0.0,0.0,0.0,0.0
p19131,gas,0.0,0.0,0.0,0.0,0.0
p19131,geothermal,0.0,0.0,0.0,0.0,0.0
p19131,h2,0.0,0.0,0.0,0.0,0.0
p19131,hydro,0.0,0.0,0.0,0.0,0.0
p19131,nuclear,0.0,0.0,0.0,0.0,0.0
p19131,pumped-hydro,0.0,0.0,0.0,0.0,0.0
p19131,pv,0.0,0.0,0.0,0.0,0.0
p19131,wind-ofs,0.0,0.0,0.0,0.0,0.0
p19131,wind-ons,180.0,180.0,180.0,180.0,180.0
p19139,battery,100.0,100.0,100.0,100.0,100.0
p19139,biomass,0.0,0.0,0.0,0.0,0.0
p19139,coal,0.0,0.0,0.0,0.0,0.0
p19139,gas,0.0,0.0,0.0,0.0,0.0
p19139,geothermal,0.0,0.0,0.0,0.0,0.0
p19139,h2,0.0,0.0,0.0,0.0,0.0
p19139,hydro,0.0,0.0,0.0,0.0,0.0
p19139,nuclear,0.0,0.0,0.0,0.0,0.0
p19139,pumped-hydro,0.0,0.0,0.0,0.0,0.0
p19139,pv,400.0,400.0,400.0,400.0,400.0
p19139,wind-ofs,0.0,0.0,0.0,0.0,0.0
p19139,wind-ons,150.0,150.0,150.0,150.0,150.0
p19143,battery,0.0,0.0,0.0,0.0,0.0
p19143,biomass,0.0,0.0,0.0,0.0,0.0
p19143,coal,0.0,0.0,0.0,0.0,0.0
p19143,gas,0.0,0.0,0.0,0.0,0.0
p19143,geothermal,0.0,0.0,0.0,0.0,0.0
p19143,h2,0.0,0.0,0.0,0.0,0.0
p19143,hydro,0.0,0.0,0.0,0.0,0.0
p19143,nuclear,0.0,0.0,0.0,0.0,0.0
p19143,pumped-hydro,0.0,0.0,0.0,0.0,0.0
p19143,pv,0.0,0.0,0.0,0.0,0.0
p19143,wind-ofs,0.0,0.0,0.0,0.0,0.0
p19143,wind-ons,140.0,140.0,140.0,140.0,140.0
p19145,battery,0.0,0.0,0.0,0.0,0.0
p19145,biomass,0.0,0.0,0.0,0.0,0.0
p19145,coal,0.0,0.0,0.0,0.0,0.0
p19145,gas,0.0,0.0,0.0,0.0,0.0
p19145,geothermal,0.0,0.0,0.0,0.0,0.0
p19145,h2,0.0,0.0,0.0,0.0,0.0
p19145,hydro,0.0,0.0,0.0,0.0,0.0
p19145,nuclear,0.0,0.0,0.0,0.0,0.0
p19145,pumped-hydro,0.0,0.0,0.0,0.0,0.0
p19145,pv,50.0,50.0,50.0,50.0,50.0
p19145,wind-ofs,0.0,0.0,0.0,0.0,0.0
p19145,wind-ons,0.0,0.0,0.0,0.0,0.0
p19147,battery,0.0,0.0,0.0,0.0,0.0
p19147,biomass,0.0,0.0,0.0,0.0,0.0
p19147,coal,0.0,0.0,0.0,0.0,0.0
p19147,gas,0.0,0.0,0.0,0.0,0.0
p19147,geothermal,0.0,0.0,0.0,0.0,0.0
p19147,h2,0.0,0.0,0.0,0.0,0.0
p19147,hydro,0.0,0.0,0.0,0.0,0.0
p19147,nuclear,0.0,0.0,0.0,0.0,0.0
p19147,pumped-hydro,0.0,0.0,0.0,0.0,0.0
p19147,pv,500.0,500.0,500.0,500.0,500.0
p19147,wind-ofs,0.0,0.0,0.0,0.0,0.0
p19147,wind-ons,400.0,400.0,400.0,400.0,400.0
p19149,battery,0.0,0.0,0.0,0.0,0.0
p19149,biomass,0.0,0.0,0.0,0.0,0.0
p19149,coal,0.0,0.0,0.0,0.0,0.0
p19149,gas,0.0,0.0,0.0,0.0,0.0
p19149,geothermal,0.0,0.0,0.0,0.0,0.0
p19149,h2,0.0,0.0,0.0,0.0,0.0
p19149,hydro,0.0,0.0,0.0,0.0,0.0
p19149,nuclear,0.0,0.0,0.0,0.0,0.0
p19149,pumped-hydro,0.0,0.0,0.0,0.0,0.0
p19149,pv,0.0,0.0,0.0,0.0,0.0
p19149,wind-ofs,0.0,0.0,0.0,0.0,0.0
p19149,wind-ons,200.0,200.0,200.0,200.0,200.0
p19151,battery,0.0,0.0,0.0,0.0,0.0
p19151,biomass,0.0,0.0,0.0,0.0,0.0
p19151,coal,0.0,0.0,0.0,0.0,0.0
p19151,gas,0.0,0.0,0.0,0.0,0.0
p19151,geothermal,0.0,0.0,0.0,0.0,0.0
p19151,h2,0.0,0.0,0.0,0.0,0.0
p19151,hydro,0.0,0.0,0.0,0.0,0.0
p19151,nuclear,0.0,0.0,0.0,0.0,0.0
p19151,pumped-hydro,0.0,0.0,0.0,0.0,0.0
p19151,pv,156.3,156.3,156.3,156.3,156.3
p19151,wind-ofs,0.0,0.0,0.0,0.0,0.0
p19151,wind-ons,475.0,475.0,475.0,475.0,475.0
p19153,battery,340.0,340.0,340.0,340.0,340.0
p19153,biomass,0.0,0.0,0.0,0.0,0.0
p19153,coal,0.0,0.0,0.0,0.0,0.0
p19153,gas,0.0,0.0,0.0,0.0,0.0
p19153,geothermal,0.0,0.0,0.0,0.0,0.0
p19153,h2,0.0,0.0,0.0,0.0,0.0
p19153,hydro,0.0,0.0,0.0,0.0,0.0
p19153,nuclear,0.0,0.0,0.0,0.0,0.0
p19153,pumped-hydro,0.0,0.0,0.0,0.0,0.0
p19153,pv,0.0,0.0,0.0,0.0,0.0
p19153,wind-ofs,0.0,0.0,0.0,0.0,0.0
p19153,wind-ons,0.0,0.0,0.0,0.0,0.0
p19155,battery,0.0,0.0,0.0,0.0,0.0
p19155,biomass,0.0,0.0,0.0,0.0,0.0
p19155,coal,0.0,0.0,0.0,0.0,0.0
p19155,gas,0.0,0.0,0.0,0.0,0.0
p19155,geothermal,0.0,0.0,0.0,0.0,0.0
p19155,h2,0.0,0.0,0.0,0.0,0.0
p19155,hydro,0.0,0.0,0.0,0.0,0.0
p19155,nuclear,0.0,0.0,0.0,0.0,0.0
p19155,pumped-hydro,0.0,0.0,0.0,0.0,0.0
p19155,pv,0.0,0.0,0.0,0.0,0.0
p19155,wind-ofs,0.0,0.0,0.0,0.0,0.0
p19155,wind-ons,735.0,735.0,735.0,735.0,735.0
p19163,battery,100.0,100.0,100.0,100.0,100.0
p19163,biomass,0.0,0.0,0.0,0.0,0.0
p19163,coal,0.0,0.0,0.0,0.0,0.0
p19163,gas,0.0,0.0,0.0,0.0,0.0
p19163,geothermal,0.0,0.0,0.0,0.0,0.0
p19163,h2,0.0,0.0,0.0,0.0,0.0
p19163,hydro,0.0,0.0,0.0,0.0,0.0
p19163,nuclear,0.0,0.0,0.0,0.0,0.0
p19163,pumped-hydro,0.0,0.0,0.0,0.0,0.0
p19163,pv,200.0,200.0,200.0,200.0,200.0
p19163,wind-ofs,0.0,0.0,0.0,0.0,0.0
p19163,wind-ons,0.0,0.0,0.0,0.0,0.0
p19169,battery,0.0,0.0,0.0,0.0,0.0
p19169,biomass,0.0,0.0,0.0,0.0,0.0
p19169,coal,0.0,0.0,0.0,0.0,0.0
p19169,gas,0.0,0.0,0.0,0.0,0.0
p19169,geothermal,0.0,0.0,0.0,0.0,0.0
p19169,h2,0.0,0.0,0.0,0.0,0.0
p19169,hydro,0.0,0.0,0.0,0.0,0.0
p19169,nuclear,0.0,0.0,0.0,0.0,0.0
p19169,pumped-hydro,0.0,0.0,0.0,0.0,0.0
p19169,pv,400.0,400.0,400.0,400.0,400.0
p19169,wind-ofs,0.0,0.0,0.0,0.0,0.0
p19169,wind-ons,150.0,150.0,150.0,150.0,150.0
p19171,battery,0.0,0.0,0.0,0.0,0.0
p19171,biomass,0.0,0.0,0.0,0.0,0.0
p19171,coal,0.0,0.0,0.0,0.0,0.0
p19171,gas,0.0,0.0,0.0,0.0,0.0
p19171,geothermal,0.0,0.0,0.0,0.0,0.0
p19171,h2,0.0,0.0,0.0,0.0,0.0
p19171,hydro,0.0,0.0,0.0,0.0,0.0
p19171,nuclear,0.0,0.0,0.0,0.0,0.0
p19171,pumped-hydro,0.0,0.0,0.0,0.0,0.0
p19171,pv,187.0,187.0,187.0,187.0,187.0
p19171,wind-ofs,0.0,0.0,0.0,0.0,0.0
p19171,wind-ons,331.4,331.4,331.4,331.4,331.4
p19173,battery,0.0,0.0,0.0,0.0,0.0
p19173,biomass,0.0,0.0,0.0,0.0,0.0
p19173,coal,0.0,0.0,0.0,0.0,0.0
p19173,gas,0.0,0.0,0.0,0.0,0.0
p19173,geothermal,0.0,0.0,0.0,0.0,0.0
p19173,h2,0.0,0.0,0.0,0.0,0.0
p19173,hydro,0.0,0.0,0.0,0.0,0.0
p19173,nuclear,0.0,0.0,0.0,0.0,0.0
p19173,pumped-hydro,0.0,0.0,0.0,0.0,0.0
p19173,pv,0.0,0.0,0.0,0.0,0.0
p19173,wind-ofs,0.0,0.0,0.0,0.0,0.0
p19173,wind-ons,700.0,700.0,700.0,700.0,700.0
p19175,battery,0.0,0.0,0.0,0.0,0.0
p19175,biomass,0.0,0.0,0.0,0.0,0.0
p19175,coal,0.0,0.0,0.0,0.0,0.0
p19175,gas,0.0,0.0,0.0,0.0,0.0
p19175,geothermal,0.0,0.0,0.0,0.0,0.0
p19175,h2,0.0,0.0,0.0,0.0,0.0
p19175,hydro,0.0,0.0,0.0,0.0,0.0
p19175,nuclear,0.0,0.0,0.0,0.0,0.0
p19175,pumped-hydro,0.0,0.0,0.0,0.0,0.0
p19175,pv,100.0,100.0,100.0,100.0,100.0
p19175,wind-ofs,0.0,0.0,0.0,0.0,0.0
p19175,wind-ons,0.0,0.0,0.0,0.0,0.0
p19179,battery,0.0,0.0,0.0,0.0,0.0
p19179,biomass,0.0,0.0,0.0,0.0,0.0
p19179,coal,0.0,0.0,0.0,0.0,0.0
p19179,gas,0.0,0.0,0.0,0.0,0.0
p19179,geothermal,0.0,0.0,0.0,0.0,0.0
p19179,h2,0.0,0.0,0.0,0.0,0.0
p19179,hydro,0.0,0.0,0.0,0.0,0.0
p19179,nuclear,0.0,0.0,0.0,0.0,0.0
p19179,pumped-hydro,0.0,0.0,0.0,0.0,0.0
p19179,pv,0.0,0.0,0.0,0.0,0.0
p19179,wind-ofs,0.0,0.0,0.0,0.0,0.0
p19179,wind-ons,200.0,200.0,200.0,200.0,200.0
p19183,battery,0.0,0.0,0.0,0.0,0.0
p19183,biomass,0.0,0.0,0.0,0.0,0.0
p19183,coal,0.0,0.0,0.0,0.0,0.0
p19183,gas,350.0,350.0,350.0,350.0,350.0
p19183,geothermal,0.0,0.0,0.0,0.0,0.0
p19183,h2,0.0,0.0,0.0,0.0,0.0
p19183,hydro,0.0,0.0,0.0,0.0,0.0
p19183,nuclear,0.0,0.0,0.0,0.0,0.0
p19183,pumped-hydro,0.0,0.0,0.0,0.0,0.0
p19183,pv,200.0,200.0,200.0,200.0,200.0
p19183,wind-ofs,0.0,0.0,0.0,0.0,0.0
p19183,wind-ons,226.0,226.0,226.0,226.0,226.0
p19187,battery,0.0,0.0,0.0,0.0,0.0
p19187,biomass,0.0,0.0,0.0,0.0,0.0
p19187,coal,0.0,0.0,0.0,0.0,0.0
p19187,gas,0.0,0.0,0.0,0.0,0.0
p19187,geothermal,0.0,0.0,0.0,0.0,0.0
p19187,h2,0.0,0.0,0.0,0.0,0.0
p19187,hydro,0.0,0.0,0.0,0.0,0.0
p19187,nuclear,0.0,0.0,0.0,0.0,0.0
p19187,pumped-hydro,0.0,0.0,0.0,0.0,0.0
p19187,pv,0.0,0.0,0.0,0.0,0.0
p19187,wind-ofs,0.0,0.0,0.0,0.0,0.0
p19187,wind-ons,895.0,895.0,895.0,895.0,895.0
p19189,battery,0.0,0.0,0.0,0.0,0.0
p19189,biomass,0.0,0.0,0.0,0.0,0.0
p19189,coal,0.0,0.0,0.0,0.0,0.0
p19189,gas,0.0,0.0,0.0,0.0,0.0
p19189,geothermal,0.0,0.0,0.0,0.0,0.0
p19189,h2,0.0,0.0,0.0,0.0,0.0
p19189,hydro,0.0,0.0,0.0,0.0,0.0
p19189,nuclear,0.0,0.0,0.0,0.0,0.0
p19189,pumped-hydro,0.0,0.0,0.0,0.0,0.0
p19189,pv,0.0,0.0,0.0,0.0,0.0
p19189,wind-ofs,0.0,0.0,0.0,0.0,0.0
p19189,wind-ons,718.8,718.8,718.8,718.8,718.8
p19193,battery,0.0,0.0,0.0,0.0,0.0
p19193,biomass,0.0,0.0,0.0,0.0,0.0
p19193,coal,0.0,0.0,0.0,0.0,0.0
p19193,gas,15.15,15.15,15.15,15.15,15.15
p19193,geothermal,0.0,0.0,0.0,0.0,0.0
p19193,h2,0.0,0.0,0.0,0.0,0.0
p19193,hydro,0.0,0.0,0.0,0.0,0.0
p19193,nuclear,0.0,0.0,0.0,0.0,0.0
p19193,pumped-hydro,0.0,0.0,0.0,0.0,0.0
p19193,pv,300.0,300.0,300.0,300.0,300.0
p19193,wind-ofs,0.0,0.0,0.0,0.0,0.0
p19193,wind-ons,118.0,118.0,118.0,118.0,118.0
p19195,battery,200.0,200.0,200.0,200.0,200.0
p19195,biomass,0.0,0.0,0.0,0.0,0.0
p19195,coal,0.0,0.0,0.0,0.0,0.0
p19195,gas,0.0,0.0,0.0,0.0,0.0
p19195,geothermal,0.0,0.0,0.0,0.0,0.0
p19195,h2,0.0,0.0,0.0,0.0,0.0
p19195,hydro,0.0,0.0,0.0,0.0,0.0
p19195,nuclear,0.0,0.0,0.0,0.0,0.0
p19195,pumped-hydro,0.0,0.0,0.0,0.0,0.0
p19195,pv,500.0,500.0,500.0,500.0,500.0
p19195,wind-ofs,0.0,0.0,0.0,0.0,0.0
p19195,wind-ons,395.0,395.0,395.0,395.0,395.0
p20007,battery,95.0,95.0,95.0,95.0,95.0
p20007,biomass,0.0,0.0,0.0,0.0,0.0
p20007,coal,0.0,0.0,0.0,0.0,0.0
p20007,gas,0.0,0.0,0.0,0.0,0.0
p20007,geothermal,0.0,0.0,0.0,0.0,0.0
p20007,h2,0.0,0.0,0.0,0.0,0.0
p20007,hydro,0.0,0.0,0.0,0.0,0.0
p20007,nuclear,0.0,0.0,0.0,0.0,0.0
p20007,pumped-hydro,0.0,0.0,0.0,0.0,0.0
p20007,pv,378.0,378.0,378.0,378.0,378.0
p20007,wind-ofs,0.0,0.0,0.0,0.0,0.0
p20007,wind-ons,0.0,0.0,0.0,0.0,0.0
p20009,battery,50.0,50.0,50.0,50.0,50.0
p20009,biomass,0.0,0.0,0.0,0.0,0.0
p20009,coal,0.0,0.0,0.0,0.0,0.0
p20009,gas,0.0,0.0,0.0,0.0,0.0
p20009,geothermal,0.0,0.0,0.0,0.0,0.0
p20009,h2,0.0,0.0,0.0,0.0,0.0
p20009,hydro,0.0,0.0,0.0,0.0,0.0
p20009,nuclear,0.0,0.0,0.0,0.0,0.0
p20009,pumped-hydro,0.0,0.0,0.0,0.0,0.0
p20009,pv,150.0,150.0,150.0,150.0,150.0
p20009,wind-ofs,0.0,0.0,0.0,0.0,0.0
p20009,wind-ons,0.0,0.0,0.0,0.0,0.0
p20011,battery,404.3,404.3,404.3,404.3,404.3
p20011,biomass,0.0,0.0,0.0,0.0,0.0
p20011,coal,0.0,0.0,0.0,0.0,0.0
p20011,gas,0.0,0.0,0.0,0.0,0.0
p20011,geothermal,0.0,0.0,0.0,0.0,0.0
p20011,h2,0.0,0.0,0.0,0.0,0.0
p20011,hydro,0.0,0.0,0.0,0.0,0.0
p20011,nuclear,0.0,0.0,0.0,0.0,0.0
p20011,pumped-hydro,0.0,0.0,0.0,0.0,0.0
p20011,pv,830.0,830.0,830.0,830.0,830.0
p20011,wind-ofs,0.0,0.0,0.0,0.0,0.0
p20011,wind-ons,0.0,0.0,0.0,0.0,0.0
p20015,battery,250.0,250.0,250.0,250.0,250.0
p20015,biomass,0.0,0.0,0.0,0.0,0.0
p20015,coal,0.0,0.0,0.0,0.0,0.0
p20015,gas,0.0,0.0,0.0,0.0,0.0
p20015,geothermal,0.0,0.0,0.0,0.0,0.0
p20015,h2,0.0,0.0,0.0,0.0,0.0
p20015,hydro,0.0,0.0,0.0,0.0,0.0
p20015,nuclear,0.0,0.0,0.0,0.0,0.0
p20015,pumped-hydro,0.0,0.0,0.0,0.0,0.0
p20015,pv,0.0,0.0,0.0,0.0,0.0
p20015,wind-ofs,0.0,0.0,0.0,0.0,0.0
p20015,wind-ons,400.0,400.0,400.0,400.0,400.0
p20021,battery,0.0,0.0,0.0,0.0,0.0
p20021,biomass,0.0,0.0,0.0,0.0,0.0
p20021,coal,0.0,0.0,0.0,0.0,0.0
p20021,gas,0.0,0.0,0.0,0.0,0.0
p20021,geothermal,0.0,0.0,0.0,0.0,0.0
p20021,h2,0.0,0.0,0.0,0.0,0.0
p20021,hydro,0.0,0.0,0.0,0.0,0.0
p20021,nuclear,0.0,0.0,0.0,0.0,0.0
p20021,pumped-hydro,0.0,0.0,0.0,0.0,0.0
p20021,pv,450.0,450.0,450.0,450.0,450.0
p20021,wind-ofs,0.0,0.0,0.0,0.0,0.0
p20021,wind-ons,0.0,0.0,0.0,0.0,0.0
p20029,battery,0.0,0.0,0.0,0.0,0.0
p20029,biomass,0.0,0.0,0.0,0.0,0.0
p20029,coal,0.0,0.0,0.0,0.0,0.0
p20029,gas,0.0,0.0,0.0,0.0,0.0
p20029,geothermal,0.0,0.0,0.0,0.0,0.0
p20029,h2,0.0,0.0,0.0,0.0,0.0
p20029,hydro,0.0,0.0,0.0,0.0,0.0
p20029,nuclear,0.0,0.0,0.0,0.0,0.0
p20029,pumped-hydro,0.0,0.0,0.0,0.0,0.0
p20029,pv,380.0,380.0,380.0,380.0,380.0
p20029,wind-ofs,0.0,0.0,0.0,0.0,0.0
p20029,wind-ons,763.2,763.2,763.2,763.2,763.2
p20031,battery,0.0,0.0,0.0,0.0,0.0
p20031,biomass,0.0,0.0,0.0,0.0,0.0
p20031,coal,0.0,0.0,0.0,0.0,0.0
p20031,gas,0.0,0.0,0.0,0.0,0.0
p20031,geothermal,0.0,0.0,0.0,0.0,0.0
p20031,h2,0.0,0.0,0.0,0.0,0.0
p20031,hydro,0.0,0.0,0.0,0.0,0.0
p20031,nuclear,0.0,0.0,0.0,0.0,0.0
p20031,pumped-hydro,0.0,0.0,0.0,0.0,0.0
p20031,pv,1184.0,1184.0,1184.0,1184.0,1184.0
p20031,wind-ofs,0.0,0.0,0.0,0.0,0.0
p20031,wind-ons,0.0,0.0,0.0,0.0,0.0
p20035,battery,200.0,200.0,200.0,200.0,200.0
p20035,biomass,0.0,0.0,0.0,0.0,0.0
p20035,coal,0.0,0.0,0.0,0.0,0.0
p20035,gas,58.0,58.0,58.0,58.0,58.0
p20035,geothermal,0.0,0.0,0.0,0.0,0.0
p20035,h2,0.0,0.0,0.0,0.0,0.0
p20035,hydro,0.0,0.0,0.0,0.0,0.0
p20035,nuclear,0.0,0.0,0.0,0.0,0.0
p20035,pumped-hydro,0.0,0.0,0.0,0.0,0.0
p20035,pv,100.0,100.0,100.0,100.0,100.0
p20035,wind-ofs,0.0,0.0,0.0,0.0,0.0
p20035,wind-ons,0.0,0.0,0.0,0.0,0.0
p20037,battery,0.0,0.0,0.0,0.0,0.0
p20037,biomass,0.0,0.0,0.0,0.0,0.0
p20037,coal,0.0,0.0,0.0,0.0,0.0
p20037,gas,0.0,0.0,0.0,0.0,0.0
p20037,geothermal,0.0,0.0,0.0,0.0,0.0
p20037,h2,0.0,0.0,0.0,0.0,0.0
p20037,hydro,0.0,0.0,0.0,0.0,0.0
p20037,nuclear,0.0,0.0,0.0,0.0,0.0
p20037,pumped-hydro,0.0,0.0,0.0,0.0,0.0
p20037,pv,228.0,228.0,228.0,228.0,228.0
p20037,wind-ofs,0.0,0.0,0.0,0.0,0.0
p20037,wind-ons,310.0,310.0,310.0,310.0,310.0
p20039,battery,0.0,0.0,0.0,0.0,0.0
p20039,biomass,0.0,0.0,0.0,0.0,0.0
p20039,coal,0.0,0.0,0.0,0.0,0.0
p20039,gas,0.0,0.0,0.0,0.0,0.0
p20039,geothermal,0.0,0.0,0.0,0.0,0.0
p20039,h2,0.0,0.0,0.0,0.0,0.0
p20039,hydro,0.0,0.0,0.0,0.0,0.0
p20039,nuclear,0.0,0.0,0.0,0.0,0.0
p20039,pumped-hydro,0.0,0.0,0.0,0.0,0.0
p20039,pv,670.0,670.0,670.0,670.0,670.0
p20039,wind-ofs,0.0,0.0,0.0,0.0,0.0
p20039,wind-ons,0.0,0.0,0.0,0.0,0.0
p20041,battery,0.0,0.0,0.0,0.0,0.0
p20041,biomass,0.0,0.0,0.0,0.0,0.0
p20041,coal,0.0,0.0,0.0,0.0,0.0
p20041,gas,0.0,0.0,0.0,0.0,0.0
p20041,geothermal,0.0,0.0,0.0,0.0,0.0
p20041,h2,0.0,0.0,0.0,0.0,0.0
p20041,hydro,0.0,0.0,0.0,0.0,0.0
p20041,nuclear,0.0,0.0,0.0,0.0,0.0
p20041,pumped-hydro,0.0,0.0,0.0,0.0,0.0
p20041,pv,0.0,0.0,0.0,0.0,0.0
p20041,wind-ofs,0.0,0.0,0.0,0.0,0.0
p20041,wind-ons,668.2,668.2,668.2,668.2,668.2
p20045,battery,0.0,0.0,0.0,0.0,0.0
p20045,biomass,0.0,0.0,0.0,0.0,0.0
p20045,coal,0.0,0.0,0.0,0.0,0.0
p20045,gas,0.0,0.0,0.0,0.0,0.0
p20045,geothermal,0.0,0.0,0.0,0.0,0.0
p20045,h2,0.0,0.0,0.0,0.0,0.0
p20045,hydro,0.0,0.0,0.0,0.0,0.0
p20045,nuclear,0.0,0.0,0.0,0.0,0.0
p20045,pumped-hydro,0.0,0.0,0.0,0.0,0.0
p20045,pv,159.0,159.0,159.0,159.0,159.0
p20045,wind-ofs,0.0,0.0,0.0,0.0,0.0
p20045,wind-ons,0.0,0.0,0.0,0.0,0.0
p20047,battery,50.0,50.0,50.0,50.0,50.0
p20047,biomass,0.0,0.0,0.0,0.0,0.0
p20047,coal,0.0,0.0,0.0,0.0,0.0
p20047,gas,0.0,0.0,0.0,0.0,0.0
p20047,geothermal,0.0,0.0,0.0,0.0,0.0
p20047,h2,0.0,0.0,0.0,0.0,0.0
p20047,hydro,0.0,0.0,0.0,0.0,0.0
p20047,nuclear,0.0,0.0,0.0,0.0,0.0
p20047,pumped-hydro,0.0,0.0,0.0,0.0,0.0
p20047,pv,295.0,295.0,295.0,295.0,295.0
p20047,wind-ofs,0.0,0.0,0.0,0.0,0.0
p20047,wind-ons,750.0,750.0,750.0,750.0,750.0
p20051,battery,40.0,40.0,40.0,40.0,40.0
p20051,biomass,0.0,0.0,0.0,0.0,0.0
p20051,coal,0.0,0.0,0.0,0.0,0.0
p20051,gas,0.0,0.0,0.0,0.0,0.0
p20051,geothermal,0.0,0.0,0.0,0.0,0.0
p20051,h2,0.0,0.0,0.0,0.0,0.0
p20051,hydro,0.0,0.0,0.0,0.0,0.0
p20051,nuclear,0.0,0.0,0.0,0.0,0.0
p20051,pumped-hydro,0.0,0.0,0.0,0.0,0.0
p20051,pv,288.0,288.0,288.0,288.0,288.0
p20051,wind-ofs,0.0,0.0,0.0,0.0,0.0
p20051,wind-ons,0.0,0.0,0.0,0.0,0.0
p20055,battery,424.5,424.5,424.5,424.5,424.5
p20055,biomass,0.0,0.0,0.0,0.0,0.0
p20055,coal,0.0,0.0,0.0,0.0,0.0
p20055,gas,0.0,0.0,0.0,0.0,0.0
p20055,geothermal,0.0,0.0,0.0,0.0,0.0
p20055,h2,0.0,0.0,0.0,0.0,0.0
p20055,hydro,0.0,0.0,0.0,0.0,0.0
p20055,nuclear,0.0,0.0,0.0,0.0,0.0
p20055,pumped-hydro,0.0,0.0,0.0,0.0,0.0
p20055,pv,754.5,754.5,754.5,754.5,754.5
p20055,wind-ofs,0.0,0.0,0.0,0.0,0.0
p20055,wind-ons,300.0,300.0,300.0,300.0,300.0
p20057,battery,448.0,448.0,448.0,448.0,448.0
p20057,biomass,0.0,0.0,0.0,0.0,0.0
p20057,coal,0.0,0.0,0.0,0.0,0.0
p20057,gas,0.0,0.0,0.0,0.0,0.0
p20057,geothermal,0.0,0.0,0.0,0.0,0.0
p20057,h2,0.0,0.0,0.0,0.0,0.0
p20057,hydro,0.0,0.0,0.0,0.0,0.0
p20057,nuclear,0.0,0.0,0.0,0.0,0.0
p20057,pumped-hydro,0.0,0.0,0.0,0.0,0.0
p20057,pv,400.0,400.0,400.0,400.0,400.0
p20057,wind-ofs,0.0,0.0,0.0,0.0,0.0
p20057,wind-ons,252.0,252.0,252.0,252.0,252.0
p20059,battery,0.0,0.0,0.0,0.0,0.0
p20059,biomass,0.0,0.0,0.0,0.0,0.0
p20059,coal,0.0,0.0,0.0,0.0,0.0
p20059,gas,0.0,0.0,0.0,0.0,0.0
p20059,geothermal,0.0,0.0,0.0,0.0,0.0
p20059,h2,0.0,0.0,0.0,0.0,0.0
p20059,hydro,0.0,0.0,0.0,0.0,0.0
p20059,nuclear,0.0,0.0,0.0,0.0,0.0
p20059,pumped-hydro,0.0,0.0,0.0,0.0,0.0
p20059,pv,150.0,150.0,150.0,150.0,150.0
p20059,wind-ofs,0.0,0.0,0.0,0.0,0.0
p20059,wind-ons,0.0,0.0,0.0,0.0,0.0
p20067,battery,0.0,0.0,0.0,0.0,0.0
p20067,biomass,0.0,0.0,0.0,0.0,0.0
p20067,coal,0.0,0.0,0.0,0.0,0.0
p20067,gas,0.0,0.0,0.0,0.0,0.0
p20067,geothermal,0.0,0.0,0.0,0.0,0.0
p20067,h2,0.0,0.0,0.0,0.0,0.0
p20067,hydro,0.0,0.0,0.0,0.0,0.0
p20067,nuclear,0.0,0.0,0.0,0.0,0.0
p20067,pumped-hydro,0.0,0.0,0.0,0.0,0.0
p20067,pv,419.18,419.18,419.18,419.18,419.18
p20067,wind-ofs,0.0,0.0,0.0,0.0,0.0
p20067,wind-ons,0.0,0.0,0.0,0.0,0.0
p20069,battery,0.0,0.0,0.0,0.0,0.0
p20069,biomass,0.0,0.0,0.0,0.0,0.0
p20069,coal,0.0,0.0,0.0,0.0,0.0
p20069,gas,0.0,0.0,0.0,0.0,0.0
p20069,geothermal,0.0,0.0,0.0,0.0,0.0
p20069,h2,0.0,0.0,0.0,0.0,0.0
p20069,hydro,0.0,0.0,0.0,0.0,0.0
p20069,nuclear,0.0,0.0,0.0,0.0,0.0
p20069,pumped-hydro,0.0,0.0,0.0,0.0,0.0
p20069,pv,150.0,150.0,150.0,150.0,150.0
p20069,wind-ofs,0.0,0.0,0.0,0.0,0.0
p20069,wind-ons,0.0,0.0,0.0,0.0,0.0
p20077,battery,0.0,0.0,0.0,0.0,0.0
p20077,biomass,0.0,0.0,0.0,0.0,0.0
p20077,coal,0.0,0.0,0.0,0.0,0.0
p20077,gas,0.0,0.0,0.0,0.0,0.0
p20077,geothermal,0.0,0.0,0.0,0.0,0.0
p20077,h2,0.0,0.0,0.0,0.0,0.0
p20077,hydro,0.0,0.0,0.0,0.0,0.0
p20077,nuclear,0.0,0.0,0.0,0.0,0.0
p20077,pumped-hydro,0.0,0.0,0.0,0.0,0.0
p20077,pv,84.0,84.0,84.0,84.0,84.0
p20077,wind-ofs,0.0,0.0,0.0,0.0,0.0
p20077,wind-ons,584.0,584.0,584.0,584.0,584.0
p20079,battery,140.0,140.0,140.0,140.0,140.0
p20079,biomass,0.0,0.0,0.0,0.0,0.0
p20079,coal,0.0,0.0,0.0,0.0,0.0
p20079,gas,0.0,0.0,0.0,0.0,0.0
p20079,geothermal,0.0,0.0,0.0,0.0,0.0
p20079,h2,0.0,0.0,0.0,0.0,0.0
p20079,hydro,0.0,0.0,0.0,0.0,0.0
p20079,nuclear,0.0,0.0,0.0,0.0,0.0
p20079,pumped-hydro,0.0,0.0,0.0,0.0,0.0
p20079,pv,0.0,0.0,0.0,0.0,0.0
p20079,wind-ofs,0.0,0.0,0.0,0.0,0.0
p20079,wind-ons,0.0,0.0,0.0,0.0,0.0
p20083,battery,0.0,0.0,0.0,0.0,0.0
p20083,biomass,0.0,0.0,0.0,0.0,0.0
p20083,coal,0.0,0.0,0.0,0.0,0.0
p20083,gas,0.0,0.0,0.0,0.0,0.0
p20083,geothermal,0.0,0.0,0.0,0.0,0.0
p20083,h2,0.0,0.0,0.0,0.0,0.0
p20083,hydro,0.0,0.0,0.0,0.0,0.0
p20083,nuclear,0.0,0.0,0.0,0.0,0.0
p20083,pumped-hydro,0.0,0.0,0.0,0.0,0.0
p20083,pv,800.0,800.0,800.0,800.0,800.0
p20083,wind-ofs,0.0,0.0,0.0,0.0,0.0
p20083,wind-ons,1403.2,1403.2,1403.2,1403.2,1403.2
p20085,battery,0.0,0.0,0.0,0.0,0.0
p20085,biomass,0.0,0.0,0.0,0.0,0.0
p20085,coal,0.0,0.0,0.0,0.0,0.0
p20085,gas,0.0,0.0,0.0,0.0,0.0
p20085,geothermal,0.0,0.0,0.0,0.0,0.0
p20085,h2,0.0,0.0,0.0,0.0,0.0
p20085,hydro,0.0,0.0,0.0,0.0,0.0
p20085,nuclear,0.0,0.0,0.0,0.0,0.0
p20085,pumped-hydro,0.0,0.0,0.0,0.0,0.0
p20085,pv,300.0,300.0,300.0,300.0,300.0
p20085,wind-ofs,0.0,0.0,0.0,0.0,0.0
p20085,wind-ons,0.0,0.0,0.0,0.0,0.0
p20091,battery,278.0,278.0,278.0,278.0,278.0
p20091,biomass,0.0,0.0,0.0,0.0,0.0
p20091,coal,0.0,0.0,0.0,0.0,0.0
p20091,gas,0.0,0.0,0.0,0.0,0.0
p20091,geothermal,0.0,0.0,0.0,0.0,0.0
p20091,h2,0.0,0.0,0.0,0.0,0.0
p20091,hydro,0.0,0.0,0.0,0.0,0.0
p20091,nuclear,0.0,0.0,0.0,0.0,0.0
p20091,pumped-hydro,0.0,0.0,0.0,0.0,0.0
p20091,pv,1000.8,1000.8,1000.8,1000.8,1000.8
p20091,wind-ofs,0.0,0.0,0.0,0.0,0.0
p20091,wind-ons,0.0,0.0,0.0,0.0,0.0
p20093,battery,0.0,0.0,0.0,0.0,0.0
p20093,biomass,0.0,0.0,0.0,0.0,0.0
p20093,coal,0.0,0.0,0.0,0.0,0.0
p20093,gas,0.0,0.0,0.0,0.0,0.0
p20093,geothermal,0.0,0.0,0.0,0.0,0.0
p20093,h2,0.0,0.0,0.0,0.0,0.0
p20093,hydro,0.0,0.0,0.0,0.0,0.0
p20093,nuclear,0.0,0.0,0.0,0.0,0.0
p20093,pumped-hydro,0.0,0.0,0.0,0.0,0.0
p20093,pv,0.0,0.0,0.0,0.0,0.0
p20093,wind-ofs,0.0,0.0,0.0,0.0,0.0
p20093,wind-ons,300.0,300.0,300.0,300.0,300.0
p20099,battery,300.0,300.0,300.0,300.0,300.0
p20099,biomass,0.0,0.0,0.0,0.0,0.0
p20099,coal,0.0,0.0,0.0,0.0,0.0
p20099,gas,0.0,0.0,0.0,0.0,0.0
p20099,geothermal,0.0,0.0,0.0,0.0,0.0
p20099,h2,0.0,0.0,0.0,0.0,0.0
p20099,hydro,0.0,0.0,0.0,0.0,0.0
p20099,nuclear,0.0,0.0,0.0,0.0,0.0
p20099,pumped-hydro,0.0,0.0,0.0,0.0,0.0
p20099,pv,800.0,800.0,800.0,800.0,800.0
p20099,wind-ofs,0.0,0.0,0.0,0.0,0.0
p20099,wind-ons,0.0,0.0,0.0,0.0,0.0
p20105,battery,300.0,300.0,300.0,300.0,300.0
p20105,biomass,0.0,0.0,0.0,0.0,0.0
p20105,coal,0.0,0.0,0.0,0.0,0.0
p20105,gas,0.0,0.0,0.0,0.0,0.0
p20105,geothermal,0.0,0.0,0.0,0.0,0.0
p20105,h2,0.0,0.0,0.0,0.0,0.0
p20105,hydro,0.0,0.0,0.0,0.0,0.0
p20105,nuclear,0.0,0.0,0.0,0.0,0.0
p20105,pumped-hydro,0.0,0.0,0.0,0.0,0.0
p20105,pv,0.0,0.0,0.0,0.0,0.0
p20105,wind-ofs,0.0,0.0,0.0,0.0,0.0
p20105,wind-ons,0.0,0.0,0.0,0.0,0.0
p20107,battery,253.8,253.8,253.8,253.8,253.8
p20107,biomass,0.0,0.0,0.0,0.0,0.0
p20107,coal,0.0,0.0,0.0,0.0,0.0
p20107,gas,0.0,0.0,0.0,0.0,0.0
p20107,geothermal,0.0,0.0,0.0,0.0,0.0
p20107,h2,0.0,0.0,0.0,0.0,0.0
p20107,hydro,0.0,0.0,0.0,0.0,0.0
p20107,nuclear,0.0,0.0,0.0,0.0,0.0
p20107,pumped-hydro,0.0,0.0,0.0,0.0,0.0
p20107,pv,1160.3,1160.3,1160.3,1160.3,1160.3
p20107,wind-ofs,0.0,0.0,0.0,0.0,0.0
p20107,wind-ons,0.0,0.0,0.0,0.0,0.0
p20111,battery,0.0,0.0,0.0,0.0,0.0
p20111,biomass,0.0,0.0,0.0,0.0,0.0
p20111,coal,0.0,0.0,0.0,0.0,0.0
p20111,gas,0.0,0.0,0.0,0.0,0.0
p20111,geothermal,0.0,0.0,0.0,0.0,0.0
p20111,h2,0.0,0.0,0.0,0.0,0.0
p20111,hydro,0.0,0.0,0.0,0.0,0.0
p20111,nuclear,0.0,0.0,0.0,0.0,0.0
p20111,pumped-hydro,0.0,0.0,0.0,0.0,0.0
p20111,pv,135.0,135.0,135.0,135.0,135.0
p20111,wind-ofs,0.0,0.0,0.0,0.0,0.0
p20111,wind-ons,0.0,0.0,0.0,0.0,0.0
p20113,battery,0.0,0.0,0.0,0.0,0.0
p20113,biomass,0.0,0.0,0.0,0.0,0.0
p20113,coal,0.0,0.0,0.0,0.0,0.0
p20113,gas,114.9,114.9,114.9,114.9,114.9
p20113,geothermal,0.0,0.0,0.0,0.0,0.0
p20113,h2,0.0,0.0,0.0,0.0,0.0
p20113,hydro,0.0,0.0,0.0,0.0,0.0
p20113,nuclear,0.0,0.0,0.0,0.0,0.0
p20113,pumped-hydro,0.0,0.0,0.0,0.0,0.0
p20113,pv,0.0,0.0,0.0,0.0,0.0
p20113,wind-ofs,0.0,0.0,0.0,0.0,0.0
p20113,wind-ons,604.0,604.0,604.0,604.0,604.0
p20123,battery,0.0,0.0,0.0,0.0,0.0
p20123,biomass,0.0,0.0,0.0,0.0,0.0
p20123,coal,0.0,0.0,0.0,0.0,0.0
p20123,gas,0.0,0.0,0.0,0.0,0.0
p20123,geothermal,0.0,0.0,0.0,0.0,0.0
p20123,h2,0.0,0.0,0.0,0.0,0.0
p20123,hydro,0.0,0.0,0.0,0.0,0.0
p20123,nuclear,0.0,0.0,0.0,0.0,0.0
p20123,pumped-hydro,0.0,0.0,0.0,0.0,0.0
p20123,pv,160.0,160.0,160.0,160.0,160.0
p20123,wind-ofs,0.0,0.0,0.0,0.0,0.0
p20123,wind-ons,0.0,0.0,0.0,0.0,0.0
p20139,battery,0.0,0.0,0.0,0.0,0.0
p20139,biomass,0.0,0.0,0.0,0.0,0.0
p20139,coal,0.0,0.0,0.0,0.0,0.0
p20139,gas,0.0,0.0,0.0,0.0,0.0
p20139,geothermal,0.0,0.0,0.0,0.0,0.0
p20139,h2,0.0,0.0,0.0,0.0,0.0
p20139,hydro,0.0,0.0,0.0,0.0,0.0
p20139,nuclear,0.0,0.0,0.0,0.0,0.0
p20139,pumped-hydro,0.0,0.0,0.0,0.0,0.0
p20139,pv,625.0,625.0,625.0,625.0,625.0
p20139,wind-ofs,0.0,0.0,0.0,0.0,0.0
p20139,wind-ons,0.0,0.0,0.0,0.0,0.0
p20141,battery,0.0,0.0,0.0,0.0,0.0
p20141,biomass,0.0,0.0,0.0,0.0,0.0
p20141,coal,0.0,0.0,0.0,0.0,0.0
p20141,gas,0.0,0.0,0.0,0.0,0.0
p20141,geothermal,0.0,0.0,0.0,0.0,0.0
p20141,h2,0.0,0.0,0.0,0.0,0.0
p20141,hydro,0.0,0.0,0.0,0.0,0.0
p20141,nuclear,0.0,0.0,0.0,0.0,0.0
p20141,pumped-hydro,0.0,0.0,0.0,0.0,0.0
p20141,pv,0.0,0.0,0.0,0.0,0.0
p20141,wind-ofs,0.0,0.0,0.0,0.0,0.0
p20141,wind-ons,250.0,250.0,250.0,250.0,250.0
p20149,battery,0.0,0.0,0.0,0.0,0.0
p20149,biomass,0.0,0.0,0.0,0.0,0.0
p20149,coal,0.0,0.0,0.0,0.0,0.0
p20149,gas,0.0,0.0,0.0,0.0,0.0
p20149,geothermal,0.0,0.0,0.0,0.0,0.0
p20149,h2,0.0,0.0,0.0,0.0,0.0
p20149,hydro,0.0,0.0,0.0,0.0,0.0
p20149,nuclear,0.0,0.0,0.0,0.0,0.0
p20149,pumped-hydro,0.0,0.0,0.0,0.0,0.0
p20149,pv,201.6,201.6,201.6,201.6,201.6
p20149,wind-ofs,0.0,0.0,0.0,0.0,0.0
p20149,wind-ons,0.0,0.0,0.0,0.0,0.0
p20151,battery,0.0,0.0,0.0,0.0,0.0
p20151,biomass,0.0,0.0,0.0,0.0,0.0
p20151,coal,0.0,0.0,0.0,0.0,0.0
p20151,gas,0.0,0.0,0.0,0.0,0.0
p20151,geothermal,0.0,0.0,0.0,0.0,0.0
p20151,h2,0.0,0.0,0.0,0.0,0.0
p20151,hydro,0.0,0.0,0.0,0.0,0.0
p20151,nuclear,0.0,0.0,0.0,0.0,0.0
p20151,pumped-hydro,0.0,0.0,0.0,0.0,0.0
p20151,pv,0.0,0.0,0.0,0.0,0.0
p20151,wind-ofs,0.0,0.0,0.0,0.0,0.0
p20151,wind-ons,25.0,25.0,25.0,25.0,25.0
p20155,battery,0.0,0.0,0.0,0.0,0.0
p20155,biomass,0.0,0.0,0.0,0.0,0.0
p20155,coal,0.0,0.0,0.0,0.0,0.0
p20155,gas,717.8,717.8,717.8,717.8,717.8
p20155,geothermal,0.0,0.0,0.0,0.0,0.0
p20155,h2,0.0,0.0,0.0,0.0,0.0
p20155,hydro,0.0,0.0,0.0,0.0,0.0
p20155,nuclear,0.0,0.0,0.0,0.0,0.0
p20155,pumped-hydro,0.0,0.0,0.0,0.0,0.0
p20155,pv,0.0,0.0,0.0,0.0,0.0
p20155,wind-ofs,0.0,0.0,0.0,0.0,0.0
p20155,wind-ons,0.0,0.0,0.0,0.0,0.0
p20159,battery,0.0,0.0,0.0,0.0,0.0
p20159,biomass,0.0,0.0,0.0,0.0,0.0
p20159,coal,0.0,0.0,0.0,0.0,0.0
p20159,gas,15.56,15.56,15.56,15.56,15.56
p20159,geothermal,0.0,0.0,0.0,0.0,0.0
p20159,h2,0.0,0.0,0.0,0.0,0.0
p20159,hydro,0.0,0.0,0.0,0.0,0.0
p20159,nuclear,0.0,0.0,0.0,0.0,0.0
p20159,pumped-hydro,0.0,0.0,0.0,0.0,0.0
p20159,pv,0.0,0.0,0.0,0.0,0.0
p20159,wind-ofs,0.0,0.0,0.0,0.0,0.0
p20159,wind-ons,0.0,0.0,0.0,0.0,0.0
p20165,battery,0.0,0.0,0.0,0.0,0.0
p20165,biomass,0.0,0.0,0.0,0.0,0.0
p20165,coal,0.0,0.0,0.0,0.0,0.0
p20165,gas,0.0,0.0,0.0,0.0,0.0
p20165,geothermal,0.0,0.0,0.0,0.0,0.0
p20165,h2,0.0,0.0,0.0,0.0,0.0
p20165,hydro,0.0,0.0,0.0,0.0,0.0
p20165,nuclear,0.0,0.0,0.0,0.0,0.0
p20165,pumped-hydro,0.0,0.0,0.0,0.0,0.0
p20165,pv,160.0,160.0,160.0,160.0,160.0
p20165,wind-ofs,0.0,0.0,0.0,0.0,0.0
p20165,wind-ons,0.0,0.0,0.0,0.0,0.0
p20167,battery,0.0,0.0,0.0,0.0,0.0
p20167,biomass,0.0,0.0,0.0,0.0,0.0
p20167,coal,0.0,0.0,0.0,0.0,0.0
p20167,gas,0.0,0.0,0.0,0.0,0.0
p20167,geothermal,0.0,0.0,0.0,0.0,0.0
p20167,h2,0.0,0.0,0.0,0.0,0.0
p20167,hydro,0.0,0.0,0.0,0.0,0.0
p20167,nuclear,0.0,0.0,0.0,0.0,0.0
p20167,pumped-hydro,0.0,0.0,0.0,0.0,0.0
p20167,pv,20.0,20.0,20.0,20.0,20.0
p20167,wind-ofs,0.0,0.0,0.0,0.0,0.0
p20167,wind-ons,0.0,0.0,0.0,0.0,0.0
p20169,battery,350.0,350.0,350.0,350.0,350.0
p20169,biomass,0.0,0.0,0.0,0.0,0.0
p20169,coal,0.0,0.0,0.0,0.0,0.0
p20169,gas,0.0,0.0,0.0,0.0,0.0
p20169,geothermal,0.0,0.0,0.0,0.0,0.0
p20169,h2,0.0,0.0,0.0,0.0,0.0
p20169,hydro,0.0,0.0,0.0,0.0,0.0
p20169,nuclear,0.0,0.0,0.0,0.0,0.0
p20169,pumped-hydro,0.0,0.0,0.0,0.0,0.0
p20169,pv,0.0,0.0,0.0,0.0,0.0
p20169,wind-ofs,0.0,0.0,0.0,0.0,0.0
p20169,wind-ons,0.0,0.0,0.0,0.0,0.0
p20173,battery,707.2,707.2,707.2,707.2,707.2
p20173,biomass,0.0,0.0,0.0,0.0,0.0
p20173,coal,0.0,0.0,0.0,0.0,0.0
p20173,gas,0.0,0.0,0.0,0.0,0.0
p20173,geothermal,0.0,0.0,0.0,0.0,0.0
p20173,h2,0.0,0.0,0.0,0.0,0.0
p20173,hydro,0.0,0.0,0.0,0.0,0.0
p20173,nuclear,0.0,0.0,0.0,0.0,0.0
p20173,pumped-hydro,0.0,0.0,0.0,0.0,0.0
p20173,pv,1213.2,1213.2,1213.2,1213.2,1213.2
p20173,wind-ofs,0.0,0.0,0.0,0.0,0.0
p20173,wind-ons,0.0,0.0,0.0,0.0,0.0
p20175,battery,0.0,0.0,0.0,0.0,0.0
p20175,biomass,0.0,0.0,0.0,0.0,0.0
p20175,coal,0.0,0.0,0.0,0.0,0.0
p20175,gas,0.0,0.0,0.0,0.0,0.0
p20175,geothermal,0.0,0.0,0.0,0.0,0.0
p20175,h2,0.0,0.0,0.0,0.0,0.0
p20175,hydro,0.0,0.0,0.0,0.0,0.0
p20175,nuclear,0.0,0.0,0.0,0.0,0.0
p20175,pumped-hydro,0.0,0.0,0.0,0.0,0.0
p20175,pv,0.0,0.0,0.0,0.0,0.0
p20175,wind-ofs,0.0,0.0,0.0,0.0,0.0
p20175,wind-ons,300.0,300.0,300.0,300.0,300.0
p20181,battery,0.0,0.0,0.0,0.0,0.0
p20181,biomass,0.0,0.0,0.0,0.0,0.0
p20181,coal,0.0,0.0,0.0,0.0,0.0
p20181,gas,0.0,0.0,0.0,0.0,0.0
p20181,geothermal,0.0,0.0,0.0,0.0,0.0
p20181,h2,0.0,0.0,0.0,0.0,0.0
p20181,hydro,0.0,0.0,0.0,0.0,0.0
p20181,nuclear,0.0,0.0,0.0,0.0,0.0
p20181,pumped-hydro,0.0,0.0,0.0,0.0,0.0
p20181,pv,0.0,0.0,0.0,0.0,0.0
p20181,wind-ofs,0.0,0.0,0.0,0.0,0.0
p20181,wind-ons,298.0,298.0,298.0,298.0,298.0
p20183,battery,0.0,0.0,0.0,0.0,0.0
p20183,biomass,0.0,0.0,0.0,0.0,0.0
p20183,coal,0.0,0.0,0.0,0.0,0.0
p20183,gas,0.0,0.0,0.0,0.0,0.0
p20183,geothermal,0.0,0.0,0.0,0.0,0.0
p20183,h2,0.0,0.0,0.0,0.0,0.0
p20183,hydro,0.0,0.0,0.0,0.0,0.0
p20183,nuclear,0.0,0.0,0.0,0.0,0.0
p20183,pumped-hydro,0.0,0.0,0.0,0.0,0.0
p20183,pv,0.0,0.0,0.0,0.0,0.0
p20183,wind-ofs,0.0,0.0,0.0,0.0,0.0
p20183,wind-ons,300.0,300.0,300.0,300.0,300.0
p20185,battery,0.0,0.0,0.0,0.0,0.0
p20185,biomass,0.0,0.0,0.0,0.0,0.0
p20185,coal,0.0,0.0,0.0,0.0,0.0
p20185,gas,0.0,0.0,0.0,0.0,0.0
p20185,geothermal,0.0,0.0,0.0,0.0,0.0
p20185,h2,0.0,0.0,0.0,0.0,0.0
p20185,hydro,0.0,0.0,0.0,0.0,0.0
p20185,nuclear,0.0,0.0,0.0,0.0,0.0
p20185,pumped-hydro,0.0,0.0,0.0,0.0,0.0
p20185,pv,80.0,80.0,80.0,80.0,80.0
p20185,wind-ofs,0.0,0.0,0.0,0.0,0.0
p20185,wind-ons,0.0,0.0,0.0,0.0,0.0
p20189,battery,0.0,0.0,0.0,0.0,0.0
p20189,biomass,0.0,0.0,0.0,0.0,0.0
p20189,coal,0.0,0.0,0.0,0.0,0.0
p20189,gas,0.0,0.0,0.0,0.0,0.0
p20189,geothermal,0.0,0.0,0.0,0.0,0.0
p20189,h2,0.0,0.0,0.0,0.0,0.0
p20189,hydro,0.0,0.0,0.0,0.0,0.0
p20189,nuclear,0.0,0.0,0.0,0.0,0.0
p20189,pumped-hydro,0.0,0.0,0.0,0.0,0.0
p20189,pv,1000.0,1000.0,1000.0,1000.0,1000.0
p20189,wind-ofs,0.0,0.0,0.0,0.0,0.0
p20189,wind-ons,150.0,150.0,150.0,150.0,150.0
p20191,battery,0.0,0.0,0.0,0.0,0.0
p20191,biomass,0.0,0.0,0.0,0.0,0.0
p20191,coal,0.0,0.0,0.0,0.0,0.0
p20191,gas,721.1,721.1,721.1,721.1,721.1
p20191,geothermal,0.0,0.0,0.0,0.0,0.0
p20191,h2,0.0,0.0,0.0,0.0,0.0
p20191,hydro,0.0,0.0,0.0,0.0,0.0
p20191,nuclear,0.0,0.0,0.0,0.0,0.0
p20191,pumped-hydro,0.0,0.0,0.0,0.0,0.0
p20191,pv,462.5,462.5,462.5,462.5,462.5
p20191,wind-ofs,0.0,0.0,0.0,0.0,0.0
p20191,wind-ons,400.22,400.22,400.22,400.22,400.22
p20201,battery,218.0,218.0,218.0,218.0,218.0
p20201,biomass,0.0,0.0,0.0,0.0,0.0
p20201,coal,0.0,0.0,0.0,0.0,0.0
p20201,gas,0.0,0.0,0.0,0.0,0.0
p20201,geothermal,0.0,0.0,0.0,0.0,0.0
p20201,h2,0.0,0.0,0.0,0.0,0.0
p20201,hydro,0.0,0.0,0.0,0.0,0.0
p20201,nuclear,0.0,0.0,0.0,0.0,0.0
p20201,pumped-hydro,0.0,0.0,0.0,0.0,0.0
p20201,pv,0.0,0.0,0.0,0.0,0.0
p20201,wind-ofs,0.0,0.0,0.0,0.0,0.0
p20201,wind-ons,0.0,0.0,0.0,0.0,0.0
p20205,battery,0.0,0.0,0.0,0.0,0.0
p20205,biomass,0.0,0.0,0.0,0.0,0.0
p20205,coal,0.0,0.0,0.0,0.0,0.0
p20205,gas,0.0,0.0,0.0,0.0,0.0
p20205,geothermal,0.0,0.0,0.0,0.0,0.0
p20205,h2,0.0,0.0,0.0,0.0,0.0
p20205,hydro,0.0,0.0,0.0,0.0,0.0
p20205,nuclear,0.0,0.0,0.0,0.0,0.0
p20205,pumped-hydro,0.0,0.0,0.0,0.0,0.0
p20205,pv,130.0,130.0,130.0,130.0,130.0
p20205,wind-ofs,0.0,0.0,0.0,0.0,0.0
p20205,wind-ons,0.0,0.0,0.0,0.0,0.0
p20209,battery,400.0,400.0,400.0,400.0,400.0
p20209,biomass,0.0,0.0,0.0,0.0,0.0
p20209,coal,0.0,0.0,0.0,0.0,0.0
p20209,gas,0.0,0.0,0.0,0.0,0.0
p20209,geothermal,0.0,0.0,0.0,0.0,0.0
p20209,h2,0.0,0.0,0.0,0.0,0.0
p20209,hydro,0.0,0.0,0.0,0.0,0.0
p20209,nuclear,0.0,0.0,0.0,0.0,0.0
p20209,pumped-hydro,0.0,0.0,0.0,0.0,0.0
p20209,pv,0.0,0.0,0.0,0.0,0.0
p20209,wind-ofs,0.0,0.0,0.0,0.0,0.0
p20209,wind-ons,0.0,0.0,0.0,0.0,0.0
p21001,battery,0.0,0.0,0.0,0.0,0.0
p21001,biomass,0.0,0.0,0.0,0.0,0.0
p21001,coal,0.0,0.0,0.0,0.0,0.0
p21001,gas,0.0,0.0,0.0,0.0,0.0
p21001,geothermal,0.0,0.0,0.0,0.0,0.0
p21001,h2,0.0,0.0,0.0,0.0,0.0
p21001,hydro,0.0,0.0,0.0,0.0,0.0
p21001,nuclear,0.0,0.0,0.0,0.0,0.0
p21001,pumped-hydro,0.0,0.0,0.0,0.0,0.0
p21001,pv,124.8,124.8,124.8,124.8,124.8
p21001,wind-ofs,0.0,0.0,0.0,0.0,0.0
p21001,wind-ons,0.0,0.0,0.0,0.0,0.0
p21007,battery,0.0,0.0,0.0,0.0,0.0
p21007,biomass,0.0,0.0,0.0,0.0,0.0
p21007,coal,0.0,0.0,0.0,0.0,0.0
p21007,gas,0.0,0.0,0.0,0.0,0.0
p21007,geothermal,0.0,0.0,0.0,0.0,0.0
p21007,h2,0.0,0.0,0.0,0.0,0.0
p21007,hydro,0.0,0.0,0.0,0.0,0.0
p21007,nuclear,0.0,0.0,0.0,0.0,0.0
p21007,pumped-hydro,0.0,0.0,0.0,0.0,0.0
p21007,pv,229.0,229.0,229.0,229.0,229.0
p21007,wind-ofs,0.0,0.0,0.0,0.0,0.0
p21007,wind-ons,0.0,0.0,0.0,0.0,0.0
p21009,battery,52.0,52.0,52.0,52.0,52.0
p21009,biomass,0.0,0.0,0.0,0.0,0.0
p21009,coal,0.0,0.0,0.0,0.0,0.0
p21009,gas,0.0,0.0,0.0,0.0,0.0
p21009,geothermal,0.0,0.0,0.0,0.0,0.0
p21009,h2,0.0,0.0,0.0,0.0,0.0
p21009,hydro,0.0,0.0,0.0,0.0,0.0
p21009,nuclear,0.0,0.0,0.0,0.0,0.0
p21009,pumped-hydro,0.0,0.0,0.0,0.0,0.0
p21009,pv,523.0,523.0,523.0,523.0,523.0
p21009,wind-ofs,0.0,0.0,0.0,0.0,0.0
p21009,wind-ons,0.0,0.0,0.0,0.0,0.0
p21011,battery,0.0,0.0,0.0,0.0,0.0
p21011,biomass,0.0,0.0,0.0,0.0,0.0
p21011,coal,0.0,0.0,0.0,0.0,0.0
p21011,gas,0.0,0.0,0.0,0.0,0.0
p21011,geothermal,0.0,0.0,0.0,0.0,0.0
p21011,h2,0.0,0.0,0.0,0.0,0.0
p21011,hydro,0.0,0.0,0.0,0.0,0.0
p21011,nuclear,0.0,0.0,0.0,0.0,0.0
p21011,pumped-hydro,0.0,0.0,0.0,0.0,0.0
p21011,pv,274.79,274.79,274.79,274.79,274.79
p21011,wind-ofs,0.0,0.0,0.0,0.0,0.0
p21011,wind-ons,0.0,0.0,0.0,0.0,0.0
p21013,battery,0.0,0.0,0.0,0.0,0.0
p21013,biomass,0.0,0.0,0.0,0.0,0.0
p21013,coal,0.0,0.0,0.0,0.0,0.0
p21013,gas,0.0,0.0,0.0,0.0,0.0
p21013,geothermal,0.0,0.0,0.0,0.0,0.0
p21013,h2,0.0,0.0,0.0,0.0,0.0
p21013,hydro,0.0,0.0,0.0,0.0,0.0
p21013,nuclear,0.0,0.0,0.0,0.0,0.0
p21013,pumped-hydro,0.0,0.0,0.0,0.0,0.0
p21013,pv,0.0,0.0,0.0,0.0,0.0
p21013,wind-ofs,0.0,0.0,0.0,0.0,0.0
p21013,wind-ons,0.0,0.0,0.0,0.0,0.0
p21015,battery,340.0,340.0,340.0,340.0,340.0
p21015,biomass,0.0,0.0,0.0,0.0,0.0
p21015,coal,0.0,0.0,0.0,0.0,0.0
p21015,gas,0.0,0.0,0.0,0.0,0.0
p21015,geothermal,0.0,0.0,0.0,0.0,0.0
p21015,h2,0.0,0.0,0.0,0.0,0.0
p21015,hydro,0.0,0.0,0.0,0.0,0.0
p21015,nuclear,0.0,0.0,0.0,0.0,0.0
p21015,pumped-hydro,0.0,0.0,0.0,0.0,0.0
p21015,pv,680.0,680.0,680.0,680.0,680.0
p21015,wind-ofs,0.0,0.0,0.0,0.0,0.0
p21015,wind-ons,0.0,0.0,0.0,0.0,0.0
p21021,battery,0.0,0.0,0.0,0.0,0.0
p21021,biomass,0.0,0.0,0.0,0.0,0.0
p21021,coal,0.0,0.0,0.0,0.0,0.0
p21021,gas,0.0,0.0,0.0,0.0,0.0
p21021,geothermal,0.0,0.0,0.0,0.0,0.0
p21021,h2,0.0,0.0,0.0,0.0,0.0
p21021,hydro,0.0,0.0,0.0,0.0,0.0
p21021,nuclear,0.0,0.0,0.0,0.0,0.0
p21021,pumped-hydro,0.0,0.0,0.0,0.0,0.0
p21021,pv,100.0,100.0,100.0,100.0,100.0
p21021,wind-ofs,0.0,0.0,0.0,0.0,0.0
p21021,wind-ons,0.0,0.0,0.0,0.0,0.0
p21027,battery,0.0,0.0,0.0,0.0,0.0
p21027,biomass,0.0,0.0,0.0,0.0,0.0
p21027,coal,0.0,0.0,0.0,0.0,0.0
p21027,gas,0.0,0.0,0.0,0.0,0.0
p21027,geothermal,0.0,0.0,0.0,0.0,0.0
p21027,h2,0.0,0.0,0.0,0.0,0.0
p21027,hydro,0.0,0.0,0.0,0.0,0.0
p21027,nuclear,0.0,0.0,0.0,0.0,0.0
p21027,pumped-hydro,0.0,0.0,0.0,0.0,0.0
p21027,pv,450.0,450.0,450.0,450.0,450.0
p21027,wind-ofs,0.0,0.0,0.0,0.0,0.0
p21027,wind-ons,0.0,0.0,0.0,0.0,0.0
p21029,battery,50.0,50.0,50.0,50.0,50.0
p21029,biomass,0.0,0.0,0.0,0.0,0.0
p21029,coal,0.0,0.0,0.0,0.0,0.0
p21029,gas,0.0,0.0,0.0,0.0,0.0
p21029,geothermal,0.0,0.0,0.0,0.0,0.0
p21029,h2,0.0,0.0,0.0,0.0,0.0
p21029,hydro,0.0,0.0,0.0,0.0,0.0
p21029,nuclear,0.0,0.0,0.0,0.0,0.0
p21029,pumped-hydro,0.0,0.0,0.0,0.0,0.0
p21029,pv,0.0,0.0,0.0,0.0,0.0
p21029,wind-ofs,0.0,0.0,0.0,0.0,0.0
p21029,wind-ons,0.0,0.0,0.0,0.0,0.0
p21033,battery,200.0,200.0,200.0,200.0,200.0
p21033,biomass,0.0,0.0,0.0,0.0,0.0
p21033,coal,0.0,0.0,0.0,0.0,0.0
p21033,gas,0.0,0.0,0.0,0.0,0.0
p21033,geothermal,0.0,0.0,0.0,0.0,0.0
p21033,h2,0.0,0.0,0.0,0.0,0.0
p21033,hydro,0.0,0.0,0.0,0.0,0.0
p21033,nuclear,0.0,0.0,0.0,0.0,0.0
p21033,pumped-hydro,0.0,0.0,0.0,0.0,0.0
p21033,pv,225.0,225.0,225.0,225.0,225.0
p21033,wind-ofs,0.0,0.0,0.0,0.0,0.0
p21033,wind-ons,0.0,0.0,0.0,0.0,0.0
p21049,battery,0.0,0.0,0.0,0.0,0.0
p21049,biomass,0.0,0.0,0.0,0.0,0.0
p21049,coal,0.0,0.0,0.0,0.0,0.0
p21049,gas,0.0,0.0,0.0,0.0,0.0
p21049,geothermal,0.0,0.0,0.0,0.0,0.0
p21049,h2,0.0,0.0,0.0,0.0,0.0
p21049,hydro,0.0,0.0,0.0,0.0,0.0
p21049,nuclear,0.0,0.0,0.0,0.0,0.0
p21049,pumped-hydro,0.0,0.0,0.0,0.0,0.0
p21049,pv,17.0,17.0,17.0,17.0,17.0
p21049,wind-ofs,0.0,0.0,0.0,0.0,0.0
p21049,wind-ons,0.0,0.0,0.0,0.0,0.0
p21055,battery,0.0,0.0,0.0,0.0,0.0
p21055,biomass,0.0,0.0,0.0,0.0,0.0
p21055,coal,0.0,0.0,0.0,0.0,0.0
p21055,gas,0.0,0.0,0.0,0.0,0.0
p21055,geothermal,0.0,0.0,0.0,0.0,0.0
p21055,h2,0.0,0.0,0.0,0.0,0.0
p21055,hydro,0.0,0.0,0.0,0.0,0.0
p21055,nuclear,0.0,0.0,0.0,0.0,0.0
p21055,pumped-hydro,0.0,0.0,0.0,0.0,0.0
p21055,pv,30.0,30.0,30.0,30.0,30.0
p21055,wind-ofs,0.0,0.0,0.0,0.0,0.0
p21055,wind-ons,0.0,0.0,0.0,0.0,0.0
p21059,battery,75.0,75.0,75.0,75.0,75.0
p21059,biomass,0.0,0.0,0.0,0.0,0.0
p21059,coal,0.0,0.0,0.0,0.0,0.0
p21059,gas,0.0,0.0,0.0,0.0,0.0
p21059,geothermal,0.0,0.0,0.0,0.0,0.0
p21059,h2,0.0,0.0,0.0,0.0,0.0
p21059,hydro,0.0,0.0,0.0,0.0,0.0
p21059,nuclear,0.0,0.0,0.0,0.0,0.0
p21059,pumped-hydro,0.0,0.0,0.0,0.0,0.0
p21059,pv,410.0,410.0,410.0,410.0,410.0
p21059,wind-ofs,0.0,0.0,0.0,0.0,0.0
p21059,wind-ons,0.0,0.0,0.0,0.0,0.0
p21067,battery,0.0,0.0,0.0,0.0,0.0
p21067,biomass,0.0,0.0,0.0,0.0,0.0
p21067,coal,0.0,0.0,0.0,0.0,0.0
p21067,gas,0.0,0.0,0.0,0.0,0.0
p21067,geothermal,0.0,0.0,0.0,0.0,0.0
p21067,h2,0.0,0.0,0.0,0.0,0.0
p21067,hydro,0.0,0.0,0.0,0.0,0.0
p21067,nuclear,0.0,0.0,0.0,0.0,0.0
p21067,pumped-hydro,0.0,0.0,0.0,0.0,0.0
p21067,pv,80.0,80.0,80.0,80.0,80.0
p21067,wind-ofs,0.0,0.0,0.0,0.0,0.0
p21067,wind-ons,0.0,0.0,0.0,0.0,0.0
p21069,battery,0.0,0.0,0.0,0.0,0.0
p21069,biomass,0.0,0.0,0.0,0.0,0.0
p21069,coal,0.0,0.0,0.0,0.0,0.0
p21069,gas,0.0,0.0,0.0,0.0,0.0
p21069,geothermal,0.0,0.0,0.0,0.0,0.0
p21069,h2,0.0,0.0,0.0,0.0,0.0
p21069,hydro,0.0,0.0,0.0,0.0,0.0
p21069,nuclear,0.0,0.0,0.0,0.0,0.0
p21069,pumped-hydro,0.0,0.0,0.0,0.0,0.0
p21069,pv,456.8,456.8,456.8,456.8,456.8
p21069,wind-ofs,0.0,0.0,0.0,0.0,0.0
p21069,wind-ons,0.0,0.0,0.0,0.0,0.0
p21079,battery,0.0,0.0,0.0,0.0,0.0
p21079,biomass,0.0,0.0,0.0,0.0,0.0
p21079,coal,0.0,0.0,0.0,0.0,0.0
p21079,gas,0.0,0.0,0.0,0.0,0.0
p21079,geothermal,0.0,0.0,0.0,0.0,0.0
p21079,h2,0.0,0.0,0.0,0.0,0.0
p21079,hydro,0.0,0.0,0.0,0.0,0.0
p21079,nuclear,0.0,0.0,0.0,0.0,0.0
p21079,pumped-hydro,0.0,0.0,0.0,0.0,0.0
p21079,pv,222.0,222.0,222.0,222.0,222.0
p21079,wind-ofs,0.0,0.0,0.0,0.0,0.0
p21079,wind-ons,0.0,0.0,0.0,0.0,0.0
p21081,battery,0.0,0.0,0.0,0.0,0.0
p21081,biomass,0.0,0.0,0.0,0.0,0.0
p21081,coal,0.0,0.0,0.0,0.0,0.0
p21081,gas,0.0,0.0,0.0,0.0,0.0
p21081,geothermal,0.0,0.0,0.0,0.0,0.0
p21081,h2,0.0,0.0,0.0,0.0,0.0
p21081,hydro,0.0,0.0,0.0,0.0,0.0
p21081,nuclear,0.0,0.0,0.0,0.0,0.0
p21081,pumped-hydro,0.0,0.0,0.0,0.0,0.0
p21081,pv,61.0,61.0,61.0,61.0,61.0
p21081,wind-ofs,0.0,0.0,0.0,0.0,0.0
p21081,wind-ons,0.0,0.0,0.0,0.0,0.0
p21083,battery,0.0,0.0,0.0,0.0,0.0
p21083,biomass,0.0,0.0,0.0,0.0,0.0
p21083,coal,0.0,0.0,0.0,0.0,0.0
p21083,gas,0.0,0.0,0.0,0.0,0.0
p21083,geothermal,0.0,0.0,0.0,0.0,0.0
p21083,h2,0.0,0.0,0.0,0.0,0.0
p21083,hydro,0.0,0.0,0.0,0.0,0.0
p21083,nuclear,0.0,0.0,0.0,0.0,0.0
p21083,pumped-hydro,0.0,0.0,0.0,0.0,0.0
p21083,pv,320.0,320.0,320.0,320.0,320.0
p21083,wind-ofs,0.0,0.0,0.0,0.0,0.0
p21083,wind-ons,0.0,0.0,0.0,0.0,0.0
p21085,battery,0.0,0.0,0.0,0.0,0.0
p21085,biomass,0.0,0.0,0.0,0.0,0.0
p21085,coal,0.0,0.0,0.0,0.0,0.0
p21085,gas,0.0,0.0,0.0,0.0,0.0
p21085,geothermal,0.0,0.0,0.0,0.0,0.0
p21085,h2,0.0,0.0,0.0,0.0,0.0
p21085,hydro,0.0,0.0,0.0,0.0,0.0
p21085,nuclear,0.0,0.0,0.0,0.0,0.0
p21085,pumped-hydro,0.0,0.0,0.0,0.0,0.0
p21085,pv,75.0,75.0,75.0,75.0,75.0
p21085,wind-ofs,0.0,0.0,0.0,0.0,0.0
p21085,wind-ons,0.0,0.0,0.0,0.0,0.0
p21087,battery,0.0,0.0,0.0,0.0,0.0
p21087,biomass,0.0,0.0,0.0,0.0,0.0
p21087,coal,0.0,0.0,0.0,0.0,0.0
p21087,gas,0.0,0.0,0.0,0.0,0.0
p21087,geothermal,0.0,0.0,0.0,0.0,0.0
p21087,h2,0.0,0.0,0.0,0.0,0.0
p21087,hydro,0.0,0.0,0.0,0.0,0.0
p21087,nuclear,0.0,0.0,0.0,0.0,0.0
p21087,pumped-hydro,0.0,0.0,0.0,0.0,0.0
p21087,pv,370.0,370.0,370.0,370.0,370.0
p21087,wind-ofs,0.0,0.0,0.0,0.0,0.0
p21087,wind-ons,0.0,0.0,0.0,0.0,0.0
p21091,battery,450.0,450.0,450.0,450.0,450.0
p21091,biomass,0.0,0.0,0.0,0.0,0.0
p21091,coal,0.0,0.0,0.0,0.0,0.0
p21091,gas,0.0,0.0,0.0,0.0,0.0
p21091,geothermal,0.0,0.0,0.0,0.0,0.0
p21091,h2,0.0,0.0,0.0,0.0,0.0
p21091,hydro,0.0,0.0,0.0,0.0,0.0
p21091,nuclear,0.0,0.0,0.0,0.0,0.0
p21091,pumped-hydro,0.0,0.0,0.0,0.0,0.0
p21091,pv,150.0,150.0,150.0,150.0,150.0
p21091,wind-ofs,0.0,0.0,0.0,0.0,0.0
p21091,wind-ons,0.0,0.0,0.0,0.0,0.0
p21093,battery,120.0,120.0,120.0,120.0,120.0
p21093,biomass,0.0,0.0,0.0,0.0,0.0
p21093,coal,0.0,0.0,0.0,0.0,0.0
p21093,gas,0.0,0.0,0.0,0.0,0.0
p21093,geothermal,0.0,0.0,0.0,0.0,0.0
p21093,h2,0.0,0.0,0.0,0.0,0.0
p21093,hydro,0.0,0.0,0.0,0.0,0.0
p21093,nuclear,0.0,0.0,0.0,0.0,0.0
p21093,pumped-hydro,0.0,0.0,0.0,0.0,0.0
p21093,pv,167.0,167.0,167.0,167.0,167.0
p21093,wind-ofs,0.0,0.0,0.0,0.0,0.0
p21093,wind-ons,0.0,0.0,0.0,0.0,0.0
p21097,battery,0.0,0.0,0.0,0.0,0.0
p21097,biomass,0.0,0.0,0.0,0.0,0.0
p21097,coal,0.0,0.0,0.0,0.0,0.0
p21097,gas,0.0,0.0,0.0,0.0,0.0
p21097,geothermal,0.0,0.0,0.0,0.0,0.0
p21097,h2,0.0,0.0,0.0,0.0,0.0
p21097,hydro,0.0,0.0,0.0,0.0,0.0
p21097,nuclear,0.0,0.0,0.0,0.0,0.0
p21097,pumped-hydro,0.0,0.0,0.0,0.0,0.0
p21097,pv,340.0,340.0,340.0,340.0,340.0
p21097,wind-ofs,0.0,0.0,0.0,0.0,0.0
p21097,wind-ons,0.0,0.0,0.0,0.0,0.0
p21099,battery,0.0,0.0,0.0,0.0,0.0
p21099,biomass,0.0,0.0,0.0,0.0,0.0
p21099,coal,0.0,0.0,0.0,0.0,0.0
p21099,gas,0.0,0.0,0.0,0.0,0.0
p21099,geothermal,0.0,0.0,0.0,0.0,0.0
p21099,h2,0.0,0.0,0.0,0.0,0.0
p21099,hydro,0.0,0.0,0.0,0.0,0.0
p21099,nuclear,0.0,0.0,0.0,0.0,0.0
p21099,pumped-hydro,0.0,0.0,0.0,0.0,0.0
p21099,pv,62.0,62.0,62.0,62.0,62.0
p21099,wind-ofs,0.0,0.0,0.0,0.0,0.0
p21099,wind-ons,0.0,0.0,0.0,0.0,0.0
p21101,battery,200.0,200.0,200.0,200.0,200.0
p21101,biomass,0.0,0.0,0.0,0.0,0.0
p21101,coal,0.0,0.0,0.0,0.0,0.0
p21101,gas,0.0,0.0,0.0,0.0,0.0
p21101,geothermal,0.0,0.0,0.0,0.0,0.0
p21101,h2,0.0,0.0,0.0,0.0,0.0
p21101,hydro,0.0,0.0,0.0,0.0,0.0
p21101,nuclear,0.0,0.0,0.0,0.0,0.0
p21101,pumped-hydro,0.0,0.0,0.0,0.0,0.0
p21101,pv,1360.0,1360.0,1360.0,1360.0,1360.0
p21101,wind-ofs,0.0,0.0,0.0,0.0,0.0
p21101,wind-ons,300.0,300.0,300.0,300.0,300.0
p21107,battery,0.0,0.0,0.0,0.0,0.0
p21107,biomass,0.0,0.0,0.0,0.0,0.0
p21107,coal,0.0,0.0,0.0,0.0,0.0
p21107,gas,0.0,0.0,0.0,0.0,0.0
p21107,geothermal,0.0,0.0,0.0,0.0,0.0
p21107,h2,0.0,0.0,0.0,0.0,0.0
p21107,hydro,0.0,0.0,0.0,0.0,0.0
p21107,nuclear,0.0,0.0,0.0,0.0,0.0
p21107,pumped-hydro,0.0,0.0,0.0,0.0,0.0
p21107,pv,183.0,183.0,183.0,183.0,183.0
p21107,wind-ofs,0.0,0.0,0.0,0.0,0.0
p21107,wind-ons,0.0,0.0,0.0,0.0,0.0
p21111,battery,600.0,600.0,600.0,600.0,600.0
p21111,biomass,0.0,0.0,0.0,0.0,0.0
p21111,coal,0.0,0.0,0.0,0.0,0.0
p21111,gas,2762.0,2762.0,2762.0,2762.0,2762.0
p21111,geothermal,0.0,0.0,0.0,0.0,0.0
p21111,h2,0.0,0.0,0.0,0.0,0.0
p21111,hydro,42.0,42.0,42.0,42.0,42.0
p21111,nuclear,0.0,0.0,0.0,0.0,0.0
p21111,pumped-hydro,0.0,0.0,0.0,0.0,0.0
p21111,pv,0.0,0.0,0.0,0.0,0.0
p21111,wind-ofs,0.0,0.0,0.0,0.0,0.0
p21111,wind-ons,0.0,0.0,0.0,0.0,0.0
p21119,battery,0.0,0.0,0.0,0.0,0.0
p21119,biomass,0.0,0.0,0.0,0.0,0.0
p21119,coal,0.0,0.0,0.0,0.0,0.0
p21119,gas,0.0,0.0,0.0,0.0,0.0
p21119,geothermal,0.0,0.0,0.0,0.0,0.0
p21119,h2,0.0,0.0,0.0,0.0,0.0
p21119,hydro,0.0,0.0,0.0,0.0,0.0
p21119,nuclear,0.0,0.0,0.0,0.0,0.0
p21119,pumped-hydro,0.0,0.0,0.0,0.0,0.0
p21119,pv,210.0,210.0,210.0,210.0,210.0
p21119,wind-ofs,0.0,0.0,0.0,0.0,0.0
p21119,wind-ons,0.0,0.0,0.0,0.0,0.0
p21123,battery,0.0,0.0,0.0,0.0,0.0
p21123,biomass,0.0,0.0,0.0,0.0,0.0
p21123,coal,0.0,0.0,0.0,0.0,0.0
p21123,gas,0.0,0.0,0.0,0.0,0.0
p21123,geothermal,0.0,0.0,0.0,0.0,0.0
p21123,h2,0.0,0.0,0.0,0.0,0.0
p21123,hydro,0.0,0.0,0.0,0.0,0.0
p21123,nuclear,0.0,0.0,0.0,0.0,0.0
p21123,pumped-hydro,0.0,0.0,0.0,0.0,0.0
p21123,pv,63.25,63.25,63.25,63.25,63.25
p21123,wind-ofs,0.0,0.0,0.0,0.0,0.0
p21123,wind-ons,0.0,0.0,0.0,0.0,0.0
p21127,battery,0.0,0.0,0.0,0.0,0.0
p21127,biomass,0.0,0.0,0.0,0.0,0.0
p21127,coal,0.0,0.0,0.0,0.0,0.0
p21127,gas,0.0,0.0,0.0,0.0,0.0
p21127,geothermal,0.0,0.0,0.0,0.0,0.0
p21127,h2,0.0,0.0,0.0,0.0,0.0
p21127,hydro,0.0,0.0,0.0,0.0,0.0
p21127,nuclear,0.0,0.0,0.0,0.0,0.0
p21127,pumped-hydro,0.0,0.0,0.0,0.0,0.0
p21127,pv,150.0,150.0,150.0,150.0,150.0
p21127,wind-ofs,0.0,0.0,0.0,0.0,0.0
p21127,wind-ons,0.0,0.0,0.0,0.0,0.0
p21137,battery,0.0,0.0,0.0,0.0,0.0
p21137,biomass,0.0,0.0,0.0,0.0,0.0
p21137,coal,0.0,0.0,0.0,0.0,0.0
p21137,gas,0.0,0.0,0.0,0.0,0.0
p21137,geothermal,0.0,0.0,0.0,0.0,0.0
p21137,h2,0.0,0.0,0.0,0.0,0.0
p21137,hydro,0.0,0.0,0.0,0.0,0.0
p21137,nuclear,0.0,0.0,0.0,0.0,0.0
p21137,pumped-hydro,0.0,0.0,0.0,0.0,0.0
p21137,pv,150.0,150.0,150.0,150.0,150.0
p21137,wind-ofs,0.0,0.0,0.0,0.0,0.0
p21137,wind-ons,0.0,0.0,0.0,0.0,0.0
p21139,battery,0.0,0.0,0.0,0.0,0.0
p21139,biomass,0.0,0.0,0.0,0.0,0.0
p21139,coal,0.0,0.0,0.0,0.0,0.0
p21139,gas,0.0,0.0,0.0,0.0,0.0
p21139,geothermal,0.0,0.0,0.0,0.0,0.0
p21139,h2,0.0,0.0,0.0,0.0,0.0
p21139,hydro,0.0,0.0,0.0,0.0,0.0
p21139,nuclear,0.0,0.0,0.0,0.0,0.0
p21139,pumped-hydro,0.0,0.0,0.0,0.0,0.0
p21139,pv,110.0,110.0,110.0,110.0,110.0
p21139,wind-ofs,0.0,0.0,0.0,0.0,0.0
p21139,wind-ons,0.0,0.0,0.0,0.0,0.0
p21141,battery,0.0,0.0,0.0,0.0,0.0
p21141,biomass,0.0,0.0,0.0,0.0,0.0
p21141,coal,0.0,0.0,0.0,0.0,0.0
p21141,gas,0.0,0.0,0.0,0.0,0.0
p21141,geothermal,0.0,0.0,0.0,0.0,0.0
p21141,h2,0.0,0.0,0.0,0.0,0.0
p21141,hydro,0.0,0.0,0.0,0.0,0.0
p21141,nuclear,0.0,0.0,0.0,0.0,0.0
p21141,pumped-hydro,0.0,0.0,0.0,0.0,0.0
p21141,pv,346.0,346.0,346.0,346.0,346.0
p21141,wind-ofs,0.0,0.0,0.0,0.0,0.0
p21141,wind-ons,0.0,0.0,0.0,0.0,0.0
p21143,battery,0.0,0.0,0.0,0.0,0.0
p21143,biomass,0.0,0.0,0.0,0.0,0.0
p21143,coal,0.0,0.0,0.0,0.0,0.0
p21143,gas,0.0,0.0,0.0,0.0,0.0
p21143,geothermal,0.0,0.0,0.0,0.0,0.0
p21143,h2,0.0,0.0,0.0,0.0,0.0
p21143,hydro,36.0,36.0,36.0,36.0,36.0
p21143,nuclear,0.0,0.0,0.0,0.0,0.0
p21143,pumped-hydro,0.0,0.0,0.0,0.0,0.0
p21143,pv,172.0,172.0,172.0,172.0,172.0
p21143,wind-ofs,0.0,0.0,0.0,0.0,0.0
p21143,wind-ons,0.0,0.0,0.0,0.0,0.0
p21145,battery,75.0,75.0,75.0,75.0,75.0
p21145,biomass,0.0,0.0,0.0,0.0,0.0
p21145,coal,0.0,0.0,0.0,0.0,0.0
p21145,gas,0.0,0.0,0.0,0.0,0.0
p21145,geothermal,0.0,0.0,0.0,0.0,0.0
p21145,h2,0.0,0.0,0.0,0.0,0.0
p21145,hydro,0.0,0.0,0.0,0.0,0.0
p21145,nuclear,0.0,0.0,0.0,0.0,0.0
p21145,pumped-hydro,0.0,0.0,0.0,0.0,0.0
p21145,pv,426.0,426.0,426.0,426.0,426.0
p21145,wind-ofs,0.0,0.0,0.0,0.0,0.0
p21145,wind-ons,0.0,0.0,0.0,0.0,0.0
p21149,battery,22.0,22.0,22.0,22.0,22.0
p21149,biomass,0.0,0.0,0.0,0.0,0.0
p21149,coal,0.0,0.0,0.0,0.0,0.0
p21149,gas,0.0,0.0,0.0,0.0,0.0
p21149,geothermal,0.0,0.0,0.0,0.0,0.0
p21149,h2,0.0,0.0,0.0,0.0,0.0
p21149,hydro,0.0,0.0,0.0,0.0,0.0
p21149,nuclear,0.0,0.0,0.0,0.0,0.0
p21149,pumped-hydro,0.0,0.0,0.0,0.0,0.0
p21149,pv,74.78,74.78,74.78,74.78,74.78
p21149,wind-ofs,0.0,0.0,0.0,0.0,0.0
p21149,wind-ons,0.0,0.0,0.0,0.0,0.0
p21151,battery,0.0,0.0,0.0,0.0,0.0
p21151,biomass,0.0,0.0,0.0,0.0,0.0
p21151,coal,0.0,0.0,0.0,0.0,0.0
p21151,gas,75.0,75.0,75.0,75.0,75.0
p21151,geothermal,0.0,0.0,0.0,0.0,0.0
p21151,h2,0.0,0.0,0.0,0.0,0.0
p21151,hydro,0.0,0.0,0.0,0.0,0.0
p21151,nuclear,0.0,0.0,0.0,0.0,0.0
p21151,pumped-hydro,0.0,0.0,0.0,0.0,0.0
p21151,pv,350.0,350.0,350.0,350.0,350.0
p21151,wind-ofs,0.0,0.0,0.0,0.0,0.0
p21151,wind-ons,0.0,0.0,0.0,0.0,0.0
p21155,battery,0.0,0.0,0.0,0.0,0.0
p21155,biomass,0.0,0.0,0.0,0.0,0.0
p21155,coal,0.0,0.0,0.0,0.0,0.0
p21155,gas,0.0,0.0,0.0,0.0,0.0
p21155,geothermal,0.0,0.0,0.0,0.0,0.0
p21155,h2,0.0,0.0,0.0,0.0,0.0
p21155,hydro,0.0,0.0,0.0,0.0,0.0
p21155,nuclear,0.0,0.0,0.0,0.0,0.0
p21155,pumped-hydro,0.0,0.0,0.0,0.0,0.0
p21155,pv,432.0,432.0,432.0,432.0,432.0
p21155,wind-ofs,0.0,0.0,0.0,0.0,0.0
p21155,wind-ons,0.0,0.0,0.0,0.0,0.0
p21159,battery,100.0,100.0,100.0,100.0,100.0
p21159,biomass,0.0,0.0,0.0,0.0,0.0
p21159,coal,0.0,0.0,0.0,0.0,0.0
p21159,gas,0.0,0.0,0.0,0.0,0.0
p21159,geothermal,0.0,0.0,0.0,0.0,0.0
p21159,h2,0.0,0.0,0.0,0.0,0.0
p21159,hydro,0.0,0.0,0.0,0.0,0.0
p21159,nuclear,0.0,0.0,0.0,0.0,0.0
p21159,pumped-hydro,0.0,0.0,0.0,0.0,0.0
p21159,pv,754.0,754.0,754.0,754.0,754.0
p21159,wind-ofs,0.0,0.0,0.0,0.0,0.0
p21159,wind-ons,0.0,0.0,0.0,0.0,0.0
p21161,battery,0.0,0.0,0.0,0.0,0.0
p21161,biomass,0.0,0.0,0.0,0.0,0.0
p21161,coal,0.0,0.0,0.0,0.0,0.0
p21161,gas,0.0,0.0,0.0,0.0,0.0
p21161,geothermal,0.0,0.0,0.0,0.0,0.0
p21161,h2,0.0,0.0,0.0,0.0,0.0
p21161,hydro,0.0,0.0,0.0,0.0,0.0
p21161,nuclear,0.0,0.0,0.0,0.0,0.0
p21161,pumped-hydro,0.0,0.0,0.0,0.0,0.0
p21161,pv,350.0,350.0,350.0,350.0,350.0
p21161,wind-ofs,0.0,0.0,0.0,0.0,0.0
p21161,wind-ons,0.0,0.0,0.0,0.0,0.0
p21163,battery,100.0,100.0,100.0,100.0,100.0
p21163,biomass,0.0,0.0,0.0,0.0,0.0
p21163,coal,0.0,0.0,0.0,0.0,0.0
p21163,gas,0.0,0.0,0.0,0.0,0.0
p21163,geothermal,0.0,0.0,0.0,0.0,0.0
p21163,h2,0.0,0.0,0.0,0.0,0.0
p21163,hydro,0.0,0.0,0.0,0.0,0.0
p21163,nuclear,0.0,0.0,0.0,0.0,0.0
p21163,pumped-hydro,0.0,0.0,0.0,0.0,0.0
p21163,pv,400.0,400.0,400.0,400.0,400.0
p21163,wind-ofs,0.0,0.0,0.0,0.0,0.0
p21163,wind-ons,0.0,0.0,0.0,0.0,0.0
p21167,battery,125.0,125.0,125.0,125.0,125.0
p21167,biomass,0.0,0.0,0.0,0.0,0.0
p21167,coal,0.0,0.0,0.0,0.0,0.0
p21167,gas,660.0,660.0,660.0,660.0,660.0
p21167,geothermal,0.0,0.0,0.0,0.0,0.0
p21167,h2,0.0,0.0,0.0,0.0,0.0
p21167,hydro,12.5,12.5,12.5,12.5,12.5
p21167,nuclear,0.0,0.0,0.0,0.0,0.0
p21167,pumped-hydro,0.0,0.0,0.0,0.0,0.0
p21167,pv,216.84,216.84,216.84,216.84,216.84
p21167,wind-ofs,0.0,0.0,0.0,0.0,0.0
p21167,wind-ons,0.0,0.0,0.0,0.0,0.0
p21169,battery,0.0,0.0,0.0,0.0,0.0
p21169,biomass,0.0,0.0,0.0,0.0,0.0
p21169,coal,0.0,0.0,0.0,0.0,0.0
p21169,gas,0.0,0.0,0.0,0.0,0.0
p21169,geothermal,0.0,0.0,0.0,0.0,0.0
p21169,h2,0.0,0.0,0.0,0.0,0.0
p21169,hydro,0.0,0.0,0.0,0.0,0.0
p21169,nuclear,0.0,0.0,0.0,0.0,0.0
p21169,pumped-hydro,0.0,0.0,0.0,0.0,0.0
p21169,pv,479.91,479.91,479.91,479.91,479.91
p21169,wind-ofs,0.0,0.0,0.0,0.0,0.0
p21169,wind-ons,0.0,0.0,0.0,0.0,0.0
p21173,battery,0.0,0.0,0.0,0.0,0.0
p21173,biomass,0.0,0.0,0.0,0.0,0.0
p21173,coal,0.0,0.0,0.0,0.0,0.0
p21173,gas,0.0,0.0,0.0,0.0,0.0
p21173,geothermal,0.0,0.0,0.0,0.0,0.0
p21173,h2,0.0,0.0,0.0,0.0,0.0
p21173,hydro,0.0,0.0,0.0,0.0,0.0
p21173,nuclear,0.0,0.0,0.0,0.0,0.0
p21173,pumped-hydro,0.0,0.0,0.0,0.0,0.0
p21173,pv,65.0,65.0,65.0,65.0,65.0
p21173,wind-ofs,0.0,0.0,0.0,0.0,0.0
p21173,wind-ons,0.0,0.0,0.0,0.0,0.0
p21177,battery,0.0,0.0,0.0,0.0,0.0
p21177,biomass,0.0,0.0,0.0,0.0,0.0
p21177,coal,0.0,0.0,0.0,0.0,0.0
p21177,gas,1560.0,1560.0,1560.0,1560.0,1560.0
p21177,geothermal,0.0,0.0,0.0,0.0,0.0
p21177,h2,0.0,0.0,0.0,0.0,0.0
p21177,hydro,0.0,0.0,0.0,0.0,0.0
p21177,nuclear,0.0,0.0,0.0,0.0,0.0
p21177,pumped-hydro,0.0,0.0,0.0,0.0,0.0
p21177,pv,637.0,637.0,637.0,637.0,637.0
p21177,wind-ofs,0.0,0.0,0.0,0.0,0.0
p21177,wind-ons,0.0,0.0,0.0,0.0,0.0
p21179,battery,0.0,0.0,0.0,0.0,0.0
p21179,biomass,0.0,0.0,0.0,0.0,0.0
p21179,coal,0.0,0.0,0.0,0.0,0.0
p21179,gas,0.0,0.0,0.0,0.0,0.0
p21179,geothermal,0.0,0.0,0.0,0.0,0.0
p21179,h2,0.0,0.0,0.0,0.0,0.0
p21179,hydro,0.0,0.0,0.0,0.0,0.0
p21179,nuclear,0.0,0.0,0.0,0.0,0.0
p21179,pumped-hydro,0.0,0.0,0.0,0.0,0.0
p21179,pv,20.0,20.0,20.0,20.0,20.0
p21179,wind-ofs,0.0,0.0,0.0,0.0,0.0
p21179,wind-ons,0.0,0.0,0.0,0.0,0.0
p21183,battery,0.0,0.0,0.0,0.0,0.0
p21183,biomass,0.0,0.0,0.0,0.0,0.0
p21183,coal,0.0,0.0,0.0,0.0,0.0
p21183,gas,0.0,0.0,0.0,0.0,0.0
p21183,geothermal,0.0,0.0,0.0,0.0,0.0
p21183,h2,0.0,0.0,0.0,0.0,0.0
p21183,hydro,0.0,0.0,0.0,0.0,0.0
p21183,nuclear,0.0,0.0,0.0,0.0,0.0
p21183,pumped-hydro,0.0,0.0,0.0,0.0,0.0
p21183,pv,241.53,241.53,241.53,241.53,241.53
p21183,wind-ofs,0.0,0.0,0.0,0.0,0.0
p21183,wind-ons,0.0,0.0,0.0,0.0,0.0
p21193,battery,0.0,0.0,0.0,0.0,0.0
p21193,biomass,0.0,0.0,0.0,0.0,0.0
p21193,coal,0.0,0.0,0.0,0.0,0.0
p21193,gas,0.0,0.0,0.0,0.0,0.0
p21193,geothermal,0.0,0.0,0.0,0.0,0.0
p21193,h2,0.0,0.0,0.0,0.0,0.0
p21193,hydro,0.0,0.0,0.0,0.0,0.0
p21193,nuclear,0.0,0.0,0.0,0.0,0.0
p21193,pumped-hydro,0.0,0.0,0.0,0.0,0.0
p21193,pv,160.0,160.0,160.0,160.0,160.0
p21193,wind-ofs,0.0,0.0,0.0,0.0,0.0
p21193,wind-ons,0.0,0.0,0.0,0.0,0.0
p21195,battery,0.0,0.0,0.0,0.0,0.0
p21195,biomass,0.0,0.0,0.0,0.0,0.0
p21195,coal,0.0,0.0,0.0,0.0,0.0
p21195,gas,0.0,0.0,0.0,0.0,0.0
p21195,geothermal,0.0,0.0,0.0,0.0,0.0
p21195,h2,0.0,0.0,0.0,0.0,0.0
p21195,hydro,0.0,0.0,0.0,0.0,0.0
p21195,nuclear,0.0,0.0,0.0,0.0,0.0
p21195,pumped-hydro,0.0,0.0,0.0,0.0,0.0
p21195,pv,125.38,125.38,125.38,125.38,125.38
p21195,wind-ofs,0.0,0.0,0.0,0.0,0.0
p21195,wind-ons,0.0,0.0,0.0,0.0,0.0
p21207,battery,0.0,0.0,0.0,0.0,0.0
p21207,biomass,0.0,0.0,0.0,0.0,0.0
p21207,coal,0.0,0.0,0.0,0.0,0.0
p21207,gas,0.0,0.0,0.0,0.0,0.0
p21207,geothermal,0.0,0.0,0.0,0.0,0.0
p21207,h2,0.0,0.0,0.0,0.0,0.0
p21207,hydro,0.0,0.0,0.0,0.0,0.0
p21207,nuclear,0.0,0.0,0.0,0.0,0.0
p21207,pumped-hydro,0.0,0.0,0.0,0.0,0.0
p21207,pv,120.0,120.0,120.0,120.0,120.0
p21207,wind-ofs,0.0,0.0,0.0,0.0,0.0
p21207,wind-ons,0.0,0.0,0.0,0.0,0.0
p21213,battery,0.0,0.0,0.0,0.0,0.0
p21213,biomass,0.0,0.0,0.0,0.0,0.0
p21213,coal,0.0,0.0,0.0,0.0,0.0
p21213,gas,0.0,0.0,0.0,0.0,0.0
p21213,geothermal,0.0,0.0,0.0,0.0,0.0
p21213,h2,0.0,0.0,0.0,0.0,0.0
p21213,hydro,0.0,0.0,0.0,0.0,0.0
p21213,nuclear,0.0,0.0,0.0,0.0,0.0
p21213,pumped-hydro,0.0,0.0,0.0,0.0,0.0
p21213,pv,138.0,138.0,138.0,138.0,138.0
p21213,wind-ofs,0.0,0.0,0.0,0.0,0.0
p21213,wind-ons,0.0,0.0,0.0,0.0,0.0
p21219,battery,0.0,0.0,0.0,0.0,0.0
p21219,biomass,0.0,0.0,0.0,0.0,0.0
p21219,coal,0.0,0.0,0.0,0.0,0.0
p21219,gas,1600.0,1600.0,1600.0,1600.0,1600.0
p21219,geothermal,0.0,0.0,0.0,0.0,0.0
p21219,h2,0.0,0.0,0.0,0.0,0.0
p21219,hydro,0.0,0.0,0.0,0.0,0.0
p21219,nuclear,0.0,0.0,0.0,0.0,0.0
p21219,pumped-hydro,0.0,0.0,0.0,0.0,0.0
p21219,pv,0.0,0.0,0.0,0.0,0.0
p21219,wind-ofs,0.0,0.0,0.0,0.0,0.0
p21219,wind-ons,0.0,0.0,0.0,0.0,0.0
p21229,battery,0.0,0.0,0.0,0.0,0.0
p21229,biomass,0.0,0.0,0.0,0.0,0.0
p21229,coal,0.0,0.0,0.0,0.0,0.0
p21229,gas,0.0,0.0,0.0,0.0,0.0
p21229,geothermal,0.0,0.0,0.0,0.0,0.0
p21229,h2,0.0,0.0,0.0,0.0,0.0
p21229,hydro,0.0,0.0,0.0,0.0,0.0
p21229,nuclear,0.0,0.0,0.0,0.0,0.0
p21229,pumped-hydro,0.0,0.0,0.0,0.0,0.0
p21229,pv,203.0,203.0,203.0,203.0,203.0
p21229,wind-ofs,0.0,0.0,0.0,0.0,0.0
p21229,wind-ons,0.0,0.0,0.0,0.0,0.0
p21233,battery,275.0,275.0,275.0,275.0,275.0
p21233,biomass,0.0,0.0,0.0,0.0,0.0
p21233,coal,0.0,0.0,0.0,0.0,0.0
p21233,gas,696.0,696.0,696.0,696.0,696.0
p21233,geothermal,0.0,0.0,0.0,0.0,0.0
p21233,h2,0.0,0.0,0.0,0.0,0.0
p21233,hydro,0.0,0.0,0.0,0.0,0.0
p21233,nuclear,0.0,0.0,0.0,0.0,0.0
p21233,pumped-hydro,0.0,0.0,0.0,0.0,0.0
p21233,pv,300.0,300.0,300.0,300.0,300.0
p21233,wind-ofs,0.0,0.0,0.0,0.0,0.0
p21233,wind-ons,0.0,0.0,0.0,0.0,0.0
p22073,battery,0.0,0.0,0.0,0.0,0.0
p22073,biomass,0.0,0.0,0.0,0.0,0.0
p22073,coal,0.0,0.0,0.0,0.0,0.0
p22073,gas,0.0,0.0,0.0,0.0,0.0
p22073,geothermal,0.0,0.0,0.0,0.0,0.0
p22073,h2,0.0,0.0,0.0,0.0,0.0
p22073,hydro,0.0,0.0,0.0,0.0,0.0
p22073,nuclear,0.0,0.0,0.0,0.0,0.0
p22073,pumped-hydro,0.0,0.0,0.0,0.0,0.0
p22073,pv,49.0,49.0,49.0,49.0,49.0
p22073,wind-ofs,0.0,0.0,0.0,0.0,0.0
p22073,wind-ons,0.0,0.0,0.0,0.0,0.0
p23001,battery,0.0,0.0,0.0,0.0,0.0
p23001,biomass,0.0,0.0,0.0,0.0,0.0
p23001,coal,0.0,0.0,0.0,0.0,0.0
p23001,gas,0.0,0.0,0.0,0.0,0.0
p23001,geothermal,0.0,0.0,0.0,0.0,0.0
p23001,h2,0.0,0.0,0.0,0.0,0.0
p23001,hydro,56.6500015258788,56.6500015258788,56.6500015258788,56.6500015258788,56.6500015258788
p23001,nuclear,0.0,0.0,0.0,0.0,0.0
p23001,pumped-hydro,0.0,0.0,0.0,0.0,0.0
p23001,pv,437.17999267578,437.17999267578,437.17999267578,437.17999267578,437.17999267578
p23001,wind-ofs,0.0,0.0,0.0,0.0,0.0
p23001,wind-ons,0.0,0.0,0.0,0.0,0.0
p23003,battery,0.0,0.0,0.0,0.0,0.0
p23003,biomass,0.0,0.0,0.0,0.0,0.0
p23003,coal,0.0,0.0,0.0,0.0,0.0
p23003,gas,0.0,0.0,0.0,0.0,0.0
p23003,geothermal,0.0,0.0,0.0,0.0,0.0
p23003,h2,0.0,0.0,0.0,0.0,0.0
p23003,hydro,0.0,0.0,0.0,0.0,0.0
p23003,nuclear,0.0,0.0,0.0,0.0,0.0
p23003,pumped-hydro,0.0,0.0,0.0,0.0,0.0
p23003,pv,837.600006103515,837.600006103515,837.600006103515,837.600006103515,837.600006103515
p23003,wind-ofs,0.0,0.0,0.0,0.0,0.0
p23003,wind-ons,2516.799987792968,2516.799987792968,2516.799987792968,2516.799987792968,2516.799987792968
p23005,battery,350.0,350.0,350.0,350.0,350.0
p23005,biomass,0.0,0.0,0.0,0.0,0.0
p23005,coal,0.0,0.0,0.0,0.0,0.0
p23005,gas,0.0,0.0,0.0,0.0,0.0
p23005,geothermal,0.0,0.0,0.0,0.0,0.0
p23005,h2,0.0,0.0,0.0,0.0,0.0
p23005,hydro,0.0,0.0,0.0,0.0,0.0
p23005,nuclear,0.0,0.0,0.0,0.0,0.0
p23005,pumped-hydro,0.0,0.0,0.0,0.0,0.0
p23005,pv,54.62900018692005,54.62900018692005,54.62900018692005,54.62900018692005,54.62900018692005
p23005,wind-ofs,0.0,0.0,0.0,0.0,0.0
p23005,wind-ons,0.0,0.0,0.0,0.0,0.0
p23007,battery,0.0,0.0,0.0,0.0,0.0
p23007,biomass,0.0,0.0,0.0,0.0,0.0
p23007,coal,0.0,0.0,0.0,0.0,0.0
p23007,gas,0.0,0.0,0.0,0.0,0.0
p23007,geothermal,0.0,0.0,0.0,0.0,0.0
p23007,h2,0.0,0.0,0.0,0.0,0.0
p23007,hydro,0.0,0.0,0.0,0.0,0.0
p23007,nuclear,0.0,0.0,0.0,0.0,0.0
p23007,pumped-hydro,0.0,0.0,0.0,0.0,0.0
p23007,pv,4.98999977111816,4.98999977111816,4.98999977111816,4.98999977111816,4.98999977111816
p23007,wind-ofs,0.0,0.0,0.0,0.0,0.0
p23007,wind-ons,0.0,0.0,0.0,0.0,0.0
p23009,battery,0.0,0.0,0.0,0.0,0.0
p23009,biomass,0.0,0.0,0.0,0.0,0.0
p23009,coal,0.0,0.0,0.0,0.0,0.0
p23009,gas,0.0,0.0,0.0,0.0,0.0
p23009,geothermal,0.0,0.0,0.0,0.0,0.0
p23009,h2,0.0,0.0,0.0,0.0,0.0
p23009,hydro,0.0,0.0,0.0,0.0,0.0
p23009,nuclear,0.0,0.0,0.0,0.0,0.0
p23009,pumped-hydro,0.0,0.0,0.0,0.0,0.0
p23009,pv,200.0,200.0,200.0,200.0,200.0
p23009,wind-ofs,0.0,0.0,0.0,0.0,0.0
p23009,wind-ons,0.0,0.0,0.0,0.0,0.0
p23011,battery,0.0,0.0,0.0,0.0,0.0
p23011,biomass,0.0,0.0,0.0,0.0,0.0
p23011,coal,0.0,0.0,0.0,0.0,0.0
p23011,gas,0.0,0.0,0.0,0.0,0.0
p23011,geothermal,0.0,0.0,0.0,0.0,0.0
p23011,h2,0.0,0.0,0.0,0.0,0.0
p23011,hydro,0.0,0.0,0.0,0.0,0.0
p23011,nuclear,0.0,0.0,0.0,0.0,0.0
p23011,pumped-hydro,0.0,0.0,0.0,0.0,0.0
p23011,pv,78.3809999227522,78.3809999227522,78.3809999227522,78.3809999227522,78.3809999227522
p23011,wind-ofs,0.0,0.0,0.0,0.0,0.0
p23011,wind-ons,0.0,0.0,0.0,0.0,0.0
p23013,battery,0.0,0.0,0.0,0.0,0.0
p23013,biomass,0.0,0.0,0.0,0.0,0.0
p23013,coal,0.0,0.0,0.0,0.0,0.0
p23013,gas,0.0,0.0,0.0,0.0,0.0
p23013,geothermal,0.0,0.0,0.0,0.0,0.0
p23013,h2,0.0,0.0,0.0,0.0,0.0
p23013,hydro,0.0,0.0,0.0,0.0,0.0
p23013,nuclear,0.0,0.0,0.0,0.0,0.0
p23013,pumped-hydro,0.0,0.0,0.0,0.0,0.0
p23013,pv,536.0,536.0,536.0,536.0,536.0
p23013,wind-ofs,0.0,0.0,0.0,0.0,0.0
p23013,wind-ons,0.0,0.0,0.0,0.0,0.0
p23015,battery,0.0,0.0,0.0,0.0,0.0
p23015,biomass,0.0,0.0,0.0,0.0,0.0
p23015,coal,0.0,0.0,0.0,0.0,0.0
p23015,gas,0.0,0.0,0.0,0.0,0.0
p23015,geothermal,0.0,0.0,0.0,0.0,0.0
p23015,h2,0.0,0.0,0.0,0.0,0.0
p23015,hydro,0.0,0.0,0.0,0.0,0.0
p23015,nuclear,0.0,0.0,0.0,0.0,0.0
p23015,pumped-hydro,0.0,0.0,0.0,0.0,0.0
p23015,pv,3.94000005722045,3.94000005722045,3.94000005722045,3.94000005722045,3.94000005722045
p23015,wind-ofs,0.0,0.0,0.0,0.0,0.0
p23015,wind-ons,0.0,0.0,0.0,0.0,0.0
p23017,battery,0.0,0.0,0.0,0.0,0.0
p23017,biomass,0.0,0.0,0.0,0.0,0.0
p23017,coal,0.0,0.0,0.0,0.0,0.0
p23017,gas,0.0,0.0,0.0,0.0,0.0
p23017,geothermal,0.0,0.0,0.0,0.0,0.0
p23017,h2,0.0,0.0,0.0,0.0,0.0
p23017,hydro,0.0,0.0,0.0,0.0,0.0
p23017,nuclear,0.0,0.0,0.0,0.0,0.0
p23017,pumped-hydro,0.0,0.0,0.0,0.0,0.0
p23017,pv,187.43000066280365,187.43000066280365,187.43000066280365,187.43000066280365,187.43000066280365
p23017,wind-ofs,0.0,0.0,0.0,0.0,0.0
p23017,wind-ons,36.599998474121,36.599998474121,36.599998474121,36.599998474121,36.599998474121
p23019,battery,0.0,0.0,0.0,0.0,0.0
p23019,biomass,0.0,0.0,0.0,0.0,0.0
p23019,coal,0.0,0.0,0.0,0.0,0.0
p23019,gas,0.0,0.0,0.0,0.0,0.0
p23019,geothermal,0.0,0.0,0.0,0.0,0.0
p23019,h2,0.0,0.0,0.0,0.0,0.0
p23019,hydro,0.0,0.0,0.0,0.0,0.0
p23019,nuclear,0.0,0.0,0.0,0.0,0.0
p23019,pumped-hydro,0.0,0.0,0.0,0.0,0.0
p23019,pv,39.590000152587805,39.590000152587805,39.590000152587805,39.590000152587805,39.590000152587805
p23019,wind-ofs,0.0,0.0,0.0,0.0,0.0
p23019,wind-ons,0.0,0.0,0.0,0.0,0.0
p23021,battery,0.0,0.0,0.0,0.0,0.0
p23021,biomass,0.0,0.0,0.0,0.0,0.0
p23021,coal,0.0,0.0,0.0,0.0,0.0
p23021,gas,0.0,0.0,0.0,0.0,0.0
p23021,geothermal,0.0,0.0,0.0,0.0,0.0
p23021,h2,0.0,0.0,0.0,0.0,0.0
p23021,hydro,0.0,0.0,0.0,0.0,0.0
p23021,nuclear,0.0,0.0,0.0,0.0,0.0
p23021,pumped-hydro,0.0,0.0,0.0,0.0,0.0
p23021,pv,57.7200012207031,57.7200012207031,57.7200012207031,57.7200012207031,57.7200012207031
p23021,wind-ofs,0.0,0.0,0.0,0.0,0.0
p23021,wind-ons,0.0,0.0,0.0,0.0,0.0
p23023,battery,0.0,0.0,0.0,0.0,0.0
p23023,biomass,0.0,0.0,0.0,0.0,0.0
p23023,coal,0.0,0.0,0.0,0.0,0.0
p23023,gas,0.0,0.0,0.0,0.0,0.0
p23023,geothermal,0.0,0.0,0.0,0.0,0.0
p23023,h2,0.0,0.0,0.0,0.0,0.0
p23023,hydro,0.0,0.0,0.0,0.0,0.0
p23023,nuclear,0.0,0.0,0.0,0.0,0.0
p23023,pumped-hydro,0.0,0.0,0.0,0.0,0.0
p23023,pv,18.9500007629394,18.9500007629394,18.9500007629394,18.9500007629394,18.9500007629394
p23023,wind-ofs,0.0,0.0,0.0,0.0,0.0
p23023,wind-ons,0.0,0.0,0.0,0.0,0.0
p23025,battery,0.0,0.0,0.0,0.0,0.0
p23025,biomass,0.0,0.0,0.0,0.0,0.0
p23025,coal,0.0,0.0,0.0,0.0,0.0
p23025,gas,0.0,0.0,0.0,0.0,0.0
p23025,geothermal,0.0,0.0,0.0,0.0,0.0
p23025,h2,0.0,0.0,0.0,0.0,0.0
p23025,hydro,0.0,0.0,0.0,0.0,0.0
p23025,nuclear,0.0,0.0,0.0,0.0,0.0
p23025,pumped-hydro,0.0,0.0,0.0,0.0,0.0
p23025,pv,397.13999688625245,397.13999688625245,397.13999688625245,397.13999688625245,397.13999688625245
p23025,wind-ofs,0.0,0.0,0.0,0.0,0.0
p23025,wind-ons,117.599998474121,117.599998474121,117.599998474121,117.599998474121,117.599998474121
p23027,battery,0.0,0.0,0.0,0.0,0.0
p23027,biomass,0.0,0.0,0.0,0.0,0.0
p23027,coal,0.0,0.0,0.0,0.0,0.0
p23027,gas,0.0,0.0,0.0,0.0,0.0
p23027,geothermal,0.0,0.0,0.0,0.0,0.0
p23027,h2,0.0,0.0,0.0,0.0,0.0
p23027,hydro,0.0,0.0,0.0,0.0,0.0
p23027,nuclear,0.0,0.0,0.0,0.0,0.0
p23027,pumped-hydro,0.0,0.0,0.0,0.0,0.0
p23027,pv,1.98000001907348,1.98000001907348,1.98000001907348,1.98000001907348,1.98000001907348
p23027,wind-ofs,0.0,0.0,0.0,0.0,0.0
p23027,wind-ons,0.0,0.0,0.0,0.0,0.0
p23029,battery,0.0,0.0,0.0,0.0,0.0
p23029,biomass,0.0,0.0,0.0,0.0,0.0
p23029,coal,0.0,0.0,0.0,0.0,0.0
p23029,gas,0.0,0.0,0.0,0.0,0.0
p23029,geothermal,0.0,0.0,0.0,0.0,0.0
p23029,h2,0.0,0.0,0.0,0.0,0.0
p23029,hydro,0.0,0.0,0.0,0.0,0.0
p23029,nuclear,0.0,0.0,0.0,0.0,0.0
p23029,pumped-hydro,0.0,0.0,0.0,0.0,0.0
p23029,pv,0.0,0.0,0.0,0.0,0.0
p23029,wind-ofs,0.0,0.0,0.0,0.0,0.0
p23029,wind-ons,252.0,252.0,252.0,252.0,252.0
p23031,battery,0.0,0.0,0.0,0.0,0.0
p23031,biomass,0.0,0.0,0.0,0.0,0.0
p23031,coal,0.0,0.0,0.0,0.0,0.0
p23031,gas,0.0,0.0,0.0,0.0,0.0
p23031,geothermal,0.0,0.0,0.0,0.0,0.0
p23031,h2,0.0,0.0,0.0,0.0,0.0
p23031,hydro,0.0,0.0,0.0,0.0,0.0
p23031,nuclear,0.0,0.0,0.0,0.0,0.0
p23031,pumped-hydro,0.0,0.0,0.0,0.0,0.0
p23031,pv,363.6630001068108,363.6630001068108,363.6630001068108,363.6630001068108,363.6630001068108
p23031,wind-ofs,0.0,0.0,0.0,0.0,0.0
p23031,wind-ons,0.0,0.0,0.0,0.0,0.0
p24001,battery,0.0,0.0,0.0,0.0,0.0
p24001,biomass,0.0,0.0,0.0,0.0,0.0
p24001,coal,0.0,0.0,0.0,0.0,0.0
p24001,gas,0.0,0.0,0.0,0.0,0.0
p24001,geothermal,0.0,0.0,0.0,0.0,0.0
p24001,h2,0.0,0.0,0.0,0.0,0.0
p24001,hydro,0.0,0.0,0.0,0.0,0.0
p24001,nuclear,0.0,0.0,0.0,0.0,0.0
p24001,pumped-hydro,0.0,0.0,0.0,0.0,0.0
p24001,pv,101.98,101.98,101.98,101.98,101.98
p24001,wind-ofs,0.0,0.0,0.0,0.0,0.0
p24001,wind-ons,127.9,127.9,127.9,127.9,127.9
p24003,battery,600.0,600.0,600.0,600.0,600.0
p24003,biomass,0.0,0.0,0.0,0.0,0.0
p24003,coal,0.0,0.0,0.0,0.0,0.0
p24003,gas,0.0,0.0,0.0,0.0,0.0
p24003,geothermal,0.0,0.0,0.0,0.0,0.0
p24003,h2,0.0,0.0,0.0,0.0,0.0
p24003,hydro,0.0,0.0,0.0,0.0,0.0
p24003,nuclear,0.0,0.0,0.0,0.0,0.0
p24003,pumped-hydro,0.0,0.0,0.0,0.0,0.0
p24003,pv,75.0,75.0,75.0,75.0,75.0
p24003,wind-ofs,0.0,0.0,0.0,0.0,0.0
p24003,wind-ons,0.0,0.0,0.0,0.0,0.0
p24005,battery,895.0,895.0,895.0,895.0,895.0
p24005,biomass,0.0,0.0,0.0,0.0,0.0
p24005,coal,0.0,0.0,0.0,0.0,0.0
p24005,gas,0.0,0.0,0.0,0.0,0.0
p24005,geothermal,0.0,0.0,0.0,0.0,0.0
p24005,h2,0.0,0.0,0.0,0.0,0.0
p24005,hydro,0.0,0.0,0.0,0.0,0.0
p24005,nuclear,0.0,0.0,0.0,0.0,0.0
p24005,pumped-hydro,0.0,0.0,0.0,0.0,0.0
p24005,pv,0.0,0.0,0.0,0.0,0.0
p24005,wind-ofs,0.0,0.0,0.0,0.0,0.0
p24005,wind-ons,0.0,0.0,0.0,0.0,0.0
p24009,battery,180.0,180.0,180.0,180.0,180.0
p24009,biomass,0.0,0.0,0.0,0.0,0.0
p24009,coal,0.0,0.0,0.0,0.0,0.0
p24009,gas,0.0,0.0,0.0,0.0,0.0
p24009,geothermal,0.0,0.0,0.0,0.0,0.0
p24009,h2,0.0,0.0,0.0,0.0,0.0
p24009,hydro,0.0,0.0,0.0,0.0,0.0
p24009,nuclear,0.0,0.0,0.0,0.0,0.0
p24009,pumped-hydro,0.0,0.0,0.0,0.0,0.0
p24009,pv,0.0,0.0,0.0,0.0,0.0
p24009,wind-ofs,0.0,0.0,0.0,0.0,0.0
p24009,wind-ons,0.0,0.0,0.0,0.0,0.0
p24011,battery,0.0,0.0,0.0,0.0,0.0
p24011,biomass,0.0,0.0,0.0,0.0,0.0
p24011,coal,0.0,0.0,0.0,0.0,0.0
p24011,gas,0.0,0.0,0.0,0.0,0.0
p24011,geothermal,0.0,0.0,0.0,0.0,0.0
p24011,h2,0.0,0.0,0.0,0.0,0.0
p24011,hydro,0.0,0.0,0.0,0.0,0.0
p24011,nuclear,0.0,0.0,0.0,0.0,0.0
p24011,pumped-hydro,0.0,0.0,0.0,0.0,0.0
p24011,pv,588.0,588.0,588.0,588.0,588.0
p24011,wind-ofs,0.0,0.0,0.0,0.0,0.0
p24011,wind-ons,0.0,0.0,0.0,0.0,0.0
p24015,battery,60.48,60.48,60.48,60.48,60.48
p24015,biomass,0.0,0.0,0.0,0.0,0.0
p24015,coal,0.0,0.0,0.0,0.0,0.0
p24015,gas,0.0,0.0,0.0,0.0,0.0
p24015,geothermal,0.0,0.0,0.0,0.0,0.0
p24015,h2,0.0,0.0,0.0,0.0,0.0
p24015,hydro,0.0,0.0,0.0,0.0,0.0
p24015,nuclear,0.0,0.0,0.0,0.0,0.0
p24015,pumped-hydro,0.0,0.0,0.0,0.0,0.0
p24015,pv,0.0,0.0,0.0,0.0,0.0
p24015,wind-ofs,0.0,0.0,0.0,0.0,0.0
p24015,wind-ons,0.0,0.0,0.0,0.0,0.0
p24017,battery,1322.0,1322.0,1322.0,1322.0,1322.0
p24017,biomass,0.0,0.0,0.0,0.0,0.0
p24017,coal,0.0,0.0,0.0,0.0,0.0
p24017,gas,0.0,0.0,0.0,0.0,0.0
p24017,geothermal,0.0,0.0,0.0,0.0,0.0
p24017,h2,0.0,0.0,0.0,0.0,0.0
p24017,hydro,0.0,0.0,0.0,0.0,0.0
p24017,nuclear,0.0,0.0,0.0,0.0,0.0
p24017,pumped-hydro,0.0,0.0,0.0,0.0,0.0
p24017,pv,135.0,135.0,135.0,135.0,135.0
p24017,wind-ofs,0.0,0.0,0.0,0.0,0.0
p24017,wind-ons,0.0,0.0,0.0,0.0,0.0
p24019,battery,25.0,25.0,25.0,25.0,25.0
p24019,biomass,0.0,0.0,0.0,0.0,0.0
p24019,coal,0.0,0.0,0.0,0.0,0.0
p24019,gas,0.0,0.0,0.0,0.0,0.0
p24019,geothermal,0.0,0.0,0.0,0.0,0.0
p24019,h2,0.0,0.0,0.0,0.0,0.0
p24019,hydro,0.0,0.0,0.0,0.0,0.0
p24019,nuclear,0.0,0.0,0.0,0.0,0.0
p24019,pumped-hydro,0.0,0.0,0.0,0.0,0.0
p24019,pv,296.95,296.95,296.95,296.95,296.95
p24019,wind-ofs,0.0,0.0,0.0,0.0,0.0
p24019,wind-ons,0.0,0.0,0.0,0.0,0.0
p24021,battery,0.0,0.0,0.0,0.0,0.0
p24021,biomass,0.0,0.0,0.0,0.0,0.0
p24021,coal,0.0,0.0,0.0,0.0,0.0
p24021,gas,0.0,0.0,0.0,0.0,0.0
p24021,geothermal,0.0,0.0,0.0,0.0,0.0
p24021,h2,0.0,0.0,0.0,0.0,0.0
p24021,hydro,0.0,0.0,0.0,0.0,0.0
p24021,nuclear,0.0,0.0,0.0,0.0,0.0
p24021,pumped-hydro,0.0,0.0,0.0,0.0,0.0
p24021,pv,52.0,52.0,52.0,52.0,52.0
p24021,wind-ofs,0.0,0.0,0.0,0.0,0.0
p24021,wind-ons,0.0,0.0,0.0,0.0,0.0
p24023,battery,0.0,0.0,0.0,0.0,0.0
p24023,biomass,0.0,0.0,0.0,0.0,0.0
p24023,coal,0.0,0.0,0.0,0.0,0.0
p24023,gas,0.0,0.0,0.0,0.0,0.0
p24023,geothermal,0.0,0.0,0.0,0.0,0.0
p24023,h2,0.0,0.0,0.0,0.0,0.0
p24023,hydro,15.0,15.0,15.0,15.0,15.0
p24023,nuclear,0.0,0.0,0.0,0.0,0.0
p24023,pumped-hydro,0.0,0.0,0.0,0.0,0.0
p24023,pv,950.0,950.0,950.0,950.0,950.0
p24023,wind-ofs,0.0,0.0,0.0,0.0,0.0
p24023,wind-ons,0.0,0.0,0.0,0.0,0.0
p24025,battery,0.0,0.0,0.0,0.0,0.0
p24025,biomass,0.0,0.0,0.0,0.0,0.0
p24025,coal,0.0,0.0,0.0,0.0,0.0
p24025,gas,0.0,0.0,0.0,0.0,0.0
p24025,geothermal,0.0,0.0,0.0,0.0,0.0
p24025,h2,0.0,0.0,0.0,0.0,0.0
p24025,hydro,0.0,0.0,0.0,0.0,0.0
p24025,nuclear,0.0,0.0,0.0,0.0,0.0
p24025,pumped-hydro,0.0,0.0,0.0,0.0,0.0
p24025,pv,80.0,80.0,80.0,80.0,80.0
p24025,wind-ofs,0.0,0.0,0.0,0.0,0.0
p24025,wind-ons,0.0,0.0,0.0,0.0,0.0
p24029,battery,0.0,0.0,0.0,0.0,0.0
p24029,biomass,0.0,0.0,0.0,0.0,0.0
p24029,coal,0.0,0.0,0.0,0.0,0.0
p24029,gas,0.0,0.0,0.0,0.0,0.0
p24029,geothermal,0.0,0.0,0.0,0.0,0.0
p24029,h2,0.0,0.0,0.0,0.0,0.0
p24029,hydro,0.0,0.0,0.0,0.0,0.0
p24029,nuclear,0.0,0.0,0.0,0.0,0.0
p24029,pumped-hydro,0.0,0.0,0.0,0.0,0.0
p24029,pv,111.6,111.6,111.6,111.6,111.6
p24029,wind-ofs,0.0,0.0,0.0,0.0,0.0
p24029,wind-ons,0.0,0.0,0.0,0.0,0.0
p24031,battery,500.0,500.0,500.0,500.0,500.0
p24031,biomass,0.0,0.0,0.0,0.0,0.0
p24031,coal,0.0,0.0,0.0,0.0,0.0
p24031,gas,0.0,0.0,0.0,0.0,0.0
p24031,geothermal,0.0,0.0,0.0,0.0,0.0
p24031,h2,0.0,0.0,0.0,0.0,0.0
p24031,hydro,0.0,0.0,0.0,0.0,0.0
p24031,nuclear,0.0,0.0,0.0,0.0,0.0
p24031,pumped-hydro,0.0,0.0,0.0,0.0,0.0
p24031,pv,0.0,0.0,0.0,0.0,0.0
p24031,wind-ofs,0.0,0.0,0.0,0.0,0.0
p24031,wind-ons,0.0,0.0,0.0,0.0,0.0
p24033,battery,115.0,115.0,115.0,115.0,115.0
p24033,biomass,0.0,0.0,0.0,0.0,0.0
p24033,coal,0.0,0.0,0.0,0.0,0.0
p24033,gas,45.0,45.0,45.0,45.0,45.0
p24033,geothermal,0.0,0.0,0.0,0.0,0.0
p24033,h2,0.0,0.0,0.0,0.0,0.0
p24033,hydro,0.0,0.0,0.0,0.0,0.0
p24033,nuclear,0.0,0.0,0.0,0.0,0.0
p24033,pumped-hydro,0.0,0.0,0.0,0.0,0.0
p24033,pv,672.192,672.192,672.192,672.192,672.192
p24033,wind-ofs,0.0,0.0,0.0,0.0,0.0
p24033,wind-ons,0.0,0.0,0.0,0.0,0.0
p24035,battery,70.0,70.0,70.0,70.0,70.0
p24035,biomass,0.0,0.0,0.0,0.0,0.0
p24035,coal,0.0,0.0,0.0,0.0,0.0
p24035,gas,0.0,0.0,0.0,0.0,0.0
p24035,geothermal,0.0,0.0,0.0,0.0,0.0
p24035,h2,0.0,0.0,0.0,0.0,0.0
p24035,hydro,0.0,0.0,0.0,0.0,0.0
p24035,nuclear,0.0,0.0,0.0,0.0,0.0
p24035,pumped-hydro,0.0,0.0,0.0,0.0,0.0
p24035,pv,128.0,128.0,128.0,128.0,128.0
p24035,wind-ofs,0.0,0.0,0.0,0.0,0.0
p24035,wind-ons,0.0,0.0,0.0,0.0,0.0
p24039,battery,50.0,50.0,50.0,50.0,50.0
p24039,biomass,0.0,0.0,0.0,0.0,0.0
p24039,coal,0.0,0.0,0.0,0.0,0.0
p24039,gas,0.0,0.0,0.0,0.0,0.0
p24039,geothermal,0.0,0.0,0.0,0.0,0.0
p24039,h2,0.0,0.0,0.0,0.0,0.0
p24039,hydro,0.0,0.0,0.0,0.0,0.0
p24039,nuclear,0.0,0.0,0.0,0.0,0.0
p24039,pumped-hydro,0.0,0.0,0.0,0.0,0.0
p24039,pv,66.552,66.552,66.552,66.552,66.552
p24039,wind-ofs,0.0,0.0,0.0,0.0,0.0
p24039,wind-ons,0.0,0.0,0.0,0.0,0.0
p24041,battery,20.0,20.0,20.0,20.0,20.0
p24041,biomass,0.0,0.0,0.0,0.0,0.0
p24041,coal,0.0,0.0,0.0,0.0,0.0
p24041,gas,0.0,0.0,0.0,0.0,0.0
p24041,geothermal,0.0,0.0,0.0,0.0,0.0
p24041,h2,0.0,0.0,0.0,0.0,0.0
p24041,hydro,0.0,0.0,0.0,0.0,0.0
p24041,nuclear,0.0,0.0,0.0,0.0,0.0
p24041,pumped-hydro,0.0,0.0,0.0,0.0,0.0
p24041,pv,34.387,34.387,34.387,34.387,34.387
p24041,wind-ofs,0.0,0.0,0.0,0.0,0.0
p24041,wind-ons,0.0,0.0,0.0,0.0,0.0
p24043,battery,30.0,30.0,30.0,30.0,30.0
p24043,biomass,0.0,0.0,0.0,0.0,0.0
p24043,coal,0.0,0.0,0.0,0.0,0.0
p24043,gas,0.0,0.0,0.0,0.0,0.0
p24043,geothermal,0.0,0.0,0.0,0.0,0.0
p24043,h2,0.0,0.0,0.0,0.0,0.0
p24043,hydro,0.0,0.0,0.0,0.0,0.0
p24043,nuclear,0.0,0.0,0.0,0.0,0.0
p24043,pumped-hydro,0.0,0.0,0.0,0.0,0.0
p24043,pv,31.8,31.8,31.8,31.8,31.8
p24043,wind-ofs,0.0,0.0,0.0,0.0,0.0
p24043,wind-ons,0.0,0.0,0.0,0.0,0.0
p24045,battery,0.0,0.0,0.0,0.0,0.0
p24045,biomass,0.0,0.0,0.0,0.0,0.0
p24045,coal,0.0,0.0,0.0,0.0,0.0
p24045,gas,0.0,0.0,0.0,0.0,0.0
p24045,geothermal,0.0,0.0,0.0,0.0,0.0
p24045,h2,0.0,0.0,0.0,0.0,0.0
p24045,hydro,0.0,0.0,0.0,0.0,0.0
p24045,nuclear,0.0,0.0,0.0,0.0,0.0
p24045,pumped-hydro,0.0,0.0,0.0,0.0,0.0
p24045,pv,150.957,150.957,150.957,150.957,150.957
p24045,wind-ofs,0.0,0.0,0.0,0.0,0.0
p24045,wind-ons,0.0,0.0,0.0,0.0,0.0
p24047,battery,1.0,1.0,1.0,1.0,1.0
p24047,biomass,0.0,0.0,0.0,0.0,0.0
p24047,coal,0.0,0.0,0.0,0.0,0.0
p24047,gas,0.0,0.0,0.0,0.0,0.0
p24047,geothermal,0.0,0.0,0.0,0.0,0.0
p24047,h2,0.0,0.0,0.0,0.0,0.0
p24047,hydro,0.0,0.0,0.0,0.0,0.0
p24047,nuclear,0.0,0.0,0.0,0.0,0.0
p24047,pumped-hydro,0.0,0.0,0.0,0.0,0.0
p24047,pv,187.3,187.3,187.3,187.3,187.3
p24047,wind-ofs,0.0,0.0,0.0,0.0,0.0
p24047,wind-ons,0.0,0.0,0.0,0.0,0.0
p25001,battery,588.299987792968,588.299987792968,588.299987792968,588.299987792968,588.299987792968
p25001,biomass,0.0,0.0,0.0,0.0,0.0
p25001,coal,0.0,0.0,0.0,0.0,0.0
p25001,gas,0.0,0.0,0.0,0.0,0.0
p25001,geothermal,0.0,0.0,0.0,0.0,0.0
p25001,h2,0.0,0.0,0.0,0.0,0.0
p25001,hydro,0.0,0.0,0.0,0.0,0.0
p25001,nuclear,0.0,0.0,0.0,0.0,0.0
p25001,pumped-hydro,0.0,0.0,0.0,0.0,0.0
p25001,pv,89.34699940681448,89.34699940681448,89.34699940681448,89.34699940681448,89.34699940681448
p25001,wind-ofs,0.0,0.0,0.0,0.0,0.0
p25001,wind-ons,0.0,0.0,0.0,0.0,0.0
p25003,battery,869.970001220702,869.970001220702,869.970001220702,869.970001220702,869.970001220702
p25003,biomass,0.0,0.0,0.0,0.0,0.0
p25003,coal,0.0,0.0,0.0,0.0,0.0
p25003,gas,0.0,0.0,0.0,0.0,0.0
p25003,geothermal,0.0,0.0,0.0,0.0,0.0
p25003,h2,0.0,0.0,0.0,0.0,0.0
p25003,hydro,0.0,0.0,0.0,0.0,0.0
p25003,nuclear,0.0,0.0,0.0,0.0,0.0
p25003,pumped-hydro,0.0,0.0,0.0,0.0,0.0
p25003,pv,36.00799894332882,36.00799894332882,36.00799894332882,36.00799894332882,36.00799894332882
p25003,wind-ofs,0.0,0.0,0.0,0.0,0.0
p25003,wind-ons,0.0,0.0,0.0,0.0,0.0
p25005,battery,1955.0650014877294,1955.0650014877294,1955.0650014877294,1955.0650014877294,1955.0650014877294
p25005,biomass,0.0,0.0,0.0,0.0,0.0
p25005,coal,0.0,0.0,0.0,0.0,0.0
p25005,gas,0.0,0.0,0.0,0.0,0.0
p25005,geothermal,0.0,0.0,0.0,0.0,0.0
p25005,h2,0.0,0.0,0.0,0.0,0.0
p25005,hydro,0.0,0.0,0.0,0.0,0.0
p25005,nuclear,0.0,0.0,0.0,0.0,0.0
p25005,pumped-hydro,0.0,0.0,0.0,0.0,0.0
p25005,pv,173.41800093650775,173.41800093650775,173.41800093650775,173.41800093650775,173.41800093650775
p25005,wind-ofs,0.0,0.0,0.0,0.0,0.0
p25005,wind-ons,0.0,0.0,0.0,0.0,0.0
p25009,battery,778.9965114593492,778.9965114593492,778.9965114593492,778.9965114593492,778.9965114593492
p25009,biomass,0.0,0.0,0.0,0.0,0.0
p25009,coal,0.0,0.0,0.0,0.0,0.0
p25009,gas,0.0,0.0,0.0,0.0,0.0
p25009,geothermal,0.0,0.0,0.0,0.0,0.0
p25009,h2,0.0,0.0,0.0,0.0,0.0
p25009,hydro,0.0,0.0,0.0,0.0,0.0
p25009,nuclear,0.0,0.0,0.0,0.0,0.0
p25009,pumped-hydro,0.0,0.0,0.0,0.0,0.0
p25009,pv,4.99800014495849,4.99800014495849,4.99800014495849,4.99800014495849,4.99800014495849
p25009,wind-ofs,0.0,0.0,0.0,0.0,0.0
p25009,wind-ons,0.0,0.0,0.0,0.0,0.0
p25011,battery,471.54208564758216,471.54208564758216,471.54208564758216,471.54208564758216,471.54208564758216
p25011,biomass,0.0,0.0,0.0,0.0,0.0
p25011,coal,0.0,0.0,0.0,0.0,0.0
p25011,gas,0.0,0.0,0.0,0.0,0.0
p25011,geothermal,0.0,0.0,0.0,0.0,0.0
p25011,h2,0.0,0.0,0.0,0.0,0.0
p25011,hydro,6.69999980926513,6.69999980926513,6.69999980926513,6.69999980926513,6.69999980926513
p25011,nuclear,0.0,0.0,0.0,0.0,0.0
p25011,pumped-hydro,0.0,0.0,0.0,0.0,0.0
p25011,pv,53.93100023269646,53.93100023269646,53.93100023269646,53.93100023269646,53.93100023269646
p25011,wind-ofs,0.0,0.0,0.0,0.0,0.0
p25011,wind-ons,0.0,0.0,0.0,0.0,0.0
p25013,battery,1654.1140279769875,1654.1140279769875,1654.1140279769875,1654.1140279769875,1654.1140279769875
p25013,biomass,0.0,0.0,0.0,0.0,0.0
p25013,coal,0.0,0.0,0.0,0.0,0.0
p25013,gas,4.0,4.0,4.0,4.0,4.0
p25013,geothermal,0.0,0.0,0.0,0.0,0.0
p25013,h2,0.0,0.0,0.0,0.0,0.0
p25013,hydro,0.0,0.0,0.0,0.0,0.0
p25013,nuclear,0.0,0.0,0.0,0.0,0.0
p25013,pumped-hydro,0.0,0.0,0.0,0.0,0.0
p25013,pv,96.5659985542295,96.5659985542295,96.5659985542295,96.5659985542295,96.5659985542295
p25013,wind-ofs,0.0,0.0,0.0,0.0,0.0
p25013,wind-ons,0.0,0.0,0.0,0.0,0.0
p25015,battery,2.0,2.0,2.0,2.0,2.0
p25015,biomass,0.0,0.0,0.0,0.0,0.0
p25015,coal,0.0,0.0,0.0,0.0,0.0
p25015,gas,0.0,0.0,0.0,0.0,0.0
p25015,geothermal,0.0,0.0,0.0,0.0,0.0
p25015,h2,0.0,0.0,0.0,0.0,0.0
p25015,hydro,0.0,0.0,0.0,0.0,0.0
p25015,nuclear,0.0,0.0,0.0,0.0,0.0
p25015,pumped-hydro,0.0,0.0,0.0,0.0,0.0
p25015,pv,73.2000017166136,73.2000017166136,73.2000017166136,73.2000017166136,73.2000017166136
p25015,wind-ofs,0.0,0.0,0.0,0.0,0.0
p25015,wind-ons,0.0,0.0,0.0,0.0,0.0
p25017,battery,1493.5619788169838,1493.5619788169838,1493.5619788169838,1493.5619788169838,1493.5619788169838
p25017,biomass,0.0,0.0,0.0,0.0,0.0
p25017,coal,0.0,0.0,0.0,0.0,0.0
p25017,gas,32.8979988098144,32.8979988098144,32.8979988098144,32.8979988098144,32.8979988098144
p25017,geothermal,0.0,0.0,0.0,0.0,0.0
p25017,h2,0.0,0.0,0.0,0.0,0.0
p25017,hydro,0.0,0.0,0.0,0.0,0.0
p25017,nuclear,0.0,0.0,0.0,0.0,0.0
p25017,pumped-hydro,0.0,0.0,0.0,0.0,0.0
p25017,pv,57.66399955749502,57.66399955749502,57.66399955749502,57.66399955749502,57.66399955749502
p25017,wind-ofs,0.0,0.0,0.0,0.0,0.0
p25017,wind-ons,0.0,0.0,0.0,0.0,0.0
p25021,battery,1421.806009292602,1421.806009292602,1421.806009292602,1421.806009292602,1421.806009292602
p25021,biomass,0.0,0.0,0.0,0.0,0.0
p25021,coal,0.0,0.0,0.0,0.0,0.0
p25021,gas,0.0,0.0,0.0,0.0,0.0
p25021,geothermal,0.0,0.0,0.0,0.0,0.0
p25021,h2,0.0,0.0,0.0,0.0,0.0
p25021,hydro,0.0,0.0,0.0,0.0,0.0
p25021,nuclear,0.0,0.0,0.0,0.0,0.0
p25021,pumped-hydro,0.0,0.0,0.0,0.0,0.0
p25021,pv,19.988999843597398,19.988999843597398,19.988999843597398,19.988999843597398,19.988999843597398
p25021,wind-ofs,0.0,0.0,0.0,0.0,0.0
p25021,wind-ons,0.0,0.0,0.0,0.0,0.0
p25023,battery,300.0,300.0,300.0,300.0,300.0
p25023,biomass,0.0,0.0,0.0,0.0,0.0
p25023,coal,0.0,0.0,0.0,0.0,0.0
p25023,gas,0.0,0.0,0.0,0.0,0.0
p25023,geothermal,0.0,0.0,0.0,0.0,0.0
p25023,h2,0.0,0.0,0.0,0.0,0.0
p25023,hydro,0.0,0.0,0.0,0.0,0.0
p25023,nuclear,0.0,0.0,0.0,0.0,0.0
p25023,pumped-hydro,0.0,0.0,0.0,0.0,0.0
p25023,pv,302.3069994449611,302.3069994449611,302.3069994449611,302.3069994449611,302.3069994449611
p25023,wind-ofs,0.0,0.0,0.0,0.0,0.0
p25023,wind-ons,0.0,0.0,0.0,0.0,0.0
p25025,battery,1111.247985839842,1111.247985839842,1111.247985839842,1111.247985839842,1111.247985839842
p25025,biomass,0.0,0.0,0.0,0.0,0.0
p25025,coal,0.0,0.0,0.0,0.0,0.0
p25025,gas,0.0,0.0,0.0,0.0,0.0
p25025,geothermal,0.0,0.0,0.0,0.0,0.0
p25025,h2,0.0,0.0,0.0,0.0,0.0
p25025,hydro,0.0,0.0,0.0,0.0,0.0
p25025,nuclear,0.0,0.0,0.0,0.0,0.0
p25025,pumped-hydro,0.0,0.0,0.0,0.0,0.0
p25025,pv,0.0,0.0,0.0,0.0,0.0
p25025,wind-ofs,0.0,0.0,0.0,0.0,0.0
p25025,wind-ons,0.0,0.0,0.0,0.0,0.0
p25027,battery,2005.582405567166,2005.582405567166,2005.582405567166,2005.582405567166,2005.582405567166
p25027,biomass,0.0,0.0,0.0,0.0,0.0
p25027,coal,0.0,0.0,0.0,0.0,0.0
p25027,gas,0.0,0.0,0.0,0.0,0.0
p25027,geothermal,0.0,0.0,0.0,0.0,0.0
p25027,h2,0.0,0.0,0.0,0.0,0.0
p25027,hydro,0.0,0.0,0.0,0.0,0.0
p25027,nuclear,0.0,0.0,0.0,0.0,0.0
p25027,pumped-hydro,0.0,0.0,0.0,0.0,0.0
p25027,pv,297.2009978294364,297.2009978294364,297.2009978294364,297.2009978294364,297.2009978294364
p25027,wind-ofs,0.0,0.0,0.0,0.0,0.0
p25027,wind-ons,0.0,0.0,0.0,0.0,0.0
p26001,battery,0.0,0.0,0.0,0.0,0.0
p26001,biomass,0.0,0.0,0.0,0.0,0.0
p26001,coal,0.0,0.0,0.0,0.0,0.0
p26001,gas,0.0,0.0,0.0,0.0,0.0
p26001,geothermal,0.0,0.0,0.0,0.0,0.0
p26001,h2,0.0,0.0,0.0,0.0,0.0
p26001,hydro,0.0,0.0,0.0,0.0,0.0
p26001,nuclear,0.0,0.0,0.0,0.0,0.0
p26001,pumped-hydro,0.0,0.0,0.0,0.0,0.0
p26001,pv,451.9,451.9,451.9,451.9,451.9
p26001,wind-ofs,0.0,0.0,0.0,0.0,0.0
p26001,wind-ons,0.0,0.0,0.0,0.0,0.0
p26005,battery,574.9,574.9,574.9,574.9,574.9
p26005,biomass,0.0,0.0,0.0,0.0,0.0
p26005,coal,0.0,0.0,0.0,0.0,0.0
p26005,gas,0.0,0.0,0.0,0.0,0.0
p26005,geothermal,0.0,0.0,0.0,0.0,0.0
p26005,h2,0.0,0.0,0.0,0.0,0.0
p26005,hydro,0.0,0.0,0.0,0.0,0.0
p26005,nuclear,0.0,0.0,0.0,0.0,0.0
p26005,pumped-hydro,0.0,0.0,0.0,0.0,0.0
p26005,pv,317.25,317.25,317.25,317.25,317.25
p26005,wind-ofs,0.0,0.0,0.0,0.0,0.0
p26005,wind-ons,0.0,0.0,0.0,0.0,0.0
p26011,battery,0.0,0.0,0.0,0.0,0.0
p26011,biomass,0.0,0.0,0.0,0.0,0.0
p26011,coal,0.0,0.0,0.0,0.0,0.0
p26011,gas,0.0,0.0,0.0,0.0,0.0
p26011,geothermal,0.0,0.0,0.0,0.0,0.0
p26011,h2,0.0,0.0,0.0,0.0,0.0
p26011,hydro,0.0,0.0,0.0,0.0,0.0
p26011,nuclear,0.0,0.0,0.0,0.0,0.0
p26011,pumped-hydro,0.0,0.0,0.0,0.0,0.0
p26011,pv,509.0,509.0,509.0,509.0,509.0
p26011,wind-ofs,0.0,0.0,0.0,0.0,0.0
p26011,wind-ons,0.0,0.0,0.0,0.0,0.0
p26013,battery,0.0,0.0,0.0,0.0,0.0
p26013,biomass,0.0,0.0,0.0,0.0,0.0
p26013,coal,0.0,0.0,0.0,0.0,0.0
p26013,gas,1.8,1.8,1.8,1.8,1.8
p26013,geothermal,0.0,0.0,0.0,0.0,0.0
p26013,h2,0.0,0.0,0.0,0.0,0.0
p26013,hydro,0.0,0.0,0.0,0.0,0.0
p26013,nuclear,0.0,0.0,0.0,0.0,0.0
p26013,pumped-hydro,0.0,0.0,0.0,0.0,0.0
p26013,pv,0.0,0.0,0.0,0.0,0.0
p26013,wind-ofs,0.0,0.0,0.0,0.0,0.0
p26013,wind-ons,0.0,0.0,0.0,0.0,0.0
p26015,battery,0.0,0.0,0.0,0.0,0.0
p26015,biomass,0.0,0.0,0.0,0.0,0.0
p26015,coal,0.0,0.0,0.0,0.0,0.0
p26015,gas,0.0,0.0,0.0,0.0,0.0
p26015,geothermal,0.0,0.0,0.0,0.0,0.0
p26015,h2,0.0,0.0,0.0,0.0,0.0
p26015,hydro,0.0,0.0,0.0,0.0,0.0
p26015,nuclear,0.0,0.0,0.0,0.0,0.0
p26015,pumped-hydro,0.0,0.0,0.0,0.0,0.0
p26015,pv,150.0,150.0,150.0,150.0,150.0
p26015,wind-ofs,0.0,0.0,0.0,0.0,0.0
p26015,wind-ons,0.0,0.0,0.0,0.0,0.0
p26017,battery,325.0,325.0,325.0,325.0,325.0
p26017,biomass,0.0,0.0,0.0,0.0,0.0
p26017,coal,0.0,0.0,0.0,0.0,0.0
p26017,gas,0.0,0.0,0.0,0.0,0.0
p26017,geothermal,0.0,0.0,0.0,0.0,0.0
p26017,h2,0.0,0.0,0.0,0.0,0.0
p26017,hydro,0.0,0.0,0.0,0.0,0.0
p26017,nuclear,0.0,0.0,0.0,0.0,0.0
p26017,pumped-hydro,0.0,0.0,0.0,0.0,0.0
p26017,pv,385.0,385.0,385.0,385.0,385.0
p26017,wind-ofs,0.0,0.0,0.0,0.0,0.0
p26017,wind-ons,254.0,254.0,254.0,254.0,254.0
p26021,battery,0.0,0.0,0.0,0.0,0.0
p26021,biomass,0.0,0.0,0.0,0.0,0.0
p26021,coal,0.0,0.0,0.0,0.0,0.0
p26021,gas,0.0,0.0,0.0,0.0,0.0
p26021,geothermal,0.0,0.0,0.0,0.0,0.0
p26021,h2,0.0,0.0,0.0,0.0,0.0
p26021,hydro,0.0,0.0,0.0,0.0,0.0
p26021,nuclear,0.0,0.0,0.0,0.0,0.0
p26021,pumped-hydro,0.0,0.0,0.0,0.0,0.0
p26021,pv,280.0,280.0,280.0,280.0,280.0
p26021,wind-ofs,0.0,0.0,0.0,0.0,0.0
p26021,wind-ons,0.0,0.0,0.0,0.0,0.0
p26023,battery,200.0,200.0,200.0,200.0,200.0
p26023,biomass,0.0,0.0,0.0,0.0,0.0
p26023,coal,0.0,0.0,0.0,0.0,0.0
p26023,gas,0.0,0.0,0.0,0.0,0.0
p26023,geothermal,0.0,0.0,0.0,0.0,0.0
p26023,h2,0.0,0.0,0.0,0.0,0.0
p26023,hydro,0.0,0.0,0.0,0.0,0.0
p26023,nuclear,0.0,0.0,0.0,0.0,0.0
p26023,pumped-hydro,0.0,0.0,0.0,0.0,0.0
p26023,pv,800.0,800.0,800.0,800.0,800.0
p26023,wind-ofs,0.0,0.0,0.0,0.0,0.0
p26023,wind-ons,0.0,0.0,0.0,0.0,0.0
p26025,battery,100.0,100.0,100.0,100.0,100.0
p26025,biomass,0.0,0.0,0.0,0.0,0.0
p26025,coal,0.0,0.0,0.0,0.0,0.0
p26025,gas,0.0,0.0,0.0,0.0,0.0
p26025,geothermal,0.0,0.0,0.0,0.0,0.0
p26025,h2,0.0,0.0,0.0,0.0,0.0
p26025,hydro,0.0,0.0,0.0,0.0,0.0
p26025,nuclear,0.0,0.0,0.0,0.0,0.0
p26025,pumped-hydro,0.0,0.0,0.0,0.0,0.0
p26025,pv,1822.95,1822.95,1822.95,1822.95,1822.95
p26025,wind-ofs,0.0,0.0,0.0,0.0,0.0
p26025,wind-ons,0.0,0.0,0.0,0.0,0.0
p26027,battery,150.0,150.0,150.0,150.0,150.0
p26027,biomass,0.0,0.0,0.0,0.0,0.0
p26027,coal,0.0,0.0,0.0,0.0,0.0
p26027,gas,0.0,0.0,0.0,0.0,0.0
p26027,geothermal,0.0,0.0,0.0,0.0,0.0
p26027,h2,0.0,0.0,0.0,0.0,0.0
p26027,hydro,0.0,0.0,0.0,0.0,0.0
p26027,nuclear,0.0,0.0,0.0,0.0,0.0
p26027,pumped-hydro,0.0,0.0,0.0,0.0,0.0
p26027,pv,525.1,525.1,525.1,525.1,525.1
p26027,wind-ofs,0.0,0.0,0.0,0.0,0.0
p26027,wind-ons,0.0,0.0,0.0,0.0,0.0
p26031,battery,100.0,100.0,100.0,100.0,100.0
p26031,biomass,0.0,0.0,0.0,0.0,0.0
p26031,coal,0.0,0.0,0.0,0.0,0.0
p26031,gas,0.0,0.0,0.0,0.0,0.0
p26031,geothermal,0.0,0.0,0.0,0.0,0.0
p26031,h2,0.0,0.0,0.0,0.0,0.0
p26031,hydro,0.0,0.0,0.0,0.0,0.0
p26031,nuclear,0.0,0.0,0.0,0.0,0.0
p26031,pumped-hydro,0.0,0.0,0.0,0.0,0.0
p26031,pv,301.8,301.8,301.8,301.8,301.8
p26031,wind-ofs,0.0,0.0,0.0,0.0,0.0
p26031,wind-ons,0.0,0.0,0.0,0.0,0.0
p26033,battery,0.0,0.0,0.0,0.0,0.0
p26033,biomass,0.0,0.0,0.0,0.0,0.0
p26033,coal,0.0,0.0,0.0,0.0,0.0
p26033,gas,0.0,0.0,0.0,0.0,0.0
p26033,geothermal,0.0,0.0,0.0,0.0,0.0
p26033,h2,0.0,0.0,0.0,0.0,0.0
p26033,hydro,0.0,0.0,0.0,0.0,0.0
p26033,nuclear,0.0,0.0,0.0,0.0,0.0
p26033,pumped-hydro,0.0,0.0,0.0,0.0,0.0
p26033,pv,100.0,100.0,100.0,100.0,100.0
p26033,wind-ofs,0.0,0.0,0.0,0.0,0.0
p26033,wind-ons,0.0,0.0,0.0,0.0,0.0
p26035,battery,0.0,0.0,0.0,0.0,0.0
p26035,biomass,0.0,0.0,0.0,0.0,0.0
p26035,coal,0.0,0.0,0.0,0.0,0.0
p26035,gas,0.0,0.0,0.0,0.0,0.0
p26035,geothermal,0.0,0.0,0.0,0.0,0.0
p26035,h2,0.0,0.0,0.0,0.0,0.0
p26035,hydro,0.0,0.0,0.0,0.0,0.0
p26035,nuclear,0.0,0.0,0.0,0.0,0.0
p26035,pumped-hydro,0.0,0.0,0.0,0.0,0.0
p26035,pv,225.0,225.0,225.0,225.0,225.0
p26035,wind-ofs,0.0,0.0,0.0,0.0,0.0
p26035,wind-ons,0.0,0.0,0.0,0.0,0.0
p26037,battery,45.0,45.0,45.0,45.0,45.0
p26037,biomass,0.0,0.0,0.0,0.0,0.0
p26037,coal,0.0,0.0,0.0,0.0,0.0
p26037,gas,0.0,0.0,0.0,0.0,0.0
p26037,geothermal,0.0,0.0,0.0,0.0,0.0
p26037,h2,0.0,0.0,0.0,0.0,0.0
p26037,hydro,0.0,0.0,0.0,0.0,0.0
p26037,nuclear,0.0,0.0,0.0,0.0,0.0
p26037,pumped-hydro,0.0,0.0,0.0,0.0,0.0
p26037,pv,450.0,450.0,450.0,450.0,450.0
p26037,wind-ofs,0.0,0.0,0.0,0.0,0.0
p26037,wind-ons,0.0,0.0,0.0,0.0,0.0
p26041,battery,0.0,0.0,0.0,0.0,0.0
p26041,biomass,0.0,0.0,0.0,0.0,0.0
p26041,coal,0.0,0.0,0.0,0.0,0.0
p26041,gas,0.0,0.0,0.0,0.0,0.0
p26041,geothermal,0.0,0.0,0.0,0.0,0.0
p26041,h2,0.0,0.0,0.0,0.0,0.0
p26041,hydro,0.0,0.0,0.0,0.0,0.0
p26041,nuclear,0.0,0.0,0.0,0.0,0.0
p26041,pumped-hydro,0.0,0.0,0.0,0.0,0.0
p26041,pv,150.0,150.0,150.0,150.0,150.0
p26041,wind-ofs,0.0,0.0,0.0,0.0,0.0
p26041,wind-ons,0.0,0.0,0.0,0.0,0.0
p26043,battery,50.0,50.0,50.0,50.0,50.0
p26043,biomass,0.0,0.0,0.0,0.0,0.0
p26043,coal,0.0,0.0,0.0,0.0,0.0
p26043,gas,0.0,0.0,0.0,0.0,0.0
p26043,geothermal,0.0,0.0,0.0,0.0,0.0
p26043,h2,0.0,0.0,0.0,0.0,0.0
p26043,hydro,0.0,0.0,0.0,0.0,0.0
p26043,nuclear,0.0,0.0,0.0,0.0,0.0
p26043,pumped-hydro,0.0,0.0,0.0,0.0,0.0
p26043,pv,260.0,260.0,260.0,260.0,260.0
p26043,wind-ofs,0.0,0.0,0.0,0.0,0.0
p26043,wind-ons,0.0,0.0,0.0,0.0,0.0
p26045,battery,250.0,250.0,250.0,250.0,250.0
p26045,biomass,0.0,0.0,0.0,0.0,0.0
p26045,coal,0.0,0.0,0.0,0.0,0.0
p26045,gas,0.0,0.0,0.0,0.0,0.0
p26045,geothermal,0.0,0.0,0.0,0.0,0.0
p26045,h2,0.0,0.0,0.0,0.0,0.0
p26045,hydro,0.0,0.0,0.0,0.0,0.0
p26045,nuclear,0.0,0.0,0.0,0.0,0.0
p26045,pumped-hydro,0.0,0.0,0.0,0.0,0.0
p26045,pv,50.0,50.0,50.0,50.0,50.0
p26045,wind-ofs,0.0,0.0,0.0,0.0,0.0
p26045,wind-ons,0.0,0.0,0.0,0.0,0.0
p26049,battery,450.0,450.0,450.0,450.0,450.0
p26049,biomass,0.0,0.0,0.0,0.0,0.0
p26049,coal,0.0,0.0,0.0,0.0,0.0
p26049,gas,0.0,0.0,0.0,0.0,0.0
p26049,geothermal,0.0,0.0,0.0,0.0,0.0
p26049,h2,0.0,0.0,0.0,0.0,0.0
p26049,hydro,0.0,0.0,0.0,0.0,0.0
p26049,nuclear,0.0,0.0,0.0,0.0,0.0
p26049,pumped-hydro,0.0,0.0,0.0,0.0,0.0
p26049,pv,350.0,350.0,350.0,350.0,350.0
p26049,wind-ofs,0.0,0.0,0.0,0.0,0.0
p26049,wind-ons,0.0,0.0,0.0,0.0,0.0
p26051,battery,25.0,25.0,25.0,25.0,25.0
p26051,biomass,0.0,0.0,0.0,0.0,0.0
p26051,coal,0.0,0.0,0.0,0.0,0.0
p26051,gas,0.0,0.0,0.0,0.0,0.0
p26051,geothermal,0.0,0.0,0.0,0.0,0.0
p26051,h2,0.0,0.0,0.0,0.0,0.0
p26051,hydro,0.0,0.0,0.0,0.0,0.0
p26051,nuclear,0.0,0.0,0.0,0.0,0.0
p26051,pumped-hydro,0.0,0.0,0.0,0.0,0.0
p26051,pv,470.0,470.0,470.0,470.0,470.0
p26051,wind-ofs,0.0,0.0,0.0,0.0,0.0
p26051,wind-ons,0.0,0.0,0.0,0.0,0.0
p26055,battery,0.0,0.0,0.0,0.0,0.0
p26055,biomass,0.0,0.0,0.0,0.0,0.0
p26055,coal,0.0,0.0,0.0,0.0,0.0
p26055,gas,0.0,0.0,0.0,0.0,0.0
p26055,geothermal,0.0,0.0,0.0,0.0,0.0
p26055,h2,0.0,0.0,0.0,0.0,0.0
p26055,hydro,0.0,0.0,0.0,0.0,0.0
p26055,nuclear,0.0,0.0,0.0,0.0,0.0
p26055,pumped-hydro,0.0,0.0,0.0,0.0,0.0
p26055,pv,135.0,135.0,135.0,135.0,135.0
p26055,wind-ofs,0.0,0.0,0.0,0.0,0.0
p26055,wind-ons,0.0,0.0,0.0,0.0,0.0
p26057,battery,620.0,620.0,620.0,620.0,620.0
p26057,biomass,0.0,0.0,0.0,0.0,0.0
p26057,coal,0.0,0.0,0.0,0.0,0.0
p26057,gas,0.0,0.0,0.0,0.0,0.0
p26057,geothermal,0.0,0.0,0.0,0.0,0.0
p26057,h2,0.0,0.0,0.0,0.0,0.0
p26057,hydro,0.0,0.0,0.0,0.0,0.0
p26057,nuclear,0.0,0.0,0.0,0.0,0.0
p26057,pumped-hydro,0.0,0.0,0.0,0.0,0.0
p26057,pv,360.0,360.0,360.0,360.0,360.0
p26057,wind-ofs,0.0,0.0,0.0,0.0,0.0
p26057,wind-ons,400.0,400.0,400.0,400.0,400.0
p26059,battery,0.0,0.0,0.0,0.0,0.0
p26059,biomass,0.0,0.0,0.0,0.0,0.0
p26059,coal,0.0,0.0,0.0,0.0,0.0
p26059,gas,0.0,0.0,0.0,0.0,0.0
p26059,geothermal,0.0,0.0,0.0,0.0,0.0
p26059,h2,0.0,0.0,0.0,0.0,0.0
p26059,hydro,0.0,0.0,0.0,0.0,0.0
p26059,nuclear,0.0,0.0,0.0,0.0,0.0
p26059,pumped-hydro,0.0,0.0,0.0,0.0,0.0
p26059,pv,530.0,530.0,530.0,530.0,530.0
p26059,wind-ofs,0.0,0.0,0.0,0.0,0.0
p26059,wind-ons,16.1,16.1,16.1,16.1,16.1
p26061,battery,0.0,0.0,0.0,0.0,0.0
p26061,biomass,0.0,0.0,0.0,0.0,0.0
p26061,coal,0.0,0.0,0.0,0.0,0.0
p26061,gas,0.0,0.0,0.0,0.0,0.0
p26061,geothermal,0.0,0.0,0.0,0.0,0.0
p26061,h2,0.0,0.0,0.0,0.0,0.0
p26061,hydro,0.0,0.0,0.0,0.0,0.0
p26061,nuclear,0.0,0.0,0.0,0.0,0.0
p26061,pumped-hydro,0.0,0.0,0.0,0.0,0.0
p26061,pv,200.0,200.0,200.0,200.0,200.0
p26061,wind-ofs,0.0,0.0,0.0,0.0,0.0
p26061,wind-ons,0.0,0.0,0.0,0.0,0.0
p26063,battery,850.0,850.0,850.0,850.0,850.0
p26063,biomass,0.0,0.0,0.0,0.0,0.0
p26063,coal,0.0,0.0,0.0,0.0,0.0
p26063,gas,0.0,0.0,0.0,0.0,0.0
p26063,geothermal,0.0,0.0,0.0,0.0,0.0
p26063,h2,0.0,0.0,0.0,0.0,0.0
p26063,hydro,0.0,0.0,0.0,0.0,0.0
p26063,nuclear,0.0,0.0,0.0,0.0,0.0
p26063,pumped-hydro,0.0,0.0,0.0,0.0,0.0
p26063,pv,550.0,550.0,550.0,550.0,550.0
p26063,wind-ofs,0.0,0.0,0.0,0.0,0.0
p26063,wind-ons,150.0,150.0,150.0,150.0,150.0
p26065,battery,100.0,100.0,100.0,100.0,100.0
p26065,biomass,0.0,0.0,0.0,0.0,0.0
p26065,coal,0.0,0.0,0.0,0.0,0.0
p26065,gas,0.0,0.0,0.0,0.0,0.0
p26065,geothermal,0.0,0.0,0.0,0.0,0.0
p26065,h2,0.0,0.0,0.0,0.0,0.0
p26065,hydro,0.0,0.0,0.0,0.0,0.0
p26065,nuclear,0.0,0.0,0.0,0.0,0.0
p26065,pumped-hydro,0.0,0.0,0.0,0.0,0.0
p26065,pv,315.0,315.0,315.0,315.0,315.0
p26065,wind-ofs,0.0,0.0,0.0,0.0,0.0
p26065,wind-ons,0.0,0.0,0.0,0.0,0.0
p26067,battery,200.0,200.0,200.0,200.0,200.0
p26067,biomass,0.0,0.0,0.0,0.0,0.0
p26067,coal,0.0,0.0,0.0,0.0,0.0
p26067,gas,0.0,0.0,0.0,0.0,0.0
p26067,geothermal,0.0,0.0,0.0,0.0,0.0
p26067,h2,0.0,0.0,0.0,0.0,0.0
p26067,hydro,0.0,0.0,0.0,0.0,0.0
p26067,nuclear,0.0,0.0,0.0,0.0,0.0
p26067,pumped-hydro,0.0,0.0,0.0,0.0,0.0
p26067,pv,850.0,850.0,850.0,850.0,850.0
p26067,wind-ofs,0.0,0.0,0.0,0.0,0.0
p26067,wind-ons,396.0,396.0,396.0,396.0,396.0
p26069,battery,0.0,0.0,0.0,0.0,0.0
p26069,biomass,0.0,0.0,0.0,0.0,0.0
p26069,coal,0.0,0.0,0.0,0.0,0.0
p26069,gas,0.0,0.0,0.0,0.0,0.0
p26069,geothermal,0.0,0.0,0.0,0.0,0.0
p26069,h2,0.0,0.0,0.0,0.0,0.0
p26069,hydro,0.0,0.0,0.0,0.0,0.0
p26069,nuclear,0.0,0.0,0.0,0.0,0.0
p26069,pumped-hydro,0.0,0.0,0.0,0.0,0.0
p26069,pv,100.0,100.0,100.0,100.0,100.0
p26069,wind-ofs,0.0,0.0,0.0,0.0,0.0
p26069,wind-ons,0.0,0.0,0.0,0.0,0.0
p26073,battery,0.0,0.0,0.0,0.0,0.0
p26073,biomass,0.0,0.0,0.0,0.0,0.0
p26073,coal,0.0,0.0,0.0,0.0,0.0
p26073,gas,0.0,0.0,0.0,0.0,0.0
p26073,geothermal,0.0,0.0,0.0,0.0,0.0
p26073,h2,0.0,0.0,0.0,0.0,0.0
p26073,hydro,0.0,0.0,0.0,0.0,0.0
p26073,nuclear,0.0,0.0,0.0,0.0,0.0
p26073,pumped-hydro,0.0,0.0,0.0,0.0,0.0
p26073,pv,180.0,180.0,180.0,180.0,180.0
p26073,wind-ofs,0.0,0.0,0.0,0.0,0.0
p26073,wind-ons,0.0,0.0,0.0,0.0,0.0
p26075,battery,370.0,370.0,370.0,370.0,370.0
p26075,biomass,0.0,0.0,0.0,0.0,0.0
p26075,coal,0.0,0.0,0.0,0.0,0.0
p26075,gas,0.0,0.0,0.0,0.0,0.0
p26075,geothermal,0.0,0.0,0.0,0.0,0.0
p26075,h2,0.0,0.0,0.0,0.0,0.0
p26075,hydro,0.0,0.0,0.0,0.0,0.0
p26075,nuclear,0.0,0.0,0.0,0.0,0.0
p26075,pumped-hydro,0.0,0.0,0.0,0.0,0.0
p26075,pv,450.0,450.0,450.0,450.0,450.0
p26075,wind-ofs,0.0,0.0,0.0,0.0,0.0
p26075,wind-ons,0.0,0.0,0.0,0.0,0.0
p26077,battery,665.0,665.0,665.0,665.0,665.0
p26077,biomass,0.0,0.0,0.0,0.0,0.0
p26077,coal,0.0,0.0,0.0,0.0,0.0
p26077,gas,0.0,0.0,0.0,0.0,0.0
p26077,geothermal,0.0,0.0,0.0,0.0,0.0
p26077,h2,0.0,0.0,0.0,0.0,0.0
p26077,hydro,0.0,0.0,0.0,0.0,0.0
p26077,nuclear,0.0,0.0,0.0,0.0,0.0
p26077,pumped-hydro,0.0,0.0,0.0,0.0,0.0
p26077,pv,220.0,220.0,220.0,220.0,220.0
p26077,wind-ofs,0.0,0.0,0.0,0.0,0.0
p26077,wind-ons,0.0,0.0,0.0,0.0,0.0
p26079,battery,0.0,0.0,0.0,0.0,0.0
p26079,biomass,0.0,0.0,0.0,0.0,0.0
p26079,coal,0.0,0.0,0.0,0.0,0.0
p26079,gas,13.4,13.4,13.4,13.4,13.4
p26079,geothermal,0.0,0.0,0.0,0.0,0.0
p26079,h2,0.0,0.0,0.0,0.0,0.0
p26079,hydro,0.0,0.0,0.0,0.0,0.0
p26079,nuclear,0.0,0.0,0.0,0.0,0.0
p26079,pumped-hydro,0.0,0.0,0.0,0.0,0.0
p26079,pv,0.0,0.0,0.0,0.0,0.0
p26079,wind-ofs,0.0,0.0,0.0,0.0,0.0
p26079,wind-ons,0.0,0.0,0.0,0.0,0.0
p26081,battery,450.0,450.0,450.0,450.0,450.0
p26081,biomass,0.0,0.0,0.0,0.0,0.0
p26081,coal,0.0,0.0,0.0,0.0,0.0
p26081,gas,0.0,0.0,0.0,0.0,0.0
p26081,geothermal,0.0,0.0,0.0,0.0,0.0
p26081,h2,0.0,0.0,0.0,0.0,0.0
p26081,hydro,0.0,0.0,0.0,0.0,0.0
p26081,nuclear,0.0,0.0,0.0,0.0,0.0
p26081,pumped-hydro,0.0,0.0,0.0,0.0,0.0
p26081,pv,0.0,0.0,0.0,0.0,0.0
p26081,wind-ofs,0.0,0.0,0.0,0.0,0.0
p26081,wind-ons,0.0,0.0,0.0,0.0,0.0
p26087,battery,0.0,0.0,0.0,0.0,0.0
p26087,biomass,0.0,0.0,0.0,0.0,0.0
p26087,coal,0.0,0.0,0.0,0.0,0.0
p26087,gas,0.0,0.0,0.0,0.0,0.0
p26087,geothermal,0.0,0.0,0.0,0.0,0.0
p26087,h2,0.0,0.0,0.0,0.0,0.0
p26087,hydro,0.0,0.0,0.0,0.0,0.0
p26087,nuclear,0.0,0.0,0.0,0.0,0.0
p26087,pumped-hydro,0.0,0.0,0.0,0.0,0.0
p26087,pv,300.0,300.0,300.0,300.0,300.0
p26087,wind-ofs,0.0,0.0,0.0,0.0,0.0
p26087,wind-ons,300.0,300.0,300.0,300.0,300.0
p26091,battery,210.0,210.0,210.0,210.0,210.0
p26091,biomass,0.0,0.0,0.0,0.0,0.0
p26091,coal,0.0,0.0,0.0,0.0,0.0
p26091,gas,0.0,0.0,0.0,0.0,0.0
p26091,geothermal,0.0,0.0,0.0,0.0,0.0
p26091,h2,0.0,0.0,0.0,0.0,0.0
p26091,hydro,0.0,0.0,0.0,0.0,0.0
p26091,nuclear,0.0,0.0,0.0,0.0,0.0
p26091,pumped-hydro,0.0,0.0,0.0,0.0,0.0
p26091,pv,1080.0,1080.0,1080.0,1080.0,1080.0
p26091,wind-ofs,0.0,0.0,0.0,0.0,0.0
p26091,wind-ons,263.0,263.0,263.0,263.0,263.0
p26093,battery,175.0,175.0,175.0,175.0,175.0
p26093,biomass,0.0,0.0,0.0,0.0,0.0
p26093,coal,0.0,0.0,0.0,0.0,0.0
p26093,gas,1452.0,1452.0,1452.0,1452.0,1452.0
p26093,geothermal,0.0,0.0,0.0,0.0,0.0
p26093,h2,0.0,0.0,0.0,0.0,0.0
p26093,hydro,0.0,0.0,0.0,0.0,0.0
p26093,nuclear,0.0,0.0,0.0,0.0,0.0
p26093,pumped-hydro,0.0,0.0,0.0,0.0,0.0
p26093,pv,860.0,860.0,860.0,860.0,860.0
p26093,wind-ofs,0.0,0.0,0.0,0.0,0.0
p26093,wind-ons,0.0,0.0,0.0,0.0,0.0
p26097,battery,0.0,0.0,0.0,0.0,0.0
p26097,biomass,0.0,0.0,0.0,0.0,0.0
p26097,coal,0.0,0.0,0.0,0.0,0.0
p26097,gas,0.0,0.0,0.0,0.0,0.0
p26097,geothermal,0.0,0.0,0.0,0.0,0.0
p26097,h2,0.0,0.0,0.0,0.0,0.0
p26097,hydro,0.0,0.0,0.0,0.0,0.0
p26097,nuclear,0.0,0.0,0.0,0.0,0.0
p26097,pumped-hydro,0.0,0.0,0.0,0.0,0.0
p26097,pv,160.0,160.0,160.0,160.0,160.0
p26097,wind-ofs,0.0,0.0,0.0,0.0,0.0
p26097,wind-ons,0.0,0.0,0.0,0.0,0.0
p26099,battery,490.0,490.0,490.0,490.0,490.0
p26099,biomass,0.0,0.0,0.0,0.0,0.0
p26099,coal,0.0,0.0,0.0,0.0,0.0
p26099,gas,0.0,0.0,0.0,0.0,0.0
p26099,geothermal,0.0,0.0,0.0,0.0,0.0
p26099,h2,0.0,0.0,0.0,0.0,0.0
p26099,hydro,0.0,0.0,0.0,0.0,0.0
p26099,nuclear,0.0,0.0,0.0,0.0,0.0
p26099,pumped-hydro,0.0,0.0,0.0,0.0,0.0
p26099,pv,0.0,0.0,0.0,0.0,0.0
p26099,wind-ofs,0.0,0.0,0.0,0.0,0.0
p26099,wind-ons,0.0,0.0,0.0,0.0,0.0
p26101,battery,0.0,0.0,0.0,0.0,0.0
p26101,biomass,0.0,0.0,0.0,0.0,0.0
p26101,coal,0.0,0.0,0.0,0.0,0.0
p26101,gas,300.0,300.0,300.0,300.0,300.0
p26101,geothermal,0.0,0.0,0.0,0.0,0.0
p26101,h2,0.0,0.0,0.0,0.0,0.0
p26101,hydro,0.0,0.0,0.0,0.0,0.0
p26101,nuclear,0.0,0.0,0.0,0.0,0.0
p26101,pumped-hydro,0.0,0.0,0.0,0.0,0.0
p26101,pv,0.0,0.0,0.0,0.0,0.0
p26101,wind-ofs,0.0,0.0,0.0,0.0,0.0
p26101,wind-ons,0.0,0.0,0.0,0.0,0.0
p26103,battery,0.0,0.0,0.0,0.0,0.0
p26103,biomass,0.0,0.0,0.0,0.0,0.0
p26103,coal,0.0,0.0,0.0,0.0,0.0
p26103,gas,4.2,4.2,4.2,4.2,4.2
p26103,geothermal,0.0,0.0,0.0,0.0,0.0
p26103,h2,0.0,0.0,0.0,0.0,0.0
p26103,hydro,0.0,0.0,0.0,0.0,0.0
p26103,nuclear,0.0,0.0,0.0,0.0,0.0
p26103,pumped-hydro,0.0,0.0,0.0,0.0,0.0
p26103,pv,312.2,312.2,312.2,312.2,312.2
p26103,wind-ofs,0.0,0.0,0.0,0.0,0.0
p26103,wind-ons,170.0,170.0,170.0,170.0,170.0
p26105,battery,200.0,200.0,200.0,200.0,200.0
p26105,biomass,0.0,0.0,0.0,0.0,0.0
p26105,coal,0.0,0.0,0.0,0.0,0.0
p26105,gas,15.0,15.0,15.0,15.0,15.0
p26105,geothermal,0.0,0.0,0.0,0.0,0.0
p26105,h2,0.0,0.0,0.0,0.0,0.0
p26105,hydro,0.0,0.0,0.0,0.0,0.0
p26105,nuclear,0.0,0.0,0.0,0.0,0.0
p26105,pumped-hydro,0.0,0.0,0.0,0.0,0.0
p26105,pv,985.0,985.0,985.0,985.0,985.0
p26105,wind-ofs,0.0,0.0,0.0,0.0,0.0
p26105,wind-ons,0.0,0.0,0.0,0.0,0.0
p26111,battery,150.0,150.0,150.0,150.0,150.0
p26111,biomass,0.0,0.0,0.0,0.0,0.0
p26111,coal,0.0,0.0,0.0,0.0,0.0
p26111,gas,300.0,300.0,300.0,300.0,300.0
p26111,geothermal,0.0,0.0,0.0,0.0,0.0
p26111,h2,0.0,0.0,0.0,0.0,0.0
p26111,hydro,0.0,0.0,0.0,0.0,0.0
p26111,nuclear,0.0,0.0,0.0,0.0,0.0
p26111,pumped-hydro,0.0,0.0,0.0,0.0,0.0
p26111,pv,526.0,526.0,526.0,526.0,526.0
p26111,wind-ofs,0.0,0.0,0.0,0.0,0.0
p26111,wind-ons,0.0,0.0,0.0,0.0,0.0
p26115,battery,450.0,450.0,450.0,450.0,450.0
p26115,biomass,0.0,0.0,0.0,0.0,0.0
p26115,coal,0.0,0.0,0.0,0.0,0.0
p26115,gas,0.0,0.0,0.0,0.0,0.0
p26115,geothermal,0.0,0.0,0.0,0.0,0.0
p26115,h2,0.0,0.0,0.0,0.0,0.0
p26115,hydro,0.0,0.0,0.0,0.0,0.0
p26115,nuclear,0.0,0.0,0.0,0.0,0.0
p26115,pumped-hydro,0.0,0.0,0.0,0.0,0.0
p26115,pv,500.0,500.0,500.0,500.0,500.0
p26115,wind-ofs,0.0,0.0,0.0,0.0,0.0
p26115,wind-ons,0.0,0.0,0.0,0.0,0.0
p26117,battery,375.0,375.0,375.0,375.0,375.0
p26117,biomass,0.0,0.0,0.0,0.0,0.0
p26117,coal,0.0,0.0,0.0,0.0,0.0
p26117,gas,0.0,0.0,0.0,0.0,0.0
p26117,geothermal,0.0,0.0,0.0,0.0,0.0
p26117,h2,0.0,0.0,0.0,0.0,0.0
p26117,hydro,0.0,0.0,0.0,0.0,0.0
p26117,nuclear,0.0,0.0,0.0,0.0,0.0
p26117,pumped-hydro,0.0,0.0,0.0,0.0,0.0
p26117,pv,672.0,672.0,672.0,672.0,672.0
p26117,wind-ofs,0.0,0.0,0.0,0.0,0.0
p26117,wind-ons,0.0,0.0,0.0,0.0,0.0
p26121,battery,200.0,200.0,200.0,200.0,200.0
p26121,biomass,0.0,0.0,0.0,0.0,0.0
p26121,coal,0.0,0.0,0.0,0.0,0.0
p26121,gas,0.0,0.0,0.0,0.0,0.0
p26121,geothermal,0.0,0.0,0.0,0.0,0.0
p26121,h2,0.0,0.0,0.0,0.0,0.0
p26121,hydro,0.0,0.0,0.0,0.0,0.0
p26121,nuclear,0.0,0.0,0.0,0.0,0.0
p26121,pumped-hydro,0.0,0.0,0.0,0.0,0.0
p26121,pv,600.0,600.0,600.0,600.0,600.0
p26121,wind-ofs,0.0,0.0,0.0,0.0,0.0
p26121,wind-ons,0.0,0.0,0.0,0.0,0.0
p26123,battery,0.0,0.0,0.0,0.0,0.0
p26123,biomass,0.0,0.0,0.0,0.0,0.0
p26123,coal,0.0,0.0,0.0,0.0,0.0
p26123,gas,0.0,0.0,0.0,0.0,0.0
p26123,geothermal,0.0,0.0,0.0,0.0,0.0
p26123,h2,0.0,0.0,0.0,0.0,0.0
p26123,hydro,0.0,0.0,0.0,0.0,0.0
p26123,nuclear,0.0,0.0,0.0,0.0,0.0
p26123,pumped-hydro,0.0,0.0,0.0,0.0,0.0
p26123,pv,220.0,220.0,220.0,220.0,220.0
p26123,wind-ofs,0.0,0.0,0.0,0.0,0.0
p26123,wind-ons,0.0,0.0,0.0,0.0,0.0
p26125,battery,450.0,450.0,450.0,450.0,450.0
p26125,biomass,0.0,0.0,0.0,0.0,0.0
p26125,coal,0.0,0.0,0.0,0.0,0.0
p26125,gas,0.0,0.0,0.0,0.0,0.0
p26125,geothermal,0.0,0.0,0.0,0.0,0.0
p26125,h2,0.0,0.0,0.0,0.0,0.0
p26125,hydro,0.0,0.0,0.0,0.0,0.0
p26125,nuclear,0.0,0.0,0.0,0.0,0.0
p26125,pumped-hydro,0.0,0.0,0.0,0.0,0.0
p26125,pv,0.0,0.0,0.0,0.0,0.0
p26125,wind-ofs,0.0,0.0,0.0,0.0,0.0
p26125,wind-ons,0.0,0.0,0.0,0.0,0.0
p26127,battery,0.0,0.0,0.0,0.0,0.0
p26127,biomass,0.0,0.0,0.0,0.0,0.0
p26127,coal,0.0,0.0,0.0,0.0,0.0
p26127,gas,0.0,0.0,0.0,0.0,0.0
p26127,geothermal,0.0,0.0,0.0,0.0,0.0
p26127,h2,0.0,0.0,0.0,0.0,0.0
p26127,hydro,0.0,0.0,0.0,0.0,0.0
p26127,nuclear,0.0,0.0,0.0,0.0,0.0
p26127,pumped-hydro,0.0,0.0,0.0,0.0,0.0
p26127,pv,200.0,200.0,200.0,200.0,200.0
p26127,wind-ofs,0.0,0.0,0.0,0.0,0.0
p26127,wind-ons,0.0,0.0,0.0,0.0,0.0
p26129,battery,0.0,0.0,0.0,0.0,0.0
p26129,biomass,0.0,0.0,0.0,0.0,0.0
p26129,coal,0.0,0.0,0.0,0.0,0.0
p26129,gas,0.0,0.0,0.0,0.0,0.0
p26129,geothermal,0.0,0.0,0.0,0.0,0.0
p26129,h2,0.0,0.0,0.0,0.0,0.0
p26129,hydro,0.0,0.0,0.0,0.0,0.0
p26129,nuclear,0.0,0.0,0.0,0.0,0.0
p26129,pumped-hydro,0.0,0.0,0.0,0.0,0.0
p26129,pv,925.8,925.8,925.8,925.8,925.8
p26129,wind-ofs,0.0,0.0,0.0,0.0,0.0
p26129,wind-ons,0.0,0.0,0.0,0.0,0.0
p26133,battery,0.0,0.0,0.0,0.0,0.0
p26133,biomass,0.0,0.0,0.0,0.0,0.0
p26133,coal,0.0,0.0,0.0,0.0,0.0
p26133,gas,0.0,0.0,0.0,0.0,0.0
p26133,geothermal,0.0,0.0,0.0,0.0,0.0
p26133,h2,0.0,0.0,0.0,0.0,0.0
p26133,hydro,0.0,0.0,0.0,0.0,0.0
p26133,nuclear,0.0,0.0,0.0,0.0,0.0
p26133,pumped-hydro,0.0,0.0,0.0,0.0,0.0
p26133,pv,250.0,250.0,250.0,250.0,250.0
p26133,wind-ofs,0.0,0.0,0.0,0.0,0.0
p26133,wind-ons,0.0,0.0,0.0,0.0,0.0
p26137,battery,560.0,560.0,560.0,560.0,560.0
p26137,biomass,0.0,0.0,0.0,0.0,0.0
p26137,coal,0.0,0.0,0.0,0.0,0.0
p26137,gas,90.0,90.0,90.0,90.0,90.0
p26137,geothermal,0.0,0.0,0.0,0.0,0.0
p26137,h2,0.0,0.0,0.0,0.0,0.0
p26137,hydro,0.0,0.0,0.0,0.0,0.0
p26137,nuclear,0.0,0.0,0.0,0.0,0.0
p26137,pumped-hydro,0.0,0.0,0.0,0.0,0.0
p26137,pv,443.0,443.0,443.0,443.0,443.0
p26137,wind-ofs,0.0,0.0,0.0,0.0,0.0
p26137,wind-ons,0.0,0.0,0.0,0.0,0.0
p26139,battery,850.0,850.0,850.0,850.0,850.0
p26139,biomass,0.0,0.0,0.0,0.0,0.0
p26139,coal,0.0,0.0,0.0,0.0,0.0
p26139,gas,0.0,0.0,0.0,0.0,0.0
p26139,geothermal,0.0,0.0,0.0,0.0,0.0
p26139,h2,0.0,0.0,0.0,0.0,0.0
p26139,hydro,0.0,0.0,0.0,0.0,0.0
p26139,nuclear,0.0,0.0,0.0,0.0,0.0
p26139,pumped-hydro,0.0,0.0,0.0,0.0,0.0
p26139,pv,400.0,400.0,400.0,400.0,400.0
p26139,wind-ofs,0.0,0.0,0.0,0.0,0.0
p26139,wind-ons,0.0,0.0,0.0,0.0,0.0
p26141,battery,0.0,0.0,0.0,0.0,0.0
p26141,biomass,0.0,0.0,0.0,0.0,0.0
p26141,coal,0.0,0.0,0.0,0.0,0.0
p26141,gas,0.0,0.0,0.0,0.0,0.0
p26141,geothermal,0.0,0.0,0.0,0.0,0.0
p26141,h2,0.0,0.0,0.0,0.0,0.0
p26141,hydro,0.0,0.0,0.0,0.0,0.0
p26141,nuclear,0.0,0.0,0.0,0.0,0.0
p26141,pumped-hydro,0.0,0.0,0.0,0.0,0.0
p26141,pv,300.0,300.0,300.0,300.0,300.0
p26141,wind-ofs,0.0,0.0,0.0,0.0,0.0
p26141,wind-ons,251.5,251.5,251.5,251.5,251.5
p26143,battery,100.0,100.0,100.0,100.0,100.0
p26143,biomass,0.0,0.0,0.0,0.0,0.0
p26143,coal,0.0,0.0,0.0,0.0,0.0
p26143,gas,0.0,0.0,0.0,0.0,0.0
p26143,geothermal,0.0,0.0,0.0,0.0,0.0
p26143,h2,0.0,0.0,0.0,0.0,0.0
p26143,hydro,0.0,0.0,0.0,0.0,0.0
p26143,nuclear,0.0,0.0,0.0,0.0,0.0
p26143,pumped-hydro,0.0,0.0,0.0,0.0,0.0
p26143,pv,115.0,115.0,115.0,115.0,115.0
p26143,wind-ofs,0.0,0.0,0.0,0.0,0.0
p26143,wind-ons,0.0,0.0,0.0,0.0,0.0
p26145,battery,900.0,900.0,900.0,900.0,900.0
p26145,biomass,0.0,0.0,0.0,0.0,0.0
p26145,coal,0.0,0.0,0.0,0.0,0.0
p26145,gas,0.0,0.0,0.0,0.0,0.0
p26145,geothermal,0.0,0.0,0.0,0.0,0.0
p26145,h2,0.0,0.0,0.0,0.0,0.0
p26145,hydro,0.0,0.0,0.0,0.0,0.0
p26145,nuclear,0.0,0.0,0.0,0.0,0.0
p26145,pumped-hydro,0.0,0.0,0.0,0.0,0.0
p26145,pv,1645.0,1645.0,1645.0,1645.0,1645.0
p26145,wind-ofs,0.0,0.0,0.0,0.0,0.0
p26145,wind-ons,0.0,0.0,0.0,0.0,0.0
p26147,battery,910.0,910.0,910.0,910.0,910.0
p26147,biomass,0.0,0.0,0.0,0.0,0.0
p26147,coal,0.0,0.0,0.0,0.0,0.0
p26147,gas,0.0,0.0,0.0,0.0,0.0
p26147,geothermal,0.0,0.0,0.0,0.0,0.0
p26147,h2,0.0,0.0,0.0,0.0,0.0
p26147,hydro,0.0,0.0,0.0,0.0,0.0
p26147,nuclear,0.0,0.0,0.0,0.0,0.0
p26147,pumped-hydro,0.0,0.0,0.0,0.0,0.0
p26147,pv,600.0,600.0,600.0,600.0,600.0
p26147,wind-ofs,0.0,0.0,0.0,0.0,0.0
p26147,wind-ons,0.0,0.0,0.0,0.0,0.0
p26149,battery,0.0,0.0,0.0,0.0,0.0
p26149,biomass,0.0,0.0,0.0,0.0,0.0
p26149,coal,0.0,0.0,0.0,0.0,0.0
p26149,gas,0.0,0.0,0.0,0.0,0.0
p26149,geothermal,0.0,0.0,0.0,0.0,0.0
p26149,h2,0.0,0.0,0.0,0.0,0.0
p26149,hydro,0.0,0.0,0.0,0.0,0.0
p26149,nuclear,0.0,0.0,0.0,0.0,0.0
p26149,pumped-hydro,0.0,0.0,0.0,0.0,0.0
p26149,pv,486.0,486.0,486.0,486.0,486.0
p26149,wind-ofs,0.0,0.0,0.0,0.0,0.0
p26149,wind-ons,0.0,0.0,0.0,0.0,0.0
p26151,battery,0.0,0.0,0.0,0.0,0.0
p26151,biomass,0.0,0.0,0.0,0.0,0.0
p26151,coal,0.0,0.0,0.0,0.0,0.0
p26151,gas,0.0,0.0,0.0,0.0,0.0
p26151,geothermal,0.0,0.0,0.0,0.0,0.0
p26151,h2,0.0,0.0,0.0,0.0,0.0
p26151,hydro,0.0,0.0,0.0,0.0,0.0
p26151,nuclear,0.0,0.0,0.0,0.0,0.0
p26151,pumped-hydro,0.0,0.0,0.0,0.0,0.0
p26151,pv,1400.0,1400.0,1400.0,1400.0,1400.0
p26151,wind-ofs,0.0,0.0,0.0,0.0,0.0
p26151,wind-ons,515.08,515.08,515.08,515.08,515.08
p26155,battery,0.0,0.0,0.0,0.0,0.0
p26155,biomass,0.0,0.0,0.0,0.0,0.0
p26155,coal,0.0,0.0,0.0,0.0,0.0
p26155,gas,0.0,0.0,0.0,0.0,0.0
p26155,geothermal,0.0,0.0,0.0,0.0,0.0
p26155,h2,0.0,0.0,0.0,0.0,0.0
p26155,hydro,0.0,0.0,0.0,0.0,0.0
p26155,nuclear,0.0,0.0,0.0,0.0,0.0
p26155,pumped-hydro,0.0,0.0,0.0,0.0,0.0
p26155,pv,370.0,370.0,370.0,370.0,370.0
p26155,wind-ofs,0.0,0.0,0.0,0.0,0.0
p26155,wind-ons,780.0,780.0,780.0,780.0,780.0
p26157,battery,200.0,200.0,200.0,200.0,200.0
p26157,biomass,0.0,0.0,0.0,0.0,0.0
p26157,coal,0.0,0.0,0.0,0.0,0.0
p26157,gas,0.0,0.0,0.0,0.0,0.0
p26157,geothermal,0.0,0.0,0.0,0.0,0.0
p26157,h2,0.0,0.0,0.0,0.0,0.0
p26157,hydro,0.0,0.0,0.0,0.0,0.0
p26157,nuclear,0.0,0.0,0.0,0.0,0.0
p26157,pumped-hydro,0.0,0.0,0.0,0.0,0.0
p26157,pv,665.0,665.0,665.0,665.0,665.0
p26157,wind-ofs,0.0,0.0,0.0,0.0,0.0
p26157,wind-ons,217.3,217.3,217.3,217.3,217.3
p26159,battery,1027.2,1027.2,1027.2,1027.2,1027.2
p26159,biomass,0.0,0.0,0.0,0.0,0.0
p26159,coal,0.0,0.0,0.0,0.0,0.0
p26159,gas,0.0,0.0,0.0,0.0,0.0
p26159,geothermal,0.0,0.0,0.0,0.0,0.0
p26159,h2,0.0,0.0,0.0,0.0,0.0
p26159,hydro,0.0,0.0,0.0,0.0,0.0
p26159,nuclear,0.0,0.0,0.0,0.0,0.0
p26159,pumped-hydro,0.0,0.0,0.0,0.0,0.0
p26159,pv,1506.5,1506.5,1506.5,1506.5,1506.5
p26159,wind-ofs,0.0,0.0,0.0,0.0,0.0
p26159,wind-ons,0.0,0.0,0.0,0.0,0.0
p26161,battery,720.0,720.0,720.0,720.0,720.0
p26161,biomass,0.0,0.0,0.0,0.0,0.0
p26161,coal,0.0,0.0,0.0,0.0,0.0
p26161,gas,0.0,0.0,0.0,0.0,0.0
p26161,geothermal,0.0,0.0,0.0,0.0,0.0
p26161,h2,0.0,0.0,0.0,0.0,0.0
p26161,hydro,0.0,0.0,0.0,0.0,0.0
p26161,nuclear,0.0,0.0,0.0,0.0,0.0
p26161,pumped-hydro,0.0,0.0,0.0,0.0,0.0
p26161,pv,789.0,789.0,789.0,789.0,789.0
p26161,wind-ofs,0.0,0.0,0.0,0.0,0.0
p26161,wind-ons,0.0,0.0,0.0,0.0,0.0
p26163,battery,800.0,800.0,800.0,800.0,800.0
p26163,biomass,0.0,0.0,0.0,0.0,0.0
p26163,coal,0.0,0.0,0.0,0.0,0.0
p26163,gas,50.0,50.0,50.0,50.0,50.0
p26163,geothermal,0.0,0.0,0.0,0.0,0.0
p26163,h2,0.0,0.0,0.0,0.0,0.0
p26163,hydro,0.0,0.0,0.0,0.0,0.0
p26163,nuclear,0.0,0.0,0.0,0.0,0.0
p26163,pumped-hydro,0.0,0.0,0.0,0.0,0.0
p26163,pv,0.0,0.0,0.0,0.0,0.0
p26163,wind-ofs,0.0,0.0,0.0,0.0,0.0
p26163,wind-ons,0.0,0.0,0.0,0.0,0.0
p26165,battery,200.0,200.0,200.0,200.0,200.0
p26165,biomass,0.0,0.0,0.0,0.0,0.0
p26165,coal,0.0,0.0,0.0,0.0,0.0
p26165,gas,0.0,0.0,0.0,0.0,0.0
p26165,geothermal,0.0,0.0,0.0,0.0,0.0
p26165,h2,0.0,0.0,0.0,0.0,0.0
p26165,hydro,0.0,0.0,0.0,0.0,0.0
p26165,nuclear,0.0,0.0,0.0,0.0,0.0
p26165,pumped-hydro,0.0,0.0,0.0,0.0,0.0
p26165,pv,300.0,300.0,300.0,300.0,300.0
p26165,wind-ofs,0.0,0.0,0.0,0.0,0.0
p26165,wind-ons,0.0,0.0,0.0,0.0,0.0
p27001,battery,0.0,0.0,0.0,0.0,0.0
p27001,biomass,0.0,0.0,0.0,0.0,0.0
p27001,coal,0.0,0.0,0.0,0.0,0.0
p27001,gas,0.0,0.0,0.0,0.0,0.0
p27001,geothermal,0.0,0.0,0.0,0.0,0.0
p27001,h2,0.0,0.0,0.0,0.0,0.0
p27001,hydro,0.0,0.0,0.0,0.0,0.0
p27001,nuclear,0.0,0.0,0.0,0.0,0.0
p27001,pumped-hydro,0.0,0.0,0.0,0.0,0.0
p27001,pv,220.0,220.0,220.0,220.0,220.0
p27001,wind-ofs,0.0,0.0,0.0,0.0,0.0
p27001,wind-ons,0.0,0.0,0.0,0.0,0.0
p27003,battery,200.0,200.0,200.0,200.0,200.0
p27003,biomass,0.0,0.0,0.0,0.0,0.0
p27003,coal,0.0,0.0,0.0,0.0,0.0
p27003,gas,0.0,0.0,0.0,0.0,0.0
p27003,geothermal,0.0,0.0,0.0,0.0,0.0
p27003,h2,0.0,0.0,0.0,0.0,0.0
p27003,hydro,0.0,0.0,0.0,0.0,0.0
p27003,nuclear,0.0,0.0,0.0,0.0,0.0
p27003,pumped-hydro,0.0,0.0,0.0,0.0,0.0
p27003,pv,0.0,0.0,0.0,0.0,0.0
p27003,wind-ofs,0.0,0.0,0.0,0.0,0.0
p27003,wind-ons,0.0,0.0,0.0,0.0,0.0
p27009,battery,250.0,250.0,250.0,250.0,250.0
p27009,biomass,0.0,0.0,0.0,0.0,0.0
p27009,coal,0.0,0.0,0.0,0.0,0.0
p27009,gas,0.0,0.0,0.0,0.0,0.0
p27009,geothermal,0.0,0.0,0.0,0.0,0.0
p27009,h2,0.0,0.0,0.0,0.0,0.0
p27009,hydro,0.0,0.0,0.0,0.0,0.0
p27009,nuclear,0.0,0.0,0.0,0.0,0.0
p27009,pumped-hydro,0.0,0.0,0.0,0.0,0.0
p27009,pv,300.0,300.0,300.0,300.0,300.0
p27009,wind-ofs,0.0,0.0,0.0,0.0,0.0
p27009,wind-ons,249.0,249.0,249.0,249.0,249.0
p27011,battery,0.0,0.0,0.0,0.0,0.0
p27011,biomass,0.0,0.0,0.0,0.0,0.0
p27011,coal,0.0,0.0,0.0,0.0,0.0
p27011,gas,0.0,0.0,0.0,0.0,0.0
p27011,geothermal,0.0,0.0,0.0,0.0,0.0
p27011,h2,0.0,0.0,0.0,0.0,0.0
p27011,hydro,0.0,0.0,0.0,0.0,0.0
p27011,nuclear,0.0,0.0,0.0,0.0,0.0
p27011,pumped-hydro,0.0,0.0,0.0,0.0,0.0
p27011,pv,0.0,0.0,0.0,0.0,0.0
p27011,wind-ofs,0.0,0.0,0.0,0.0,0.0
p27011,wind-ons,250.0,250.0,250.0,250.0,250.0
p27019,battery,130.0,130.0,130.0,130.0,130.0
p27019,biomass,0.0,0.0,0.0,0.0,0.0
p27019,coal,0.0,0.0,0.0,0.0,0.0
p27019,gas,0.0,0.0,0.0,0.0,0.0
p27019,geothermal,0.0,0.0,0.0,0.0,0.0
p27019,h2,0.0,0.0,0.0,0.0,0.0
p27019,hydro,0.0,0.0,0.0,0.0,0.0
p27019,nuclear,0.0,0.0,0.0,0.0,0.0
p27019,pumped-hydro,0.0,0.0,0.0,0.0,0.0
p27019,pv,0.0,0.0,0.0,0.0,0.0
p27019,wind-ofs,0.0,0.0,0.0,0.0,0.0
p27019,wind-ons,0.0,0.0,0.0,0.0,0.0
p27023,battery,0.0,0.0,0.0,0.0,0.0
p27023,biomass,0.0,0.0,0.0,0.0,0.0
p27023,coal,0.0,0.0,0.0,0.0,0.0
p27023,gas,237.0,237.0,237.0,237.0,237.0
p27023,geothermal,0.0,0.0,0.0,0.0,0.0
p27023,h2,0.0,0.0,0.0,0.0,0.0
p27023,hydro,0.0,0.0,0.0,0.0,0.0
p27023,nuclear,0.0,0.0,0.0,0.0,0.0
p27023,pumped-hydro,0.0,0.0,0.0,0.0,0.0
p27023,pv,0.0,0.0,0.0,0.0,0.0
p27023,wind-ofs,0.0,0.0,0.0,0.0,0.0
p27023,wind-ons,0.0,0.0,0.0,0.0,0.0
p27025,battery,350.0,350.0,350.0,350.0,350.0
p27025,biomass,0.0,0.0,0.0,0.0,0.0
p27025,coal,0.0,0.0,0.0,0.0,0.0
p27025,gas,0.0,0.0,0.0,0.0,0.0
p27025,geothermal,0.0,0.0,0.0,0.0,0.0
p27025,h2,0.0,0.0,0.0,0.0,0.0
p27025,hydro,0.0,0.0,0.0,0.0,0.0
p27025,nuclear,0.0,0.0,0.0,0.0,0.0
p27025,pumped-hydro,0.0,0.0,0.0,0.0,0.0
p27025,pv,150.0,150.0,150.0,150.0,150.0
p27025,wind-ofs,0.0,0.0,0.0,0.0,0.0
p27025,wind-ons,0.0,0.0,0.0,0.0,0.0
p27027,battery,0.0,0.0,0.0,0.0,0.0
p27027,biomass,0.0,0.0,0.0,0.0,0.0
p27027,coal,0.0,0.0,0.0,0.0,0.0
p27027,gas,0.0,0.0,0.0,0.0,0.0
p27027,geothermal,0.0,0.0,0.0,0.0,0.0
p27027,h2,0.0,0.0,0.0,0.0,0.0
p27027,hydro,0.0,0.0,0.0,0.0,0.0
p27027,nuclear,0.0,0.0,0.0,0.0,0.0
p27027,pumped-hydro,0.0,0.0,0.0,0.0,0.0
p27027,pv,430.0,430.0,430.0,430.0,430.0
p27027,wind-ofs,0.0,0.0,0.0,0.0,0.0
p27027,wind-ons,0.0,0.0,0.0,0.0,0.0
p27029,battery,0.0,0.0,0.0,0.0,0.0
p27029,biomass,0.0,0.0,0.0,0.0,0.0
p27029,coal,0.0,0.0,0.0,0.0,0.0
p27029,gas,0.0,0.0,0.0,0.0,0.0
p27029,geothermal,0.0,0.0,0.0,0.0,0.0
p27029,h2,0.0,0.0,0.0,0.0,0.0
p27029,hydro,0.0,0.0,0.0,0.0,0.0
p27029,nuclear,0.0,0.0,0.0,0.0,0.0
p27029,pumped-hydro,0.0,0.0,0.0,0.0,0.0
p27029,pv,150.0,150.0,150.0,150.0,150.0
p27029,wind-ofs,0.0,0.0,0.0,0.0,0.0
p27029,wind-ons,0.0,0.0,0.0,0.0,0.0
p27031,battery,0.0,0.0,0.0,0.0,0.0
p27031,biomass,0.0,0.0,0.0,0.0,0.0
p27031,coal,0.0,0.0,0.0,0.0,0.0
p27031,gas,0.0,0.0,0.0,0.0,0.0
p27031,geothermal,0.0,0.0,0.0,0.0,0.0
p27031,h2,0.0,0.0,0.0,0.0,0.0
p27031,hydro,0.0,0.0,0.0,0.0,0.0
p27031,nuclear,0.0,0.0,0.0,0.0,0.0
p27031,pumped-hydro,0.0,0.0,0.0,0.0,0.0
p27031,pv,0.0,0.0,0.0,0.0,0.0
p27031,wind-ofs,0.0,0.0,0.0,0.0,0.0
p27031,wind-ons,0.0,0.0,0.0,0.0,0.0
p27033,battery,0.0,0.0,0.0,0.0,0.0
p27033,biomass,0.0,0.0,0.0,0.0,0.0
p27033,coal,0.0,0.0,0.0,0.0,0.0
p27033,gas,0.0,0.0,0.0,0.0,0.0
p27033,geothermal,0.0,0.0,0.0,0.0,0.0
p27033,h2,0.0,0.0,0.0,0.0,0.0
p27033,hydro,0.0,0.0,0.0,0.0,0.0
p27033,nuclear,0.0,0.0,0.0,0.0,0.0
p27033,pumped-hydro,0.0,0.0,0.0,0.0,0.0
p27033,pv,0.0,0.0,0.0,0.0,0.0
p27033,wind-ofs,0.0,0.0,0.0,0.0,0.0
p27033,wind-ons,1239.0,1239.0,1239.0,1239.0,1239.0
p27037,battery,897.0,897.0,897.0,897.0,897.0
p27037,biomass,0.0,0.0,0.0,0.0,0.0
p27037,coal,0.0,0.0,0.0,0.0,0.0
p27037,gas,0.0,0.0,0.0,0.0,0.0
p27037,geothermal,0.0,0.0,0.0,0.0,0.0
p27037,h2,0.0,0.0,0.0,0.0,0.0
p27037,hydro,8.0,8.0,8.0,8.0,8.0
p27037,nuclear,0.0,0.0,0.0,0.0,0.0
p27037,pumped-hydro,0.0,0.0,0.0,0.0,0.0
p27037,pv,150.0,150.0,150.0,150.0,150.0
p27037,wind-ofs,0.0,0.0,0.0,0.0,0.0
p27037,wind-ons,0.0,0.0,0.0,0.0,0.0
p27041,battery,0.0,0.0,0.0,0.0,0.0
p27041,biomass,0.0,0.0,0.0,0.0,0.0
p27041,coal,0.0,0.0,0.0,0.0,0.0
p27041,gas,0.0,0.0,0.0,0.0,0.0
p27041,geothermal,0.0,0.0,0.0,0.0,0.0
p27041,h2,0.0,0.0,0.0,0.0,0.0
p27041,hydro,0.0,0.0,0.0,0.0,0.0
p27041,nuclear,0.0,0.0,0.0,0.0,0.0
p27041,pumped-hydro,0.0,0.0,0.0,0.0,0.0
p27041,pv,227.5,227.5,227.5,227.5,227.5
p27041,wind-ofs,0.0,0.0,0.0,0.0,0.0
p27041,wind-ons,0.0,0.0,0.0,0.0,0.0
p27043,battery,300.0,300.0,300.0,300.0,300.0
p27043,biomass,0.0,0.0,0.0,0.0,0.0
p27043,coal,0.0,0.0,0.0,0.0,0.0
p27043,gas,0.0,0.0,0.0,0.0,0.0
p27043,geothermal,0.0,0.0,0.0,0.0,0.0
p27043,h2,0.0,0.0,0.0,0.0,0.0
p27043,hydro,0.0,0.0,0.0,0.0,0.0
p27043,nuclear,0.0,0.0,0.0,0.0,0.0
p27043,pumped-hydro,0.0,0.0,0.0,0.0,0.0
p27043,pv,545.0,545.0,545.0,545.0,545.0
p27043,wind-ofs,0.0,0.0,0.0,0.0,0.0
p27043,wind-ons,0.0,0.0,0.0,0.0,0.0
p27045,battery,0.0,0.0,0.0,0.0,0.0
p27045,biomass,0.0,0.0,0.0,0.0,0.0
p27045,coal,0.0,0.0,0.0,0.0,0.0
p27045,gas,0.0,0.0,0.0,0.0,0.0
p27045,geothermal,0.0,0.0,0.0,0.0,0.0
p27045,h2,0.0,0.0,0.0,0.0,0.0
p27045,hydro,0.0,0.0,0.0,0.0,0.0
p27045,nuclear,0.0,0.0,0.0,0.0,0.0
p27045,pumped-hydro,0.0,0.0,0.0,0.0,0.0
p27045,pv,174.98,174.98,174.98,174.98,174.98
p27045,wind-ofs,0.0,0.0,0.0,0.0,0.0
p27045,wind-ons,0.0,0.0,0.0,0.0,0.0
p27047,battery,150.0,150.0,150.0,150.0,150.0
p27047,biomass,0.0,0.0,0.0,0.0,0.0
p27047,coal,0.0,0.0,0.0,0.0,0.0
p27047,gas,0.0,0.0,0.0,0.0,0.0
p27047,geothermal,0.0,0.0,0.0,0.0,0.0
p27047,h2,0.0,0.0,0.0,0.0,0.0
p27047,hydro,0.0,0.0,0.0,0.0,0.0
p27047,nuclear,0.0,0.0,0.0,0.0,0.0
p27047,pumped-hydro,0.0,0.0,0.0,0.0,0.0
p27047,pv,200.0,200.0,200.0,200.0,200.0
p27047,wind-ofs,0.0,0.0,0.0,0.0,0.0
p27047,wind-ons,267.0,267.0,267.0,267.0,267.0
p27049,battery,300.0,300.0,300.0,300.0,300.0
p27049,biomass,0.0,0.0,0.0,0.0,0.0
p27049,coal,0.0,0.0,0.0,0.0,0.0
p27049,gas,0.0,0.0,0.0,0.0,0.0
p27049,geothermal,0.0,0.0,0.0,0.0,0.0
p27049,h2,0.0,0.0,0.0,0.0,0.0
p27049,hydro,0.0,0.0,0.0,0.0,0.0
p27049,nuclear,0.0,0.0,0.0,0.0,0.0
p27049,pumped-hydro,0.0,0.0,0.0,0.0,0.0
p27049,pv,450.0,450.0,450.0,450.0,450.0
p27049,wind-ofs,0.0,0.0,0.0,0.0,0.0
p27049,wind-ons,0.0,0.0,0.0,0.0,0.0
p27053,battery,0.0,0.0,0.0,0.0,0.0
p27053,biomass,0.0,0.0,0.0,0.0,0.0
p27053,coal,0.0,0.0,0.0,0.0,0.0
p27053,gas,51.0,51.0,51.0,51.0,51.0
p27053,geothermal,0.0,0.0,0.0,0.0,0.0
p27053,h2,0.0,0.0,0.0,0.0,0.0
p27053,hydro,0.0,0.0,0.0,0.0,0.0
p27053,nuclear,0.0,0.0,0.0,0.0,0.0
p27053,pumped-hydro,0.0,0.0,0.0,0.0,0.0
p27053,pv,0.0,0.0,0.0,0.0,0.0
p27053,wind-ofs,0.0,0.0,0.0,0.0,0.0
p27053,wind-ons,0.0,0.0,0.0,0.0,0.0
p27055,battery,50.0,50.0,50.0,50.0,50.0
p27055,biomass,0.0,0.0,0.0,0.0,0.0
p27055,coal,0.0,0.0,0.0,0.0,0.0
p27055,gas,0.0,0.0,0.0,0.0,0.0
p27055,geothermal,0.0,0.0,0.0,0.0,0.0
p27055,h2,0.0,0.0,0.0,0.0,0.0
p27055,hydro,0.0,0.0,0.0,0.0,0.0
p27055,nuclear,0.0,0.0,0.0,0.0,0.0
p27055,pumped-hydro,0.0,0.0,0.0,0.0,0.0
p27055,pv,0.0,0.0,0.0,0.0,0.0
p27055,wind-ofs,0.0,0.0,0.0,0.0,0.0
p27055,wind-ons,0.0,0.0,0.0,0.0,0.0
p27057,battery,0.0,0.0,0.0,0.0,0.0
p27057,biomass,0.0,0.0,0.0,0.0,0.0
p27057,coal,0.0,0.0,0.0,0.0,0.0
p27057,gas,0.0,0.0,0.0,0.0,0.0
p27057,geothermal,0.0,0.0,0.0,0.0,0.0
p27057,h2,0.0,0.0,0.0,0.0,0.0
p27057,hydro,0.0,0.0,0.0,0.0,0.0
p27057,nuclear,0.0,0.0,0.0,0.0,0.0
p27057,pumped-hydro,0.0,0.0,0.0,0.0,0.0
p27057,pv,68.0,68.0,68.0,68.0,68.0
p27057,wind-ofs,0.0,0.0,0.0,0.0,0.0
p27057,wind-ons,0.0,0.0,0.0,0.0,0.0
p27059,battery,0.0,0.0,0.0,0.0,0.0
p27059,biomass,0.0,0.0,0.0,0.0,0.0
p27059,coal,0.0,0.0,0.0,0.0,0.0
p27059,gas,0.0,0.0,0.0,0.0,0.0
p27059,geothermal,0.0,0.0,0.0,0.0,0.0
p27059,h2,0.0,0.0,0.0,0.0,0.0
p27059,hydro,0.0,0.0,0.0,0.0,0.0
p27059,nuclear,0.0,0.0,0.0,0.0,0.0
p27059,pumped-hydro,0.0,0.0,0.0,0.0,0.0
p27059,pv,120.0,120.0,120.0,120.0,120.0
p27059,wind-ofs,0.0,0.0,0.0,0.0,0.0
p27059,wind-ons,0.0,0.0,0.0,0.0,0.0
p27061,battery,200.0,200.0,200.0,200.0,200.0
p27061,biomass,0.0,0.0,0.0,0.0,0.0
p27061,coal,0.0,0.0,0.0,0.0,0.0
p27061,gas,0.0,0.0,0.0,0.0,0.0
p27061,geothermal,0.0,0.0,0.0,0.0,0.0
p27061,h2,0.0,0.0,0.0,0.0,0.0
p27061,hydro,0.0,0.0,0.0,0.0,0.0
p27061,nuclear,0.0,0.0,0.0,0.0,0.0
p27061,pumped-hydro,0.0,0.0,0.0,0.0,0.0
p27061,pv,200.0,200.0,200.0,200.0,200.0
p27061,wind-ofs,0.0,0.0,0.0,0.0,0.0
p27061,wind-ons,86.0,86.0,86.0,86.0,86.0
p27063,battery,150.0,150.0,150.0,150.0,150.0
p27063,biomass,0.0,0.0,0.0,0.0,0.0
p27063,coal,0.0,0.0,0.0,0.0,0.0
p27063,gas,0.0,0.0,0.0,0.0,0.0
p27063,geothermal,0.0,0.0,0.0,0.0,0.0
p27063,h2,0.0,0.0,0.0,0.0,0.0
p27063,hydro,0.0,0.0,0.0,0.0,0.0
p27063,nuclear,0.0,0.0,0.0,0.0,0.0
p27063,pumped-hydro,0.0,0.0,0.0,0.0,0.0
p27063,pv,0.0,0.0,0.0,0.0,0.0
p27063,wind-ofs,0.0,0.0,0.0,0.0,0.0
p27063,wind-ons,200.0,200.0,200.0,200.0,200.0
p27067,battery,0.0,0.0,0.0,0.0,0.0
p27067,biomass,0.0,0.0,0.0,0.0,0.0
p27067,coal,0.0,0.0,0.0,0.0,0.0
p27067,gas,0.0,0.0,0.0,0.0,0.0
p27067,geothermal,0.0,0.0,0.0,0.0,0.0
p27067,h2,0.0,0.0,0.0,0.0,0.0
p27067,hydro,0.0,0.0,0.0,0.0,0.0
p27067,nuclear,0.0,0.0,0.0,0.0,0.0
p27067,pumped-hydro,0.0,0.0,0.0,0.0,0.0
p27067,pv,200.0,200.0,200.0,200.0,200.0
p27067,wind-ofs,0.0,0.0,0.0,0.0,0.0
p27067,wind-ons,0.0,0.0,0.0,0.0,0.0
p27069,battery,0.0,0.0,0.0,0.0,0.0
p27069,biomass,0.0,0.0,0.0,0.0,0.0
p27069,coal,0.0,0.0,0.0,0.0,0.0
p27069,gas,0.0,0.0,0.0,0.0,0.0
p27069,geothermal,0.0,0.0,0.0,0.0,0.0
p27069,h2,0.0,0.0,0.0,0.0,0.0
p27069,hydro,0.0,0.0,0.0,0.0,0.0
p27069,nuclear,0.0,0.0,0.0,0.0,0.0
p27069,pumped-hydro,0.0,0.0,0.0,0.0,0.0
p27069,pv,0.0,0.0,0.0,0.0,0.0
p27069,wind-ofs,0.0,0.0,0.0,0.0,0.0
p27069,wind-ons,150.0,150.0,150.0,150.0,150.0
p27083,battery,0.0,0.0,0.0,0.0,0.0
p27083,biomass,0.0,0.0,0.0,0.0,0.0
p27083,coal,0.0,0.0,0.0,0.0,0.0
p27083,gas,0.0,0.0,0.0,0.0,0.0
p27083,geothermal,0.0,0.0,0.0,0.0,0.0
p27083,h2,0.0,0.0,0.0,0.0,0.0
p27083,hydro,0.0,0.0,0.0,0.0,0.0
p27083,nuclear,0.0,0.0,0.0,0.0,0.0
p27083,pumped-hydro,0.0,0.0,0.0,0.0,0.0
p27083,pv,235.0,235.0,235.0,235.0,235.0
p27083,wind-ofs,0.0,0.0,0.0,0.0,0.0
p27083,wind-ons,865.0,865.0,865.0,865.0,865.0
p27085,battery,0.0,0.0,0.0,0.0,0.0
p27085,biomass,0.0,0.0,0.0,0.0,0.0
p27085,coal,0.0,0.0,0.0,0.0,0.0
p27085,gas,0.0,0.0,0.0,0.0,0.0
p27085,geothermal,0.0,0.0,0.0,0.0,0.0
p27085,h2,0.0,0.0,0.0,0.0,0.0
p27085,hydro,0.0,0.0,0.0,0.0,0.0
p27085,nuclear,0.0,0.0,0.0,0.0,0.0
p27085,pumped-hydro,0.0,0.0,0.0,0.0,0.0
p27085,pv,112.0,112.0,112.0,112.0,112.0
p27085,wind-ofs,0.0,0.0,0.0,0.0,0.0
p27085,wind-ons,0.0,0.0,0.0,0.0,0.0
p27087,battery,0.0,0.0,0.0,0.0,0.0
p27087,biomass,0.0,0.0,0.0,0.0,0.0
p27087,coal,0.0,0.0,0.0,0.0,0.0
p27087,gas,0.0,0.0,0.0,0.0,0.0
p27087,geothermal,0.0,0.0,0.0,0.0,0.0
p27087,h2,0.0,0.0,0.0,0.0,0.0
p27087,hydro,0.0,0.0,0.0,0.0,0.0
p27087,nuclear,0.0,0.0,0.0,0.0,0.0
p27087,pumped-hydro,0.0,0.0,0.0,0.0,0.0
p27087,pv,80.0,80.0,80.0,80.0,80.0
p27087,wind-ofs,0.0,0.0,0.0,0.0,0.0
p27087,wind-ons,0.0,0.0,0.0,0.0,0.0
p27089,battery,0.0,0.0,0.0,0.0,0.0
p27089,biomass,0.0,0.0,0.0,0.0,0.0
p27089,coal,0.0,0.0,0.0,0.0,0.0
p27089,gas,0.0,0.0,0.0,0.0,0.0
p27089,geothermal,0.0,0.0,0.0,0.0,0.0
p27089,h2,0.0,0.0,0.0,0.0,0.0
p27089,hydro,0.0,0.0,0.0,0.0,0.0
p27089,nuclear,0.0,0.0,0.0,0.0,0.0
p27089,pumped-hydro,0.0,0.0,0.0,0.0,0.0
p27089,pv,0.0,0.0,0.0,0.0,0.0
p27089,wind-ofs,0.0,0.0,0.0,0.0,0.0
p27089,wind-ons,70.0,70.0,70.0,70.0,70.0
p27091,battery,0.0,0.0,0.0,0.0,0.0
p27091,biomass,0.0,0.0,0.0,0.0,0.0
p27091,coal,0.0,0.0,0.0,0.0,0.0
p27091,gas,79.8,79.8,79.8,79.8,79.8
p27091,geothermal,0.0,0.0,0.0,0.0,0.0
p27091,h2,0.0,0.0,0.0,0.0,0.0
p27091,hydro,0.0,0.0,0.0,0.0,0.0
p27091,nuclear,0.0,0.0,0.0,0.0,0.0
p27091,pumped-hydro,0.0,0.0,0.0,0.0,0.0
p27091,pv,150.0,150.0,150.0,150.0,150.0
p27091,wind-ofs,0.0,0.0,0.0,0.0,0.0
p27091,wind-ons,0.0,0.0,0.0,0.0,0.0
p27097,battery,0.0,0.0,0.0,0.0,0.0
p27097,biomass,0.0,0.0,0.0,0.0,0.0
p27097,coal,0.0,0.0,0.0,0.0,0.0
p27097,gas,0.0,0.0,0.0,0.0,0.0
p27097,geothermal,0.0,0.0,0.0,0.0,0.0
p27097,h2,0.0,0.0,0.0,0.0,0.0
p27097,hydro,0.0,0.0,0.0,0.0,0.0
p27097,nuclear,0.0,0.0,0.0,0.0,0.0
p27097,pumped-hydro,0.0,0.0,0.0,0.0,0.0
p27097,pv,174.0,174.0,174.0,174.0,174.0
p27097,wind-ofs,0.0,0.0,0.0,0.0,0.0
p27097,wind-ons,0.0,0.0,0.0,0.0,0.0
p27099,battery,0.0,0.0,0.0,0.0,0.0
p27099,biomass,0.0,0.0,0.0,0.0,0.0
p27099,coal,0.0,0.0,0.0,0.0,0.0
p27099,gas,485.0,485.0,485.0,485.0,485.0
p27099,geothermal,0.0,0.0,0.0,0.0,0.0
p27099,h2,0.0,0.0,0.0,0.0,0.0
p27099,hydro,0.0,0.0,0.0,0.0,0.0
p27099,nuclear,0.0,0.0,0.0,0.0,0.0
p27099,pumped-hydro,0.0,0.0,0.0,0.0,0.0
p27099,pv,895.0,895.0,895.0,895.0,895.0
p27099,wind-ofs,0.0,0.0,0.0,0.0,0.0
p27099,wind-ons,300.0,300.0,300.0,300.0,300.0
p27101,battery,40.0,40.0,40.0,40.0,40.0
p27101,biomass,0.0,0.0,0.0,0.0,0.0
p27101,coal,0.0,0.0,0.0,0.0,0.0
p27101,gas,0.0,0.0,0.0,0.0,0.0
p27101,geothermal,0.0,0.0,0.0,0.0,0.0
p27101,h2,0.0,0.0,0.0,0.0,0.0
p27101,hydro,0.0,0.0,0.0,0.0,0.0
p27101,nuclear,0.0,0.0,0.0,0.0,0.0
p27101,pumped-hydro,0.0,0.0,0.0,0.0,0.0
p27101,pv,300.0,300.0,300.0,300.0,300.0
p27101,wind-ofs,0.0,0.0,0.0,0.0,0.0
p27101,wind-ons,200.0,200.0,200.0,200.0,200.0
p27105,battery,0.0,0.0,0.0,0.0,0.0
p27105,biomass,0.0,0.0,0.0,0.0,0.0
p27105,coal,0.0,0.0,0.0,0.0,0.0
p27105,gas,0.0,0.0,0.0,0.0,0.0
p27105,geothermal,0.0,0.0,0.0,0.0,0.0
p27105,h2,0.0,0.0,0.0,0.0,0.0
p27105,hydro,0.0,0.0,0.0,0.0,0.0
p27105,nuclear,0.0,0.0,0.0,0.0,0.0
p27105,pumped-hydro,0.0,0.0,0.0,0.0,0.0
p27105,pv,200.0,200.0,200.0,200.0,200.0
p27105,wind-ofs,0.0,0.0,0.0,0.0,0.0
p27105,wind-ons,0.0,0.0,0.0,0.0,0.0
p27109,battery,550.0,550.0,550.0,550.0,550.0
p27109,biomass,0.0,0.0,0.0,0.0,0.0
p27109,coal,0.0,0.0,0.0,0.0,0.0
p27109,gas,49.9,49.9,49.9,49.9,49.9
p27109,geothermal,0.0,0.0,0.0,0.0,0.0
p27109,h2,0.0,0.0,0.0,0.0,0.0
p27109,hydro,0.0,0.0,0.0,0.0,0.0
p27109,nuclear,0.0,0.0,0.0,0.0,0.0
p27109,pumped-hydro,0.0,0.0,0.0,0.0,0.0
p27109,pv,780.0,780.0,780.0,780.0,780.0
p27109,wind-ofs,0.0,0.0,0.0,0.0,0.0
p27109,wind-ons,0.0,0.0,0.0,0.0,0.0
p27111,battery,100.0,100.0,100.0,100.0,100.0
p27111,biomass,0.0,0.0,0.0,0.0,0.0
p27111,coal,0.0,0.0,0.0,0.0,0.0
p27111,gas,0.0,0.0,0.0,0.0,0.0
p27111,geothermal,0.0,0.0,0.0,0.0,0.0
p27111,h2,0.0,0.0,0.0,0.0,0.0
p27111,hydro,0.0,0.0,0.0,0.0,0.0
p27111,nuclear,0.0,0.0,0.0,0.0,0.0
p27111,pumped-hydro,0.0,0.0,0.0,0.0,0.0
p27111,pv,160.0,160.0,160.0,160.0,160.0
p27111,wind-ofs,0.0,0.0,0.0,0.0,0.0
p27111,wind-ons,0.0,0.0,0.0,0.0,0.0
p27115,battery,0.0,0.0,0.0,0.0,0.0
p27115,biomass,0.0,0.0,0.0,0.0,0.0
p27115,coal,0.0,0.0,0.0,0.0,0.0
p27115,gas,0.0,0.0,0.0,0.0,0.0
p27115,geothermal,0.0,0.0,0.0,0.0,0.0
p27115,h2,0.0,0.0,0.0,0.0,0.0
p27115,hydro,0.0,0.0,0.0,0.0,0.0
p27115,nuclear,0.0,0.0,0.0,0.0,0.0
p27115,pumped-hydro,0.0,0.0,0.0,0.0,0.0
p27115,pv,475.0,475.0,475.0,475.0,475.0
p27115,wind-ofs,0.0,0.0,0.0,0.0,0.0
p27115,wind-ons,0.0,0.0,0.0,0.0,0.0
p27117,battery,0.0,0.0,0.0,0.0,0.0
p27117,biomass,0.0,0.0,0.0,0.0,0.0
p27117,coal,0.0,0.0,0.0,0.0,0.0
p27117,gas,0.0,0.0,0.0,0.0,0.0
p27117,geothermal,0.0,0.0,0.0,0.0,0.0
p27117,h2,0.0,0.0,0.0,0.0,0.0
p27117,hydro,0.0,0.0,0.0,0.0,0.0
p27117,nuclear,0.0,0.0,0.0,0.0,0.0
p27117,pumped-hydro,0.0,0.0,0.0,0.0,0.0
p27117,pv,325.0,325.0,325.0,325.0,325.0
p27117,wind-ofs,0.0,0.0,0.0,0.0,0.0
p27117,wind-ons,0.0,0.0,0.0,0.0,0.0
p27119,battery,0.0,0.0,0.0,0.0,0.0
p27119,biomass,0.0,0.0,0.0,0.0,0.0
p27119,coal,0.0,0.0,0.0,0.0,0.0
p27119,gas,0.0,0.0,0.0,0.0,0.0
p27119,geothermal,0.0,0.0,0.0,0.0,0.0
p27119,h2,0.0,0.0,0.0,0.0,0.0
p27119,hydro,0.0,0.0,0.0,0.0,0.0
p27119,nuclear,0.0,0.0,0.0,0.0,0.0
p27119,pumped-hydro,0.0,0.0,0.0,0.0,0.0
p27119,pv,150.0,150.0,150.0,150.0,150.0
p27119,wind-ofs,0.0,0.0,0.0,0.0,0.0
p27119,wind-ons,0.0,0.0,0.0,0.0,0.0
p27125,battery,0.0,0.0,0.0,0.0,0.0
p27125,biomass,0.0,0.0,0.0,0.0,0.0
p27125,coal,0.0,0.0,0.0,0.0,0.0
p27125,gas,0.0,0.0,0.0,0.0,0.0
p27125,geothermal,0.0,0.0,0.0,0.0,0.0
p27125,h2,0.0,0.0,0.0,0.0,0.0
p27125,hydro,0.0,0.0,0.0,0.0,0.0
p27125,nuclear,0.0,0.0,0.0,0.0,0.0
p27125,pumped-hydro,0.0,0.0,0.0,0.0,0.0
p27125,pv,130.0,130.0,130.0,130.0,130.0
p27125,wind-ofs,0.0,0.0,0.0,0.0,0.0
p27125,wind-ons,0.0,0.0,0.0,0.0,0.0
p27127,battery,300.0,300.0,300.0,300.0,300.0
p27127,biomass,0.0,0.0,0.0,0.0,0.0
p27127,coal,0.0,0.0,0.0,0.0,0.0
p27127,gas,0.0,0.0,0.0,0.0,0.0
p27127,geothermal,0.0,0.0,0.0,0.0,0.0
p27127,h2,0.0,0.0,0.0,0.0,0.0
p27127,hydro,0.0,0.0,0.0,0.0,0.0
p27127,nuclear,0.0,0.0,0.0,0.0,0.0
p27127,pumped-hydro,0.0,0.0,0.0,0.0,0.0
p27127,pv,216.0,216.0,216.0,216.0,216.0
p27127,wind-ofs,0.0,0.0,0.0,0.0,0.0
p27127,wind-ons,901.47,901.47,901.47,901.47,901.47
p27129,battery,250.0,250.0,250.0,250.0,250.0
p27129,biomass,0.0,0.0,0.0,0.0,0.0
p27129,coal,0.0,0.0,0.0,0.0,0.0
p27129,gas,0.0,0.0,0.0,0.0,0.0
p27129,geothermal,0.0,0.0,0.0,0.0,0.0
p27129,h2,0.0,0.0,0.0,0.0,0.0
p27129,hydro,0.0,0.0,0.0,0.0,0.0
p27129,nuclear,0.0,0.0,0.0,0.0,0.0
p27129,pumped-hydro,0.0,0.0,0.0,0.0,0.0
p27129,pv,325.0,325.0,325.0,325.0,325.0
p27129,wind-ofs,0.0,0.0,0.0,0.0,0.0
p27129,wind-ons,0.0,0.0,0.0,0.0,0.0
p27133,battery,0.0,0.0,0.0,0.0,0.0
p27133,biomass,0.0,0.0,0.0,0.0,0.0
p27133,coal,0.0,0.0,0.0,0.0,0.0
p27133,gas,0.0,0.0,0.0,0.0,0.0
p27133,geothermal,0.0,0.0,0.0,0.0,0.0
p27133,h2,0.0,0.0,0.0,0.0,0.0
p27133,hydro,0.0,0.0,0.0,0.0,0.0
p27133,nuclear,0.0,0.0,0.0,0.0,0.0
p27133,pumped-hydro,0.0,0.0,0.0,0.0,0.0
p27133,pv,560.0,560.0,560.0,560.0,560.0
p27133,wind-ofs,0.0,0.0,0.0,0.0,0.0
p27133,wind-ons,0.0,0.0,0.0,0.0,0.0
p27135,battery,0.0,0.0,0.0,0.0,0.0
p27135,biomass,0.0,0.0,0.0,0.0,0.0
p27135,coal,0.0,0.0,0.0,0.0,0.0
p27135,gas,0.0,0.0,0.0,0.0,0.0
p27135,geothermal,0.0,0.0,0.0,0.0,0.0
p27135,h2,0.0,0.0,0.0,0.0,0.0
p27135,hydro,0.0,0.0,0.0,0.0,0.0
p27135,nuclear,0.0,0.0,0.0,0.0,0.0
p27135,pumped-hydro,0.0,0.0,0.0,0.0,0.0
p27135,pv,600.0,600.0,600.0,600.0,600.0
p27135,wind-ofs,0.0,0.0,0.0,0.0,0.0
p27135,wind-ons,0.0,0.0,0.0,0.0,0.0
p27137,battery,300.0,300.0,300.0,300.0,300.0
p27137,biomass,0.0,0.0,0.0,0.0,0.0
p27137,coal,0.0,0.0,0.0,0.0,0.0
p27137,gas,0.0,0.0,0.0,0.0,0.0
p27137,geothermal,0.0,0.0,0.0,0.0,0.0
p27137,h2,0.0,0.0,0.0,0.0,0.0
p27137,hydro,0.0,0.0,0.0,0.0,0.0
p27137,nuclear,0.0,0.0,0.0,0.0,0.0
p27137,pumped-hydro,0.0,0.0,0.0,0.0,0.0
p27137,pv,0.0,0.0,0.0,0.0,0.0
p27137,wind-ofs,0.0,0.0,0.0,0.0,0.0
p27137,wind-ons,144.0,144.0,144.0,144.0,144.0
p27139,battery,200.0,200.0,200.0,200.0,200.0
p27139,biomass,0.0,0.0,0.0,0.0,0.0
p27139,coal,0.0,0.0,0.0,0.0,0.0
p27139,gas,55.0,55.0,55.0,55.0,55.0
p27139,geothermal,0.0,0.0,0.0,0.0,0.0
p27139,h2,0.0,0.0,0.0,0.0,0.0
p27139,hydro,0.0,0.0,0.0,0.0,0.0
p27139,nuclear,0.0,0.0,0.0,0.0,0.0
p27139,pumped-hydro,0.0,0.0,0.0,0.0,0.0
p27139,pv,0.0,0.0,0.0,0.0,0.0
p27139,wind-ofs,0.0,0.0,0.0,0.0,0.0
p27139,wind-ons,0.0,0.0,0.0,0.0,0.0
p27141,battery,0.0,0.0,0.0,0.0,0.0
p27141,biomass,0.0,0.0,0.0,0.0,0.0
p27141,coal,0.0,0.0,0.0,0.0,0.0
p27141,gas,35.0,35.0,35.0,35.0,35.0
p27141,geothermal,0.0,0.0,0.0,0.0,0.0
p27141,h2,0.0,0.0,0.0,0.0,0.0
p27141,hydro,0.0,0.0,0.0,0.0,0.0
p27141,nuclear,0.0,0.0,0.0,0.0,0.0
p27141,pumped-hydro,0.0,0.0,0.0,0.0,0.0
p27141,pv,1010.0,1010.0,1010.0,1010.0,1010.0
p27141,wind-ofs,0.0,0.0,0.0,0.0,0.0
p27141,wind-ons,0.0,0.0,0.0,0.0,0.0
p27149,battery,0.0,0.0,0.0,0.0,0.0
p27149,biomass,0.0,0.0,0.0,0.0,0.0
p27149,coal,0.0,0.0,0.0,0.0,0.0
p27149,gas,0.0,0.0,0.0,0.0,0.0
p27149,geothermal,0.0,0.0,0.0,0.0,0.0
p27149,h2,0.0,0.0,0.0,0.0,0.0
p27149,hydro,0.0,0.0,0.0,0.0,0.0
p27149,nuclear,0.0,0.0,0.0,0.0,0.0
p27149,pumped-hydro,0.0,0.0,0.0,0.0,0.0
p27149,pv,460.0,460.0,460.0,460.0,460.0
p27149,wind-ofs,0.0,0.0,0.0,0.0,0.0
p27149,wind-ons,300.0,300.0,300.0,300.0,300.0
p27151,battery,0.0,0.0,0.0,0.0,0.0
p27151,biomass,0.0,0.0,0.0,0.0,0.0
p27151,coal,0.0,0.0,0.0,0.0,0.0
p27151,gas,0.0,0.0,0.0,0.0,0.0
p27151,geothermal,0.0,0.0,0.0,0.0,0.0
p27151,h2,0.0,0.0,0.0,0.0,0.0
p27151,hydro,0.0,0.0,0.0,0.0,0.0
p27151,nuclear,0.0,0.0,0.0,0.0,0.0
p27151,pumped-hydro,0.0,0.0,0.0,0.0,0.0
p27151,pv,90.0,90.0,90.0,90.0,90.0
p27151,wind-ofs,0.0,0.0,0.0,0.0,0.0
p27151,wind-ons,0.0,0.0,0.0,0.0,0.0
p27155,battery,0.0,0.0,0.0,0.0,0.0
p27155,biomass,0.0,0.0,0.0,0.0,0.0
p27155,coal,0.0,0.0,0.0,0.0,0.0
p27155,gas,0.0,0.0,0.0,0.0,0.0
p27155,geothermal,0.0,0.0,0.0,0.0,0.0
p27155,h2,0.0,0.0,0.0,0.0,0.0
p27155,hydro,0.0,0.0,0.0,0.0,0.0
p27155,nuclear,0.0,0.0,0.0,0.0,0.0
p27155,pumped-hydro,0.0,0.0,0.0,0.0,0.0
p27155,pv,0.0,0.0,0.0,0.0,0.0
p27155,wind-ofs,0.0,0.0,0.0,0.0,0.0
p27155,wind-ons,300.0,300.0,300.0,300.0,300.0
p27157,battery,450.0,450.0,450.0,450.0,450.0
p27157,biomass,0.0,0.0,0.0,0.0,0.0
p27157,coal,0.0,0.0,0.0,0.0,0.0
p27157,gas,0.0,0.0,0.0,0.0,0.0
p27157,geothermal,0.0,0.0,0.0,0.0,0.0
p27157,h2,0.0,0.0,0.0,0.0,0.0
p27157,hydro,0.0,0.0,0.0,0.0,0.0
p27157,nuclear,0.0,0.0,0.0,0.0,0.0
p27157,pumped-hydro,0.0,0.0,0.0,0.0,0.0
p27157,pv,295.0,295.0,295.0,295.0,295.0
p27157,wind-ofs,0.0,0.0,0.0,0.0,0.0
p27157,wind-ons,0.0,0.0,0.0,0.0,0.0
p27159,battery,0.0,0.0,0.0,0.0,0.0
p27159,biomass,0.0,0.0,0.0,0.0,0.0
p27159,coal,0.0,0.0,0.0,0.0,0.0
p27159,gas,0.0,0.0,0.0,0.0,0.0
p27159,geothermal,0.0,0.0,0.0,0.0,0.0
p27159,h2,0.0,0.0,0.0,0.0,0.0
p27159,hydro,0.0,0.0,0.0,0.0,0.0
p27159,nuclear,0.0,0.0,0.0,0.0,0.0
p27159,pumped-hydro,0.0,0.0,0.0,0.0,0.0
p27159,pv,150.0,150.0,150.0,150.0,150.0
p27159,wind-ofs,0.0,0.0,0.0,0.0,0.0
p27159,wind-ons,0.0,0.0,0.0,0.0,0.0
p27163,battery,180.0,180.0,180.0,180.0,180.0
p27163,biomass,0.0,0.0,0.0,0.0,0.0
p27163,coal,0.0,0.0,0.0,0.0,0.0
p27163,gas,0.0,0.0,0.0,0.0,0.0
p27163,geothermal,0.0,0.0,0.0,0.0,0.0
p27163,h2,0.0,0.0,0.0,0.0,0.0
p27163,hydro,0.0,0.0,0.0,0.0,0.0
p27163,nuclear,0.0,0.0,0.0,0.0,0.0
p27163,pumped-hydro,0.0,0.0,0.0,0.0,0.0
p27163,pv,0.0,0.0,0.0,0.0,0.0
p27163,wind-ofs,0.0,0.0,0.0,0.0,0.0
p27163,wind-ons,0.0,0.0,0.0,0.0,0.0
p27165,battery,0.0,0.0,0.0,0.0,0.0
p27165,biomass,0.0,0.0,0.0,0.0,0.0
p27165,coal,0.0,0.0,0.0,0.0,0.0
p27165,gas,0.0,0.0,0.0,0.0,0.0
p27165,geothermal,0.0,0.0,0.0,0.0,0.0
p27165,h2,0.0,0.0,0.0,0.0,0.0
p27165,hydro,0.0,0.0,0.0,0.0,0.0
p27165,nuclear,0.0,0.0,0.0,0.0,0.0
p27165,pumped-hydro,0.0,0.0,0.0,0.0,0.0
p27165,pv,600.0,600.0,600.0,600.0,600.0
p27165,wind-ofs,0.0,0.0,0.0,0.0,0.0
p27165,wind-ons,0.0,0.0,0.0,0.0,0.0
p27167,battery,300.0,300.0,300.0,300.0,300.0
p27167,biomass,0.0,0.0,0.0,0.0,0.0
p27167,coal,0.0,0.0,0.0,0.0,0.0
p27167,gas,0.0,0.0,0.0,0.0,0.0
p27167,geothermal,0.0,0.0,0.0,0.0,0.0
p27167,h2,0.0,0.0,0.0,0.0,0.0
p27167,hydro,0.0,0.0,0.0,0.0,0.0
p27167,nuclear,0.0,0.0,0.0,0.0,0.0
p27167,pumped-hydro,0.0,0.0,0.0,0.0,0.0
p27167,pv,0.0,0.0,0.0,0.0,0.0
p27167,wind-ofs,0.0,0.0,0.0,0.0,0.0
p27167,wind-ons,0.0,0.0,0.0,0.0,0.0
p27173,battery,75.0,75.0,75.0,75.0,75.0
p27173,biomass,0.0,0.0,0.0,0.0,0.0
p27173,coal,0.0,0.0,0.0,0.0,0.0
p27173,gas,0.0,0.0,0.0,0.0,0.0
p27173,geothermal,0.0,0.0,0.0,0.0,0.0
p27173,h2,0.0,0.0,0.0,0.0,0.0
p27173,hydro,0.0,0.0,0.0,0.0,0.0
p27173,nuclear,0.0,0.0,0.0,0.0,0.0
p27173,pumped-hydro,0.0,0.0,0.0,0.0,0.0
p27173,pv,293.0,293.0,293.0,293.0,293.0
p27173,wind-ofs,0.0,0.0,0.0,0.0,0.0
p27173,wind-ons,0.0,0.0,0.0,0.0,0.0
p28005,battery,0.0,0.0,0.0,0.0,0.0
p28005,biomass,0.0,0.0,0.0,0.0,0.0
p28005,coal,0.0,0.0,0.0,0.0,0.0
p28005,gas,0.0,0.0,0.0,0.0,0.0
p28005,geothermal,0.0,0.0,0.0,0.0,0.0
p28005,h2,0.0,0.0,0.0,0.0,0.0
p28005,hydro,0.0,0.0,0.0,0.0,0.0
p28005,nuclear,0.0,0.0,0.0,0.0,0.0
p28005,pumped-hydro,0.0,0.0,0.0,0.0,0.0
p28005,pv,1250.0,1250.0,1250.0,1250.0,1250.0
p28005,wind-ofs,0.0,0.0,0.0,0.0,0.0
p28005,wind-ons,0.0,0.0,0.0,0.0,0.0
p28007,battery,0.0,0.0,0.0,0.0,0.0
p28007,biomass,0.0,0.0,0.0,0.0,0.0
p28007,coal,0.0,0.0,0.0,0.0,0.0
p28007,gas,0.0,0.0,0.0,0.0,0.0
p28007,geothermal,0.0,0.0,0.0,0.0,0.0
p28007,h2,0.0,0.0,0.0,0.0,0.0
p28007,hydro,0.0,0.0,0.0,0.0,0.0
p28007,nuclear,0.0,0.0,0.0,0.0,0.0
p28007,pumped-hydro,0.0,0.0,0.0,0.0,0.0
p28007,pv,200.0,200.0,200.0,200.0,200.0
p28007,wind-ofs,0.0,0.0,0.0,0.0,0.0
p28007,wind-ons,0.0,0.0,0.0,0.0,0.0
p28009,battery,0.0,0.0,0.0,0.0,0.0
p28009,biomass,0.0,0.0,0.0,0.0,0.0
p28009,coal,0.0,0.0,0.0,0.0,0.0
p28009,gas,54.0,54.0,54.0,54.0,54.0
p28009,geothermal,0.0,0.0,0.0,0.0,0.0
p28009,h2,0.0,0.0,0.0,0.0,0.0
p28009,hydro,0.0,0.0,0.0,0.0,0.0
p28009,nuclear,0.0,0.0,0.0,0.0,0.0
p28009,pumped-hydro,0.0,0.0,0.0,0.0,0.0
p28009,pv,0.0,0.0,0.0,0.0,0.0
p28009,wind-ofs,0.0,0.0,0.0,0.0,0.0
p28009,wind-ons,0.0,0.0,0.0,0.0,0.0
p28011,battery,0.0,0.0,0.0,0.0,0.0
p28011,biomass,0.0,0.0,0.0,0.0,0.0
p28011,coal,0.0,0.0,0.0,0.0,0.0
p28011,gas,0.0,0.0,0.0,0.0,0.0
p28011,geothermal,0.0,0.0,0.0,0.0,0.0
p28011,h2,0.0,0.0,0.0,0.0,0.0
p28011,hydro,0.0,0.0,0.0,0.0,0.0
p28011,nuclear,0.0,0.0,0.0,0.0,0.0
p28011,pumped-hydro,0.0,0.0,0.0,0.0,0.0
p28011,pv,1105.0,1105.0,1105.0,1105.0,1105.0
p28011,wind-ofs,0.0,0.0,0.0,0.0,0.0
p28011,wind-ons,0.0,0.0,0.0,0.0,0.0
p28015,battery,0.0,0.0,0.0,0.0,0.0
p28015,biomass,0.0,0.0,0.0,0.0,0.0
p28015,coal,0.0,0.0,0.0,0.0,0.0
p28015,gas,0.0,0.0,0.0,0.0,0.0
p28015,geothermal,0.0,0.0,0.0,0.0,0.0
p28015,h2,0.0,0.0,0.0,0.0,0.0
p28015,hydro,0.0,0.0,0.0,0.0,0.0
p28015,nuclear,0.0,0.0,0.0,0.0,0.0
p28015,pumped-hydro,0.0,0.0,0.0,0.0,0.0
p28015,pv,150.0,150.0,150.0,150.0,150.0
p28015,wind-ofs,0.0,0.0,0.0,0.0,0.0
p28015,wind-ons,0.0,0.0,0.0,0.0,0.0
p28017,battery,0.0,0.0,0.0,0.0,0.0
p28017,biomass,0.0,0.0,0.0,0.0,0.0
p28017,coal,0.0,0.0,0.0,0.0,0.0
p28017,gas,0.0,0.0,0.0,0.0,0.0
p28017,geothermal,0.0,0.0,0.0,0.0,0.0
p28017,h2,0.0,0.0,0.0,0.0,0.0
p28017,hydro,0.0,0.0,0.0,0.0,0.0
p28017,nuclear,0.0,0.0,0.0,0.0,0.0
p28017,pumped-hydro,0.0,0.0,0.0,0.0,0.0
p28017,pv,785.0,785.0,785.0,785.0,785.0
p28017,wind-ofs,0.0,0.0,0.0,0.0,0.0
p28017,wind-ons,0.0,0.0,0.0,0.0,0.0
p28019,battery,0.0,0.0,0.0,0.0,0.0
p28019,biomass,0.0,0.0,0.0,0.0,0.0
p28019,coal,0.0,0.0,0.0,0.0,0.0
p28019,gas,0.0,0.0,0.0,0.0,0.0
p28019,geothermal,0.0,0.0,0.0,0.0,0.0
p28019,h2,0.0,0.0,0.0,0.0,0.0
p28019,hydro,0.0,0.0,0.0,0.0,0.0
p28019,nuclear,0.0,0.0,0.0,0.0,0.0
p28019,pumped-hydro,0.0,0.0,0.0,0.0,0.0
p28019,pv,567.0,567.0,567.0,567.0,567.0
p28019,wind-ofs,0.0,0.0,0.0,0.0,0.0
p28019,wind-ons,1000.0,1000.0,1000.0,1000.0,1000.0
p28025,battery,700.0,700.0,700.0,700.0,700.0
p28025,biomass,0.0,0.0,0.0,0.0,0.0
p28025,coal,0.0,0.0,0.0,0.0,0.0
p28025,gas,0.0,0.0,0.0,0.0,0.0
p28025,geothermal,0.0,0.0,0.0,0.0,0.0
p28025,h2,0.0,0.0,0.0,0.0,0.0
p28025,hydro,0.0,0.0,0.0,0.0,0.0
p28025,nuclear,0.0,0.0,0.0,0.0,0.0
p28025,pumped-hydro,0.0,0.0,0.0,0.0,0.0
p28025,pv,800.0,800.0,800.0,800.0,800.0
p28025,wind-ofs,0.0,0.0,0.0,0.0,0.0
p28025,wind-ons,0.0,0.0,0.0,0.0,0.0
p28027,battery,0.0,0.0,0.0,0.0,0.0
p28027,biomass,0.0,0.0,0.0,0.0,0.0
p28027,coal,0.0,0.0,0.0,0.0,0.0
p28027,gas,0.0,0.0,0.0,0.0,0.0
p28027,geothermal,0.0,0.0,0.0,0.0,0.0
p28027,h2,0.0,0.0,0.0,0.0,0.0
p28027,hydro,0.0,0.0,0.0,0.0,0.0
p28027,nuclear,0.0,0.0,0.0,0.0,0.0
p28027,pumped-hydro,0.0,0.0,0.0,0.0,0.0
p28027,pv,100.0,100.0,100.0,100.0,100.0
p28027,wind-ofs,0.0,0.0,0.0,0.0,0.0
p28027,wind-ons,0.0,0.0,0.0,0.0,0.0
p28029,battery,0.0,0.0,0.0,0.0,0.0
p28029,biomass,0.0,0.0,0.0,0.0,0.0
p28029,coal,0.0,0.0,0.0,0.0,0.0
p28029,gas,0.0,0.0,0.0,0.0,0.0
p28029,geothermal,0.0,0.0,0.0,0.0,0.0
p28029,h2,0.0,0.0,0.0,0.0,0.0
p28029,hydro,0.0,0.0,0.0,0.0,0.0
p28029,nuclear,0.0,0.0,0.0,0.0,0.0
p28029,pumped-hydro,0.0,0.0,0.0,0.0,0.0
p28029,pv,200.0,200.0,200.0,200.0,200.0
p28029,wind-ofs,0.0,0.0,0.0,0.0,0.0
p28029,wind-ons,0.0,0.0,0.0,0.0,0.0
p28031,battery,0.0,0.0,0.0,0.0,0.0
p28031,biomass,0.0,0.0,0.0,0.0,0.0
p28031,coal,0.0,0.0,0.0,0.0,0.0
p28031,gas,0.0,0.0,0.0,0.0,0.0
p28031,geothermal,0.0,0.0,0.0,0.0,0.0
p28031,h2,0.0,0.0,0.0,0.0,0.0
p28031,hydro,0.0,0.0,0.0,0.0,0.0
p28031,nuclear,0.0,0.0,0.0,0.0,0.0
p28031,pumped-hydro,0.0,0.0,0.0,0.0,0.0
p28031,pv,192.0,192.0,192.0,192.0,192.0
p28031,wind-ofs,0.0,0.0,0.0,0.0,0.0
p28031,wind-ons,0.0,0.0,0.0,0.0,0.0
p28033,battery,250.0,250.0,250.0,250.0,250.0
p28033,biomass,0.0,0.0,0.0,0.0,0.0
p28033,coal,0.0,0.0,0.0,0.0,0.0
p28033,gas,1005.0,1005.0,1005.0,1005.0,1005.0
p28033,geothermal,0.0,0.0,0.0,0.0,0.0
p28033,h2,0.0,0.0,0.0,0.0,0.0
p28033,hydro,0.0,0.0,0.0,0.0,0.0
p28033,nuclear,0.0,0.0,0.0,0.0,0.0
p28033,pumped-hydro,0.0,0.0,0.0,0.0,0.0
p28033,pv,649.0,649.0,649.0,649.0,649.0
p28033,wind-ofs,0.0,0.0,0.0,0.0,0.0
p28033,wind-ons,0.0,0.0,0.0,0.0,0.0
p28035,battery,0.0,0.0,0.0,0.0,0.0
p28035,biomass,0.0,0.0,0.0,0.0,0.0
p28035,coal,0.0,0.0,0.0,0.0,0.0
p28035,gas,0.0,0.0,0.0,0.0,0.0
p28035,geothermal,0.0,0.0,0.0,0.0,0.0
p28035,h2,0.0,0.0,0.0,0.0,0.0
p28035,hydro,0.0,0.0,0.0,0.0,0.0
p28035,nuclear,0.0,0.0,0.0,0.0,0.0
p28035,pumped-hydro,0.0,0.0,0.0,0.0,0.0
p28035,pv,99.18,99.18,99.18,99.18,99.18
p28035,wind-ofs,0.0,0.0,0.0,0.0,0.0
p28035,wind-ons,0.0,0.0,0.0,0.0,0.0
p28037,battery,0.0,0.0,0.0,0.0,0.0
p28037,biomass,0.0,0.0,0.0,0.0,0.0
p28037,coal,0.0,0.0,0.0,0.0,0.0
p28037,gas,0.0,0.0,0.0,0.0,0.0
p28037,geothermal,0.0,0.0,0.0,0.0,0.0
p28037,h2,0.0,0.0,0.0,0.0,0.0
p28037,hydro,0.0,0.0,0.0,0.0,0.0
p28037,nuclear,0.0,0.0,0.0,0.0,0.0
p28037,pumped-hydro,0.0,0.0,0.0,0.0,0.0
p28037,pv,80.0,80.0,80.0,80.0,80.0
p28037,wind-ofs,0.0,0.0,0.0,0.0,0.0
p28037,wind-ons,0.0,0.0,0.0,0.0,0.0
p28043,battery,0.0,0.0,0.0,0.0,0.0
p28043,biomass,0.0,0.0,0.0,0.0,0.0
p28043,coal,0.0,0.0,0.0,0.0,0.0
p28043,gas,0.0,0.0,0.0,0.0,0.0
p28043,geothermal,0.0,0.0,0.0,0.0,0.0
p28043,h2,0.0,0.0,0.0,0.0,0.0
p28043,hydro,0.0,0.0,0.0,0.0,0.0
p28043,nuclear,0.0,0.0,0.0,0.0,0.0
p28043,pumped-hydro,0.0,0.0,0.0,0.0,0.0
p28043,pv,250.55,250.55,250.55,250.55,250.55
p28043,wind-ofs,0.0,0.0,0.0,0.0,0.0
p28043,wind-ons,0.0,0.0,0.0,0.0,0.0
p28049,battery,0.0,0.0,0.0,0.0,0.0
p28049,biomass,0.0,0.0,0.0,0.0,0.0
p28049,coal,0.0,0.0,0.0,0.0,0.0
p28049,gas,770.0,770.0,770.0,770.0,770.0
p28049,geothermal,0.0,0.0,0.0,0.0,0.0
p28049,h2,0.0,0.0,0.0,0.0,0.0
p28049,hydro,0.0,0.0,0.0,0.0,0.0
p28049,nuclear,0.0,0.0,0.0,0.0,0.0
p28049,pumped-hydro,0.0,0.0,0.0,0.0,0.0
p28049,pv,1681.0,1681.0,1681.0,1681.0,1681.0
p28049,wind-ofs,0.0,0.0,0.0,0.0,0.0
p28049,wind-ons,0.0,0.0,0.0,0.0,0.0
p28051,battery,100.0,100.0,100.0,100.0,100.0
p28051,biomass,0.0,0.0,0.0,0.0,0.0
p28051,coal,0.0,0.0,0.0,0.0,0.0
p28051,gas,0.0,0.0,0.0,0.0,0.0
p28051,geothermal,0.0,0.0,0.0,0.0,0.0
p28051,h2,0.0,0.0,0.0,0.0,0.0
p28051,hydro,0.0,0.0,0.0,0.0,0.0
p28051,nuclear,0.0,0.0,0.0,0.0,0.0
p28051,pumped-hydro,0.0,0.0,0.0,0.0,0.0
p28051,pv,1612.0,1612.0,1612.0,1612.0,1612.0
p28051,wind-ofs,0.0,0.0,0.0,0.0,0.0
p28051,wind-ons,0.0,0.0,0.0,0.0,0.0
p28053,battery,0.0,0.0,0.0,0.0,0.0
p28053,biomass,0.0,0.0,0.0,0.0,0.0
p28053,coal,0.0,0.0,0.0,0.0,0.0
p28053,gas,0.0,0.0,0.0,0.0,0.0
p28053,geothermal,0.0,0.0,0.0,0.0,0.0
p28053,h2,0.0,0.0,0.0,0.0,0.0
p28053,hydro,0.0,0.0,0.0,0.0,0.0
p28053,nuclear,0.0,0.0,0.0,0.0,0.0
p28053,pumped-hydro,0.0,0.0,0.0,0.0,0.0
p28053,pv,165.0,165.0,165.0,165.0,165.0
p28053,wind-ofs,0.0,0.0,0.0,0.0,0.0
p28053,wind-ons,0.0,0.0,0.0,0.0,0.0
p28061,battery,150.0,150.0,150.0,150.0,150.0
p28061,biomass,0.0,0.0,0.0,0.0,0.0
p28061,coal,0.0,0.0,0.0,0.0,0.0
p28061,gas,0.0,0.0,0.0,0.0,0.0
p28061,geothermal,0.0,0.0,0.0,0.0,0.0
p28061,h2,0.0,0.0,0.0,0.0,0.0
p28061,hydro,0.0,0.0,0.0,0.0,0.0
p28061,nuclear,0.0,0.0,0.0,0.0,0.0
p28061,pumped-hydro,0.0,0.0,0.0,0.0,0.0
p28061,pv,1036.0,1036.0,1036.0,1036.0,1036.0
p28061,wind-ofs,0.0,0.0,0.0,0.0,0.0
p28061,wind-ons,0.0,0.0,0.0,0.0,0.0
p28063,battery,0.0,0.0,0.0,0.0,0.0
p28063,biomass,0.0,0.0,0.0,0.0,0.0
p28063,coal,0.0,0.0,0.0,0.0,0.0
p28063,gas,0.0,0.0,0.0,0.0,0.0
p28063,geothermal,0.0,0.0,0.0,0.0,0.0
p28063,h2,0.0,0.0,0.0,0.0,0.0
p28063,hydro,0.0,0.0,0.0,0.0,0.0
p28063,nuclear,0.0,0.0,0.0,0.0,0.0
p28063,pumped-hydro,0.0,0.0,0.0,0.0,0.0
p28063,pv,800.0,800.0,800.0,800.0,800.0
p28063,wind-ofs,0.0,0.0,0.0,0.0,0.0
p28063,wind-ons,0.0,0.0,0.0,0.0,0.0
p28065,battery,0.0,0.0,0.0,0.0,0.0
p28065,biomass,0.0,0.0,0.0,0.0,0.0
p28065,coal,0.0,0.0,0.0,0.0,0.0
p28065,gas,0.0,0.0,0.0,0.0,0.0
p28065,geothermal,0.0,0.0,0.0,0.0,0.0
p28065,h2,0.0,0.0,0.0,0.0,0.0
p28065,hydro,0.0,0.0,0.0,0.0,0.0
p28065,nuclear,0.0,0.0,0.0,0.0,0.0
p28065,pumped-hydro,0.0,0.0,0.0,0.0,0.0
p28065,pv,172.5,172.5,172.5,172.5,172.5
p28065,wind-ofs,0.0,0.0,0.0,0.0,0.0
p28065,wind-ons,0.0,0.0,0.0,0.0,0.0
p28067,battery,0.0,0.0,0.0,0.0,0.0
p28067,biomass,0.0,0.0,0.0,0.0,0.0
p28067,coal,0.0,0.0,0.0,0.0,0.0
p28067,gas,0.0,0.0,0.0,0.0,0.0
p28067,geothermal,0.0,0.0,0.0,0.0,0.0
p28067,h2,0.0,0.0,0.0,0.0,0.0
p28067,hydro,0.0,0.0,0.0,0.0,0.0
p28067,nuclear,0.0,0.0,0.0,0.0,0.0
p28067,pumped-hydro,0.0,0.0,0.0,0.0,0.0
p28067,pv,200.0,200.0,200.0,200.0,200.0
p28067,wind-ofs,0.0,0.0,0.0,0.0,0.0
p28067,wind-ons,0.0,0.0,0.0,0.0,0.0
p28073,battery,250.0,250.0,250.0,250.0,250.0
p28073,biomass,0.0,0.0,0.0,0.0,0.0
p28073,coal,0.0,0.0,0.0,0.0,0.0
p28073,gas,0.0,0.0,0.0,0.0,0.0
p28073,geothermal,0.0,0.0,0.0,0.0,0.0
p28073,h2,0.0,0.0,0.0,0.0,0.0
p28073,hydro,0.0,0.0,0.0,0.0,0.0
p28073,nuclear,0.0,0.0,0.0,0.0,0.0
p28073,pumped-hydro,0.0,0.0,0.0,0.0,0.0
p28073,pv,825.0,825.0,825.0,825.0,825.0
p28073,wind-ofs,0.0,0.0,0.0,0.0,0.0
p28073,wind-ons,0.0,0.0,0.0,0.0,0.0
p28077,battery,0.0,0.0,0.0,0.0,0.0
p28077,biomass,0.0,0.0,0.0,0.0,0.0
p28077,coal,0.0,0.0,0.0,0.0,0.0
p28077,gas,0.0,0.0,0.0,0.0,0.0
p28077,geothermal,0.0,0.0,0.0,0.0,0.0
p28077,h2,0.0,0.0,0.0,0.0,0.0
p28077,hydro,0.0,0.0,0.0,0.0,0.0
p28077,nuclear,0.0,0.0,0.0,0.0,0.0
p28077,pumped-hydro,0.0,0.0,0.0,0.0,0.0
p28077,pv,0.0,0.0,0.0,0.0,0.0
p28077,wind-ofs,0.0,0.0,0.0,0.0,0.0
p28077,wind-ons,50.0,50.0,50.0,50.0,50.0
p28081,battery,0.0,0.0,0.0,0.0,0.0
p28081,biomass,0.0,0.0,0.0,0.0,0.0
p28081,coal,0.0,0.0,0.0,0.0,0.0
p28081,gas,0.0,0.0,0.0,0.0,0.0
p28081,geothermal,0.0,0.0,0.0,0.0,0.0
p28081,h2,0.0,0.0,0.0,0.0,0.0
p28081,hydro,0.0,0.0,0.0,0.0,0.0
p28081,nuclear,0.0,0.0,0.0,0.0,0.0
p28081,pumped-hydro,0.0,0.0,0.0,0.0,0.0
p28081,pv,200.0,200.0,200.0,200.0,200.0
p28081,wind-ofs,0.0,0.0,0.0,0.0,0.0
p28081,wind-ons,0.0,0.0,0.0,0.0,0.0
p28083,battery,0.0,0.0,0.0,0.0,0.0
p28083,biomass,0.0,0.0,0.0,0.0,0.0
p28083,coal,0.0,0.0,0.0,0.0,0.0
p28083,gas,0.0,0.0,0.0,0.0,0.0
p28083,geothermal,0.0,0.0,0.0,0.0,0.0
p28083,h2,0.0,0.0,0.0,0.0,0.0
p28083,hydro,0.0,0.0,0.0,0.0,0.0
p28083,nuclear,0.0,0.0,0.0,0.0,0.0
p28083,pumped-hydro,0.0,0.0,0.0,0.0,0.0
p28083,pv,550.0,550.0,550.0,550.0,550.0
p28083,wind-ofs,0.0,0.0,0.0,0.0,0.0
p28083,wind-ons,0.0,0.0,0.0,0.0,0.0
p28085,battery,0.0,0.0,0.0,0.0,0.0
p28085,biomass,0.0,0.0,0.0,0.0,0.0
p28085,coal,0.0,0.0,0.0,0.0,0.0
p28085,gas,0.0,0.0,0.0,0.0,0.0
p28085,geothermal,0.0,0.0,0.0,0.0,0.0
p28085,h2,0.0,0.0,0.0,0.0,0.0
p28085,hydro,0.0,0.0,0.0,0.0,0.0
p28085,nuclear,0.0,0.0,0.0,0.0,0.0
p28085,pumped-hydro,0.0,0.0,0.0,0.0,0.0
p28085,pv,720.0,720.0,720.0,720.0,720.0
p28085,wind-ofs,0.0,0.0,0.0,0.0,0.0
p28085,wind-ons,0.0,0.0,0.0,0.0,0.0
p28087,battery,100.0,100.0,100.0,100.0,100.0
p28087,biomass,0.0,0.0,0.0,0.0,0.0
p28087,coal,0.0,0.0,0.0,0.0,0.0
p28087,gas,620.0,620.0,620.0,620.0,620.0
p28087,geothermal,0.0,0.0,0.0,0.0,0.0
p28087,h2,0.0,0.0,0.0,0.0,0.0
p28087,hydro,0.0,0.0,0.0,0.0,0.0
p28087,nuclear,0.0,0.0,0.0,0.0,0.0
p28087,pumped-hydro,0.0,0.0,0.0,0.0,0.0
p28087,pv,654.0,654.0,654.0,654.0,654.0
p28087,wind-ofs,0.0,0.0,0.0,0.0,0.0
p28087,wind-ons,0.0,0.0,0.0,0.0,0.0
p28089,battery,158.5,158.5,158.5,158.5,158.5
p28089,biomass,0.0,0.0,0.0,0.0,0.0
p28089,coal,0.0,0.0,0.0,0.0,0.0
p28089,gas,0.0,0.0,0.0,0.0,0.0
p28089,geothermal,0.0,0.0,0.0,0.0,0.0
p28089,h2,0.0,0.0,0.0,0.0,0.0
p28089,hydro,0.0,0.0,0.0,0.0,0.0
p28089,nuclear,0.0,0.0,0.0,0.0,0.0
p28089,pumped-hydro,0.0,0.0,0.0,0.0,0.0
p28089,pv,1274.58,1274.58,1274.58,1274.58,1274.58
p28089,wind-ofs,0.0,0.0,0.0,0.0,0.0
p28089,wind-ons,0.0,0.0,0.0,0.0,0.0
p28091,battery,0.0,0.0,0.0,0.0,0.0
p28091,biomass,0.0,0.0,0.0,0.0,0.0
p28091,coal,0.0,0.0,0.0,0.0,0.0
p28091,gas,0.0,0.0,0.0,0.0,0.0
p28091,geothermal,0.0,0.0,0.0,0.0,0.0
p28091,h2,0.0,0.0,0.0,0.0,0.0
p28091,hydro,0.0,0.0,0.0,0.0,0.0
p28091,nuclear,0.0,0.0,0.0,0.0,0.0
p28091,pumped-hydro,0.0,0.0,0.0,0.0,0.0
p28091,pv,100.0,100.0,100.0,100.0,100.0
p28091,wind-ofs,0.0,0.0,0.0,0.0,0.0
p28091,wind-ons,0.0,0.0,0.0,0.0,0.0
p28093,battery,0.0,0.0,0.0,0.0,0.0
p28093,biomass,0.0,0.0,0.0,0.0,0.0
p28093,coal,0.0,0.0,0.0,0.0,0.0
p28093,gas,0.0,0.0,0.0,0.0,0.0
p28093,geothermal,0.0,0.0,0.0,0.0,0.0
p28093,h2,0.0,0.0,0.0,0.0,0.0
p28093,hydro,0.0,0.0,0.0,0.0,0.0
p28093,nuclear,0.0,0.0,0.0,0.0,0.0
p28093,pumped-hydro,0.0,0.0,0.0,0.0,0.0
p28093,pv,50.0,50.0,50.0,50.0,50.0
p28093,wind-ofs,0.0,0.0,0.0,0.0,0.0
p28093,wind-ons,0.0,0.0,0.0,0.0,0.0
p28095,battery,75.0,75.0,75.0,75.0,75.0
p28095,biomass,0.0,0.0,0.0,0.0,0.0
p28095,coal,0.0,0.0,0.0,0.0,0.0
p28095,gas,0.0,0.0,0.0,0.0,0.0
p28095,geothermal,0.0,0.0,0.0,0.0,0.0
p28095,h2,0.0,0.0,0.0,0.0,0.0
p28095,hydro,0.0,0.0,0.0,0.0,0.0
p28095,nuclear,0.0,0.0,0.0,0.0,0.0
p28095,pumped-hydro,0.0,0.0,0.0,0.0,0.0
p28095,pv,360.0,360.0,360.0,360.0,360.0
p28095,wind-ofs,0.0,0.0,0.0,0.0,0.0
p28095,wind-ons,0.0,0.0,0.0,0.0,0.0
p28097,battery,0.0,0.0,0.0,0.0,0.0
p28097,biomass,0.0,0.0,0.0,0.0,0.0
p28097,coal,0.0,0.0,0.0,0.0,0.0
p28097,gas,0.0,0.0,0.0,0.0,0.0
p28097,geothermal,0.0,0.0,0.0,0.0,0.0
p28097,h2,0.0,0.0,0.0,0.0,0.0
p28097,hydro,0.0,0.0,0.0,0.0,0.0
p28097,nuclear,0.0,0.0,0.0,0.0,0.0
p28097,pumped-hydro,0.0,0.0,0.0,0.0,0.0
p28097,pv,130.0,130.0,130.0,130.0,130.0
p28097,wind-ofs,0.0,0.0,0.0,0.0,0.0
p28097,wind-ons,0.0,0.0,0.0,0.0,0.0
p28101,battery,0.0,0.0,0.0,0.0,0.0
p28101,biomass,0.0,0.0,0.0,0.0,0.0
p28101,coal,0.0,0.0,0.0,0.0,0.0
p28101,gas,0.0,0.0,0.0,0.0,0.0
p28101,geothermal,0.0,0.0,0.0,0.0,0.0
p28101,h2,0.0,0.0,0.0,0.0,0.0
p28101,hydro,0.0,0.0,0.0,0.0,0.0
p28101,nuclear,0.0,0.0,0.0,0.0,0.0
p28101,pumped-hydro,0.0,0.0,0.0,0.0,0.0
p28101,pv,200.0,200.0,200.0,200.0,200.0
p28101,wind-ofs,0.0,0.0,0.0,0.0,0.0
p28101,wind-ons,0.0,0.0,0.0,0.0,0.0
p28105,battery,0.0,0.0,0.0,0.0,0.0
p28105,biomass,0.0,0.0,0.0,0.0,0.0
p28105,coal,0.0,0.0,0.0,0.0,0.0
p28105,gas,0.0,0.0,0.0,0.0,0.0
p28105,geothermal,0.0,0.0,0.0,0.0,0.0
p28105,h2,0.0,0.0,0.0,0.0,0.0
p28105,hydro,0.0,0.0,0.0,0.0,0.0
p28105,nuclear,0.0,0.0,0.0,0.0,0.0
p28105,pumped-hydro,0.0,0.0,0.0,0.0,0.0
p28105,pv,138.0,138.0,138.0,138.0,138.0
p28105,wind-ofs,0.0,0.0,0.0,0.0,0.0
p28105,wind-ons,0.0,0.0,0.0,0.0,0.0
p28107,battery,0.0,0.0,0.0,0.0,0.0
p28107,biomass,0.0,0.0,0.0,0.0,0.0
p28107,coal,0.0,0.0,0.0,0.0,0.0
p28107,gas,0.0,0.0,0.0,0.0,0.0
p28107,geothermal,0.0,0.0,0.0,0.0,0.0
p28107,h2,0.0,0.0,0.0,0.0,0.0
p28107,hydro,0.0,0.0,0.0,0.0,0.0
p28107,nuclear,0.0,0.0,0.0,0.0,0.0
p28107,pumped-hydro,0.0,0.0,0.0,0.0,0.0
p28107,pv,720.0,720.0,720.0,720.0,720.0
p28107,wind-ofs,0.0,0.0,0.0,0.0,0.0
p28107,wind-ons,0.0,0.0,0.0,0.0,0.0
p28111,battery,220.0,220.0,220.0,220.0,220.0
p28111,biomass,0.0,0.0,0.0,0.0,0.0
p28111,coal,0.0,0.0,0.0,0.0,0.0
p28111,gas,0.0,0.0,0.0,0.0,0.0
p28111,geothermal,0.0,0.0,0.0,0.0,0.0
p28111,h2,0.0,0.0,0.0,0.0,0.0
p28111,hydro,0.0,0.0,0.0,0.0,0.0
p28111,nuclear,0.0,0.0,0.0,0.0,0.0
p28111,pumped-hydro,0.0,0.0,0.0,0.0,0.0
p28111,pv,960.0,960.0,960.0,960.0,960.0
p28111,wind-ofs,0.0,0.0,0.0,0.0,0.0
p28111,wind-ons,0.0,0.0,0.0,0.0,0.0
p28113,battery,0.0,0.0,0.0,0.0,0.0
p28113,biomass,0.0,0.0,0.0,0.0,0.0
p28113,coal,0.0,0.0,0.0,0.0,0.0
p28113,gas,0.0,0.0,0.0,0.0,0.0
p28113,geothermal,0.0,0.0,0.0,0.0,0.0
p28113,h2,0.0,0.0,0.0,0.0,0.0
p28113,hydro,0.0,0.0,0.0,0.0,0.0
p28113,nuclear,0.0,0.0,0.0,0.0,0.0
p28113,pumped-hydro,0.0,0.0,0.0,0.0,0.0
p28113,pv,150.0,150.0,150.0,150.0,150.0
p28113,wind-ofs,0.0,0.0,0.0,0.0,0.0
p28113,wind-ons,0.0,0.0,0.0,0.0,0.0
p28119,battery,0.0,0.0,0.0,0.0,0.0
p28119,biomass,0.0,0.0,0.0,0.0,0.0
p28119,coal,0.0,0.0,0.0,0.0,0.0
p28119,gas,0.0,0.0,0.0,0.0,0.0
p28119,geothermal,0.0,0.0,0.0,0.0,0.0
p28119,h2,0.0,0.0,0.0,0.0,0.0
p28119,hydro,0.0,0.0,0.0,0.0,0.0
p28119,nuclear,0.0,0.0,0.0,0.0,0.0
p28119,pumped-hydro,0.0,0.0,0.0,0.0,0.0
p28119,pv,450.0,450.0,450.0,450.0,450.0
p28119,wind-ofs,0.0,0.0,0.0,0.0,0.0
p28119,wind-ons,0.0,0.0,0.0,0.0,0.0
p28121,battery,0.0,0.0,0.0,0.0,0.0
p28121,biomass,0.0,0.0,0.0,0.0,0.0
p28121,coal,0.0,0.0,0.0,0.0,0.0
p28121,gas,0.0,0.0,0.0,0.0,0.0
p28121,geothermal,0.0,0.0,0.0,0.0,0.0
p28121,h2,0.0,0.0,0.0,0.0,0.0
p28121,hydro,0.0,0.0,0.0,0.0,0.0
p28121,nuclear,0.0,0.0,0.0,0.0,0.0
p28121,pumped-hydro,0.0,0.0,0.0,0.0,0.0
p28121,pv,140.0,140.0,140.0,140.0,140.0
p28121,wind-ofs,0.0,0.0,0.0,0.0,0.0
p28121,wind-ons,0.0,0.0,0.0,0.0,0.0
p28123,battery,0.0,0.0,0.0,0.0,0.0
p28123,biomass,0.0,0.0,0.0,0.0,0.0
p28123,coal,0.0,0.0,0.0,0.0,0.0
p28123,gas,0.0,0.0,0.0,0.0,0.0
p28123,geothermal,0.0,0.0,0.0,0.0,0.0
p28123,h2,0.0,0.0,0.0,0.0,0.0
p28123,hydro,0.0,0.0,0.0,0.0,0.0
p28123,nuclear,0.0,0.0,0.0,0.0,0.0
p28123,pumped-hydro,0.0,0.0,0.0,0.0,0.0
p28123,pv,284.0,284.0,284.0,284.0,284.0
p28123,wind-ofs,0.0,0.0,0.0,0.0,0.0
p28123,wind-ons,0.0,0.0,0.0,0.0,0.0
p28125,battery,0.0,0.0,0.0,0.0,0.0
p28125,biomass,0.0,0.0,0.0,0.0,0.0
p28125,coal,0.0,0.0,0.0,0.0,0.0
p28125,gas,0.0,0.0,0.0,0.0,0.0
p28125,geothermal,0.0,0.0,0.0,0.0,0.0
p28125,h2,0.0,0.0,0.0,0.0,0.0
p28125,hydro,0.0,0.0,0.0,0.0,0.0
p28125,nuclear,0.0,0.0,0.0,0.0,0.0
p28125,pumped-hydro,0.0,0.0,0.0,0.0,0.0
p28125,pv,336.0,336.0,336.0,336.0,336.0
p28125,wind-ofs,0.0,0.0,0.0,0.0,0.0
p28125,wind-ons,0.0,0.0,0.0,0.0,0.0
p28127,battery,50.0,50.0,50.0,50.0,50.0
p28127,biomass,0.0,0.0,0.0,0.0,0.0
p28127,coal,0.0,0.0,0.0,0.0,0.0
p28127,gas,0.0,0.0,0.0,0.0,0.0
p28127,geothermal,0.0,0.0,0.0,0.0,0.0
p28127,h2,0.0,0.0,0.0,0.0,0.0
p28127,hydro,0.0,0.0,0.0,0.0,0.0
p28127,nuclear,0.0,0.0,0.0,0.0,0.0
p28127,pumped-hydro,0.0,0.0,0.0,0.0,0.0
p28127,pv,320.0,320.0,320.0,320.0,320.0
p28127,wind-ofs,0.0,0.0,0.0,0.0,0.0
p28127,wind-ons,0.0,0.0,0.0,0.0,0.0
p28131,battery,0.0,0.0,0.0,0.0,0.0
p28131,biomass,0.0,0.0,0.0,0.0,0.0
p28131,coal,0.0,0.0,0.0,0.0,0.0
p28131,gas,0.0,0.0,0.0,0.0,0.0
p28131,geothermal,0.0,0.0,0.0,0.0,0.0
p28131,h2,0.0,0.0,0.0,0.0,0.0
p28131,hydro,0.0,0.0,0.0,0.0,0.0
p28131,nuclear,0.0,0.0,0.0,0.0,0.0
p28131,pumped-hydro,0.0,0.0,0.0,0.0,0.0
p28131,pv,248.0,248.0,248.0,248.0,248.0
p28131,wind-ofs,0.0,0.0,0.0,0.0,0.0
p28131,wind-ons,0.0,0.0,0.0,0.0,0.0
p28133,battery,0.0,0.0,0.0,0.0,0.0
p28133,biomass,0.0,0.0,0.0,0.0,0.0
p28133,coal,0.0,0.0,0.0,0.0,0.0
p28133,gas,0.0,0.0,0.0,0.0,0.0
p28133,geothermal,0.0,0.0,0.0,0.0,0.0
p28133,h2,0.0,0.0,0.0,0.0,0.0
p28133,hydro,0.0,0.0,0.0,0.0,0.0
p28133,nuclear,0.0,0.0,0.0,0.0,0.0
p28133,pumped-hydro,0.0,0.0,0.0,0.0,0.0
p28133,pv,1742.0,1742.0,1742.0,1742.0,1742.0
p28133,wind-ofs,0.0,0.0,0.0,0.0,0.0
p28133,wind-ons,557.0,557.0,557.0,557.0,557.0
p28135,battery,0.0,0.0,0.0,0.0,0.0
p28135,biomass,0.0,0.0,0.0,0.0,0.0
p28135,coal,0.0,0.0,0.0,0.0,0.0
p28135,gas,0.0,0.0,0.0,0.0,0.0
p28135,geothermal,0.0,0.0,0.0,0.0,0.0
p28135,h2,0.0,0.0,0.0,0.0,0.0
p28135,hydro,0.0,0.0,0.0,0.0,0.0
p28135,nuclear,0.0,0.0,0.0,0.0,0.0
p28135,pumped-hydro,0.0,0.0,0.0,0.0,0.0
p28135,pv,200.0,200.0,200.0,200.0,200.0
p28135,wind-ofs,0.0,0.0,0.0,0.0,0.0
p28135,wind-ons,220.0,220.0,220.0,220.0,220.0
p28143,battery,0.0,0.0,0.0,0.0,0.0
p28143,biomass,0.0,0.0,0.0,0.0,0.0
p28143,coal,0.0,0.0,0.0,0.0,0.0
p28143,gas,0.0,0.0,0.0,0.0,0.0
p28143,geothermal,0.0,0.0,0.0,0.0,0.0
p28143,h2,0.0,0.0,0.0,0.0,0.0
p28143,hydro,0.0,0.0,0.0,0.0,0.0
p28143,nuclear,0.0,0.0,0.0,0.0,0.0
p28143,pumped-hydro,0.0,0.0,0.0,0.0,0.0
p28143,pv,970.0,970.0,970.0,970.0,970.0
p28143,wind-ofs,0.0,0.0,0.0,0.0,0.0
p28143,wind-ons,400.0,400.0,400.0,400.0,400.0
p28147,battery,0.0,0.0,0.0,0.0,0.0
p28147,biomass,0.0,0.0,0.0,0.0,0.0
p28147,coal,0.0,0.0,0.0,0.0,0.0
p28147,gas,0.0,0.0,0.0,0.0,0.0
p28147,geothermal,0.0,0.0,0.0,0.0,0.0
p28147,h2,0.0,0.0,0.0,0.0,0.0
p28147,hydro,0.0,0.0,0.0,0.0,0.0
p28147,nuclear,0.0,0.0,0.0,0.0,0.0
p28147,pumped-hydro,0.0,0.0,0.0,0.0,0.0
p28147,pv,448.0,448.0,448.0,448.0,448.0
p28147,wind-ofs,0.0,0.0,0.0,0.0,0.0
p28147,wind-ons,0.0,0.0,0.0,0.0,0.0
p28149,battery,0.0,0.0,0.0,0.0,0.0
p28149,biomass,0.0,0.0,0.0,0.0,0.0
p28149,coal,0.0,0.0,0.0,0.0,0.0
p28149,gas,770.0,770.0,770.0,770.0,770.0
p28149,geothermal,0.0,0.0,0.0,0.0,0.0
p28149,h2,0.0,0.0,0.0,0.0,0.0
p28149,hydro,0.0,0.0,0.0,0.0,0.0
p28149,nuclear,0.0,0.0,0.0,0.0,0.0
p28149,pumped-hydro,0.0,0.0,0.0,0.0,0.0
p28149,pv,0.0,0.0,0.0,0.0,0.0
p28149,wind-ofs,0.0,0.0,0.0,0.0,0.0
p28149,wind-ons,0.0,0.0,0.0,0.0,0.0
p28151,battery,0.0,0.0,0.0,0.0,0.0
p28151,biomass,0.0,0.0,0.0,0.0,0.0
p28151,coal,0.0,0.0,0.0,0.0,0.0
p28151,gas,0.0,0.0,0.0,0.0,0.0
p28151,geothermal,0.0,0.0,0.0,0.0,0.0
p28151,h2,0.0,0.0,0.0,0.0,0.0
p28151,hydro,0.0,0.0,0.0,0.0,0.0
p28151,nuclear,0.0,0.0,0.0,0.0,0.0
p28151,pumped-hydro,0.0,0.0,0.0,0.0,0.0
p28151,pv,950.0,950.0,950.0,950.0,950.0
p28151,wind-ofs,0.0,0.0,0.0,0.0,0.0
p28151,wind-ons,0.0,0.0,0.0,0.0,0.0
p28157,battery,0.0,0.0,0.0,0.0,0.0
p28157,biomass,0.0,0.0,0.0,0.0,0.0
p28157,coal,0.0,0.0,0.0,0.0,0.0
p28157,gas,0.0,0.0,0.0,0.0,0.0
p28157,geothermal,0.0,0.0,0.0,0.0,0.0
p28157,h2,0.0,0.0,0.0,0.0,0.0
p28157,hydro,0.0,0.0,0.0,0.0,0.0
p28157,nuclear,0.0,0.0,0.0,0.0,0.0
p28157,pumped-hydro,0.0,0.0,0.0,0.0,0.0
p28157,pv,50.0,50.0,50.0,50.0,50.0
p28157,wind-ofs,0.0,0.0,0.0,0.0,0.0
p28157,wind-ons,0.0,0.0,0.0,0.0,0.0
p28161,battery,0.0,0.0,0.0,0.0,0.0
p28161,biomass,0.0,0.0,0.0,0.0,0.0
p28161,coal,0.0,0.0,0.0,0.0,0.0
p28161,gas,0.0,0.0,0.0,0.0,0.0
p28161,geothermal,0.0,0.0,0.0,0.0,0.0
p28161,h2,0.0,0.0,0.0,0.0,0.0
p28161,hydro,0.0,0.0,0.0,0.0,0.0
p28161,nuclear,0.0,0.0,0.0,0.0,0.0
p28161,pumped-hydro,0.0,0.0,0.0,0.0,0.0
p28161,pv,199.0,199.0,199.0,199.0,199.0
p28161,wind-ofs,0.0,0.0,0.0,0.0,0.0
p28161,wind-ons,0.0,0.0,0.0,0.0,0.0
p28163,battery,0.0,0.0,0.0,0.0,0.0
p28163,biomass,0.0,0.0,0.0,0.0,0.0
p28163,coal,0.0,0.0,0.0,0.0,0.0
p28163,gas,0.0,0.0,0.0,0.0,0.0
p28163,geothermal,0.0,0.0,0.0,0.0,0.0
p28163,h2,0.0,0.0,0.0,0.0,0.0
p28163,hydro,0.0,0.0,0.0,0.0,0.0
p28163,nuclear,0.0,0.0,0.0,0.0,0.0
p28163,pumped-hydro,0.0,0.0,0.0,0.0,0.0
p28163,pv,270.0,270.0,270.0,270.0,270.0
p28163,wind-ofs,0.0,0.0,0.0,0.0,0.0
p28163,wind-ons,0.0,0.0,0.0,0.0,0.0
p29001,battery,0.0,0.0,0.0,0.0,0.0
p29001,biomass,0.0,0.0,0.0,0.0,0.0
p29001,coal,0.0,0.0,0.0,0.0,0.0
p29001,gas,0.0,0.0,0.0,0.0,0.0
p29001,geothermal,0.0,0.0,0.0,0.0,0.0
p29001,h2,0.0,0.0,0.0,0.0,0.0
p29001,hydro,0.0,0.0,0.0,0.0,0.0
p29001,nuclear,0.0,0.0,0.0,0.0,0.0
p29001,pumped-hydro,0.0,0.0,0.0,0.0,0.0
p29001,pv,700.0,700.0,700.0,700.0,700.0
p29001,wind-ofs,0.0,0.0,0.0,0.0,0.0
p29001,wind-ons,0.0,0.0,0.0,0.0,0.0
p29003,battery,0.0,0.0,0.0,0.0,0.0
p29003,biomass,0.0,0.0,0.0,0.0,0.0
p29003,coal,0.0,0.0,0.0,0.0,0.0
p29003,gas,0.0,0.0,0.0,0.0,0.0
p29003,geothermal,0.0,0.0,0.0,0.0,0.0
p29003,h2,0.0,0.0,0.0,0.0,0.0
p29003,hydro,0.0,0.0,0.0,0.0,0.0
p29003,nuclear,0.0,0.0,0.0,0.0,0.0
p29003,pumped-hydro,0.0,0.0,0.0,0.0,0.0
p29003,pv,750.0,750.0,750.0,750.0,750.0
p29003,wind-ofs,0.0,0.0,0.0,0.0,0.0
p29003,wind-ons,400.0,400.0,400.0,400.0,400.0
p29005,battery,0.0,0.0,0.0,0.0,0.0
p29005,biomass,0.0,0.0,0.0,0.0,0.0
p29005,coal,0.0,0.0,0.0,0.0,0.0
p29005,gas,0.0,0.0,0.0,0.0,0.0
p29005,geothermal,0.0,0.0,0.0,0.0,0.0
p29005,h2,0.0,0.0,0.0,0.0,0.0
p29005,hydro,0.0,0.0,0.0,0.0,0.0
p29005,nuclear,0.0,0.0,0.0,0.0,0.0
p29005,pumped-hydro,0.0,0.0,0.0,0.0,0.0
p29005,pv,0.0,0.0,0.0,0.0,0.0
p29005,wind-ofs,0.0,0.0,0.0,0.0,0.0
p29005,wind-ons,488.0,488.0,488.0,488.0,488.0
p29007,battery,0.0,0.0,0.0,0.0,0.0
p29007,biomass,0.0,0.0,0.0,0.0,0.0
p29007,coal,0.0,0.0,0.0,0.0,0.0
p29007,gas,0.0,0.0,0.0,0.0,0.0
p29007,geothermal,0.0,0.0,0.0,0.0,0.0
p29007,h2,0.0,0.0,0.0,0.0,0.0
p29007,hydro,0.0,0.0,0.0,0.0,0.0
p29007,nuclear,0.0,0.0,0.0,0.0,0.0
p29007,pumped-hydro,0.0,0.0,0.0,0.0,0.0
p29007,pv,255.0,255.0,255.0,255.0,255.0
p29007,wind-ofs,0.0,0.0,0.0,0.0,0.0
p29007,wind-ons,800.0,800.0,800.0,800.0,800.0
p29009,battery,0.0,0.0,0.0,0.0,0.0
p29009,biomass,0.0,0.0,0.0,0.0,0.0
p29009,coal,0.0,0.0,0.0,0.0,0.0
p29009,gas,0.0,0.0,0.0,0.0,0.0
p29009,geothermal,0.0,0.0,0.0,0.0,0.0
p29009,h2,0.0,0.0,0.0,0.0,0.0
p29009,hydro,0.0,0.0,0.0,0.0,0.0
p29009,nuclear,0.0,0.0,0.0,0.0,0.0
p29009,pumped-hydro,0.0,0.0,0.0,0.0,0.0
p29009,pv,260.0,260.0,260.0,260.0,260.0
p29009,wind-ofs,0.0,0.0,0.0,0.0,0.0
p29009,wind-ons,0.0,0.0,0.0,0.0,0.0
p29011,battery,0.0,0.0,0.0,0.0,0.0
p29011,biomass,0.0,0.0,0.0,0.0,0.0
p29011,coal,0.0,0.0,0.0,0.0,0.0
p29011,gas,0.0,0.0,0.0,0.0,0.0
p29011,geothermal,0.0,0.0,0.0,0.0,0.0
p29011,h2,0.0,0.0,0.0,0.0,0.0
p29011,hydro,0.0,0.0,0.0,0.0,0.0
p29011,nuclear,0.0,0.0,0.0,0.0,0.0
p29011,pumped-hydro,0.0,0.0,0.0,0.0,0.0
p29011,pv,0.0,0.0,0.0,0.0,0.0
p29011,wind-ofs,0.0,0.0,0.0,0.0,0.0
p29011,wind-ons,202.0,202.0,202.0,202.0,202.0
p29017,battery,150.0,150.0,150.0,150.0,150.0
p29017,biomass,0.0,0.0,0.0,0.0,0.0
p29017,coal,0.0,0.0,0.0,0.0,0.0
p29017,gas,0.0,0.0,0.0,0.0,0.0
p29017,geothermal,0.0,0.0,0.0,0.0,0.0
p29017,h2,0.0,0.0,0.0,0.0,0.0
p29017,hydro,0.0,0.0,0.0,0.0,0.0
p29017,nuclear,0.0,0.0,0.0,0.0,0.0
p29017,pumped-hydro,0.0,0.0,0.0,0.0,0.0
p29017,pv,1050.0,1050.0,1050.0,1050.0,1050.0
p29017,wind-ofs,0.0,0.0,0.0,0.0,0.0
p29017,wind-ons,0.0,0.0,0.0,0.0,0.0
p29019,battery,100.0,100.0,100.0,100.0,100.0
p29019,biomass,0.0,0.0,0.0,0.0,0.0
p29019,coal,0.0,0.0,0.0,0.0,0.0
p29019,gas,0.0,0.0,0.0,0.0,0.0
p29019,geothermal,0.0,0.0,0.0,0.0,0.0
p29019,h2,0.0,0.0,0.0,0.0,0.0
p29019,hydro,0.0,0.0,0.0,0.0,0.0
p29019,nuclear,0.0,0.0,0.0,0.0,0.0
p29019,pumped-hydro,0.0,0.0,0.0,0.0,0.0
p29019,pv,0.0,0.0,0.0,0.0,0.0
p29019,wind-ofs,0.0,0.0,0.0,0.0,0.0
p29019,wind-ons,0.0,0.0,0.0,0.0,0.0
p29027,battery,65.0,65.0,65.0,65.0,65.0
p29027,biomass,0.0,0.0,0.0,0.0,0.0
p29027,coal,0.0,0.0,0.0,0.0,0.0
p29027,gas,0.0,0.0,0.0,0.0,0.0
p29027,geothermal,0.0,0.0,0.0,0.0,0.0
p29027,h2,0.0,0.0,0.0,0.0,0.0
p29027,hydro,0.0,0.0,0.0,0.0,0.0
p29027,nuclear,0.0,0.0,0.0,0.0,0.0
p29027,pumped-hydro,0.0,0.0,0.0,0.0,0.0
p29027,pv,1700.0,1700.0,1700.0,1700.0,1700.0
p29027,wind-ofs,0.0,0.0,0.0,0.0,0.0
p29027,wind-ons,0.0,0.0,0.0,0.0,0.0
p29031,battery,250.0,250.0,250.0,250.0,250.0
p29031,biomass,0.0,0.0,0.0,0.0,0.0
p29031,coal,0.0,0.0,0.0,0.0,0.0
p29031,gas,0.0,0.0,0.0,0.0,0.0
p29031,geothermal,0.0,0.0,0.0,0.0,0.0
p29031,h2,0.0,0.0,0.0,0.0,0.0
p29031,hydro,0.0,0.0,0.0,0.0,0.0
p29031,nuclear,0.0,0.0,0.0,0.0,0.0
p29031,pumped-hydro,0.0,0.0,0.0,0.0,0.0
p29031,pv,400.0,400.0,400.0,400.0,400.0
p29031,wind-ofs,0.0,0.0,0.0,0.0,0.0
p29031,wind-ons,0.0,0.0,0.0,0.0,0.0
p29033,battery,0.0,0.0,0.0,0.0,0.0
p29033,biomass,0.0,0.0,0.0,0.0,0.0
p29033,coal,0.0,0.0,0.0,0.0,0.0
p29033,gas,0.0,0.0,0.0,0.0,0.0
p29033,geothermal,0.0,0.0,0.0,0.0,0.0
p29033,h2,0.0,0.0,0.0,0.0,0.0
p29033,hydro,0.0,0.0,0.0,0.0,0.0
p29033,nuclear,0.0,0.0,0.0,0.0,0.0
p29033,pumped-hydro,0.0,0.0,0.0,0.0,0.0
p29033,pv,192.0,192.0,192.0,192.0,192.0
p29033,wind-ofs,0.0,0.0,0.0,0.0,0.0
p29033,wind-ons,0.0,0.0,0.0,0.0,0.0
p29037,battery,0.0,0.0,0.0,0.0,0.0
p29037,biomass,0.0,0.0,0.0,0.0,0.0
p29037,coal,0.0,0.0,0.0,0.0,0.0
p29037,gas,29.0,29.0,29.0,29.0,29.0
p29037,geothermal,0.0,0.0,0.0,0.0,0.0
p29037,h2,0.0,0.0,0.0,0.0,0.0
p29037,hydro,0.0,0.0,0.0,0.0,0.0
p29037,nuclear,0.0,0.0,0.0,0.0,0.0
p29037,pumped-hydro,0.0,0.0,0.0,0.0,0.0
p29037,pv,200.0,200.0,200.0,200.0,200.0
p29037,wind-ofs,0.0,0.0,0.0,0.0,0.0
p29037,wind-ons,0.0,0.0,0.0,0.0,0.0
p29039,battery,96.0,96.0,96.0,96.0,96.0
p29039,biomass,0.0,0.0,0.0,0.0,0.0
p29039,coal,0.0,0.0,0.0,0.0,0.0
p29039,gas,0.0,0.0,0.0,0.0,0.0
p29039,geothermal,0.0,0.0,0.0,0.0,0.0
p29039,h2,0.0,0.0,0.0,0.0,0.0
p29039,hydro,0.0,0.0,0.0,0.0,0.0
p29039,nuclear,0.0,0.0,0.0,0.0,0.0
p29039,pumped-hydro,0.0,0.0,0.0,0.0,0.0
p29039,pv,192.0,192.0,192.0,192.0,192.0
p29039,wind-ofs,0.0,0.0,0.0,0.0,0.0
p29039,wind-ons,0.0,0.0,0.0,0.0,0.0
p29041,battery,150.0,150.0,150.0,150.0,150.0
p29041,biomass,0.0,0.0,0.0,0.0,0.0
p29041,coal,0.0,0.0,0.0,0.0,0.0
p29041,gas,0.0,0.0,0.0,0.0,0.0
p29041,geothermal,0.0,0.0,0.0,0.0,0.0
p29041,h2,0.0,0.0,0.0,0.0,0.0
p29041,hydro,0.0,0.0,0.0,0.0,0.0
p29041,nuclear,0.0,0.0,0.0,0.0,0.0
p29041,pumped-hydro,0.0,0.0,0.0,0.0,0.0
p29041,pv,0.0,0.0,0.0,0.0,0.0
p29041,wind-ofs,0.0,0.0,0.0,0.0,0.0
p29041,wind-ons,0.0,0.0,0.0,0.0,0.0
p29043,battery,74.99,74.99,74.99,74.99,74.99
p29043,biomass,0.0,0.0,0.0,0.0,0.0
p29043,coal,0.0,0.0,0.0,0.0,0.0
p29043,gas,0.0,0.0,0.0,0.0,0.0
p29043,geothermal,0.0,0.0,0.0,0.0,0.0
p29043,h2,0.0,0.0,0.0,0.0,0.0
p29043,hydro,0.0,0.0,0.0,0.0,0.0
p29043,nuclear,0.0,0.0,0.0,0.0,0.0
p29043,pumped-hydro,0.0,0.0,0.0,0.0,0.0
p29043,pv,0.0,0.0,0.0,0.0,0.0
p29043,wind-ofs,0.0,0.0,0.0,0.0,0.0
p29043,wind-ons,0.0,0.0,0.0,0.0,0.0
p29045,battery,0.0,0.0,0.0,0.0,0.0
p29045,biomass,0.0,0.0,0.0,0.0,0.0
p29045,coal,0.0,0.0,0.0,0.0,0.0
p29045,gas,0.0,0.0,0.0,0.0,0.0
p29045,geothermal,0.0,0.0,0.0,0.0,0.0
p29045,h2,0.0,0.0,0.0,0.0,0.0
p29045,hydro,0.0,0.0,0.0,0.0,0.0
p29045,nuclear,0.0,0.0,0.0,0.0,0.0
p29045,pumped-hydro,0.0,0.0,0.0,0.0,0.0
p29045,pv,0.0,0.0,0.0,0.0,0.0
p29045,wind-ofs,0.0,0.0,0.0,0.0,0.0
p29045,wind-ons,223.0,223.0,223.0,223.0,223.0
p29047,battery,1025.0,1025.0,1025.0,1025.0,1025.0
p29047,biomass,0.0,0.0,0.0,0.0,0.0
p29047,coal,0.0,0.0,0.0,0.0,0.0
p29047,gas,0.0,0.0,0.0,0.0,0.0
p29047,geothermal,0.0,0.0,0.0,0.0,0.0
p29047,h2,0.0,0.0,0.0,0.0,0.0
p29047,hydro,0.0,0.0,0.0,0.0,0.0
p29047,nuclear,0.0,0.0,0.0,0.0,0.0
p29047,pumped-hydro,0.0,0.0,0.0,0.0,0.0
p29047,pv,0.0,0.0,0.0,0.0,0.0
p29047,wind-ofs,0.0,0.0,0.0,0.0,0.0
p29047,wind-ons,0.0,0.0,0.0,0.0,0.0
p29049,battery,0.0,0.0,0.0,0.0,0.0
p29049,biomass,0.0,0.0,0.0,0.0,0.0
p29049,coal,0.0,0.0,0.0,0.0,0.0
p29049,gas,1070.0,1070.0,1070.0,1070.0,1070.0
p29049,geothermal,0.0,0.0,0.0,0.0,0.0
p29049,h2,0.0,0.0,0.0,0.0,0.0
p29049,hydro,0.0,0.0,0.0,0.0,0.0
p29049,nuclear,0.0,0.0,0.0,0.0,0.0
p29049,pumped-hydro,0.0,0.0,0.0,0.0,0.0
p29049,pv,0.0,0.0,0.0,0.0,0.0
p29049,wind-ofs,0.0,0.0,0.0,0.0,0.0
p29049,wind-ons,0.0,0.0,0.0,0.0,0.0
p29053,battery,0.0,0.0,0.0,0.0,0.0
p29053,biomass,0.0,0.0,0.0,0.0,0.0
p29053,coal,0.0,0.0,0.0,0.0,0.0
p29053,gas,0.0,0.0,0.0,0.0,0.0
p29053,geothermal,0.0,0.0,0.0,0.0,0.0
p29053,h2,0.0,0.0,0.0,0.0,0.0
p29053,hydro,0.0,0.0,0.0,0.0,0.0
p29053,nuclear,0.0,0.0,0.0,0.0,0.0
p29053,pumped-hydro,0.0,0.0,0.0,0.0,0.0
p29053,pv,200.0,200.0,200.0,200.0,200.0
p29053,wind-ofs,0.0,0.0,0.0,0.0,0.0
p29053,wind-ons,0.0,0.0,0.0,0.0,0.0
p29057,battery,0.0,0.0,0.0,0.0,0.0
p29057,biomass,0.0,0.0,0.0,0.0,0.0
p29057,coal,0.0,0.0,0.0,0.0,0.0
p29057,gas,0.0,0.0,0.0,0.0,0.0
p29057,geothermal,0.0,0.0,0.0,0.0,0.0
p29057,h2,0.0,0.0,0.0,0.0,0.0
p29057,hydro,0.0,0.0,0.0,0.0,0.0
p29057,nuclear,0.0,0.0,0.0,0.0,0.0
p29057,pumped-hydro,0.0,0.0,0.0,0.0,0.0
p29057,pv,185.0,185.0,185.0,185.0,185.0
p29057,wind-ofs,0.0,0.0,0.0,0.0,0.0
p29057,wind-ons,494.0,494.0,494.0,494.0,494.0
p29061,battery,200.0,200.0,200.0,200.0,200.0
p29061,biomass,0.0,0.0,0.0,0.0,0.0
p29061,coal,0.0,0.0,0.0,0.0,0.0
p29061,gas,0.0,0.0,0.0,0.0,0.0
p29061,geothermal,0.0,0.0,0.0,0.0,0.0
p29061,h2,0.0,0.0,0.0,0.0,0.0
p29061,hydro,0.0,0.0,0.0,0.0,0.0
p29061,nuclear,0.0,0.0,0.0,0.0,0.0
p29061,pumped-hydro,0.0,0.0,0.0,0.0,0.0
p29061,pv,200.0,200.0,200.0,200.0,200.0
p29061,wind-ofs,0.0,0.0,0.0,0.0,0.0
p29061,wind-ons,0.0,0.0,0.0,0.0,0.0
p29067,battery,0.0,0.0,0.0,0.0,0.0
p29067,biomass,0.0,0.0,0.0,0.0,0.0
p29067,coal,0.0,0.0,0.0,0.0,0.0
p29067,gas,0.0,0.0,0.0,0.0,0.0
p29067,geothermal,0.0,0.0,0.0,0.0,0.0
p29067,h2,0.0,0.0,0.0,0.0,0.0
p29067,hydro,0.0,0.0,0.0,0.0,0.0
p29067,nuclear,0.0,0.0,0.0,0.0,0.0
p29067,pumped-hydro,0.0,0.0,0.0,0.0,0.0
p29067,pv,0.0,0.0,0.0,0.0,0.0
p29067,wind-ofs,0.0,0.0,0.0,0.0,0.0
p29067,wind-ons,150.0,150.0,150.0,150.0,150.0
p29069,battery,0.0,0.0,0.0,0.0,0.0
p29069,biomass,0.0,0.0,0.0,0.0,0.0
p29069,coal,0.0,0.0,0.0,0.0,0.0
p29069,gas,0.0,0.0,0.0,0.0,0.0
p29069,geothermal,0.0,0.0,0.0,0.0,0.0
p29069,h2,0.0,0.0,0.0,0.0,0.0
p29069,hydro,0.0,0.0,0.0,0.0,0.0
p29069,nuclear,0.0,0.0,0.0,0.0,0.0
p29069,pumped-hydro,0.0,0.0,0.0,0.0,0.0
p29069,pv,200.0,200.0,200.0,200.0,200.0
p29069,wind-ofs,0.0,0.0,0.0,0.0,0.0
p29069,wind-ons,0.0,0.0,0.0,0.0,0.0
p29073,battery,300.0,300.0,300.0,300.0,300.0
p29073,biomass,0.0,0.0,0.0,0.0,0.0
p29073,coal,0.0,0.0,0.0,0.0,0.0
p29073,gas,0.0,0.0,0.0,0.0,0.0
p29073,geothermal,0.0,0.0,0.0,0.0,0.0
p29073,h2,0.0,0.0,0.0,0.0,0.0
p29073,hydro,0.0,0.0,0.0,0.0,0.0
p29073,nuclear,0.0,0.0,0.0,0.0,0.0
p29073,pumped-hydro,0.0,0.0,0.0,0.0,0.0
p29073,pv,140.0,140.0,140.0,140.0,140.0
p29073,wind-ofs,0.0,0.0,0.0,0.0,0.0
p29073,wind-ons,0.0,0.0,0.0,0.0,0.0
p29075,battery,0.0,0.0,0.0,0.0,0.0
p29075,biomass,0.0,0.0,0.0,0.0,0.0
p29075,coal,0.0,0.0,0.0,0.0,0.0
p29075,gas,0.0,0.0,0.0,0.0,0.0
p29075,geothermal,0.0,0.0,0.0,0.0,0.0
p29075,h2,0.0,0.0,0.0,0.0,0.0
p29075,hydro,0.0,0.0,0.0,0.0,0.0
p29075,nuclear,0.0,0.0,0.0,0.0,0.0
p29075,pumped-hydro,0.0,0.0,0.0,0.0,0.0
p29075,pv,0.0,0.0,0.0,0.0,0.0
p29075,wind-ofs,0.0,0.0,0.0,0.0,0.0
p29075,wind-ons,36.0,36.0,36.0,36.0,36.0
p29077,battery,0.0,0.0,0.0,0.0,0.0
p29077,biomass,0.0,0.0,0.0,0.0,0.0
p29077,coal,0.0,0.0,0.0,0.0,0.0
p29077,gas,145.0,145.0,145.0,145.0,145.0
p29077,geothermal,0.0,0.0,0.0,0.0,0.0
p29077,h2,0.0,0.0,0.0,0.0,0.0
p29077,hydro,0.0,0.0,0.0,0.0,0.0
p29077,nuclear,0.0,0.0,0.0,0.0,0.0
p29077,pumped-hydro,0.0,0.0,0.0,0.0,0.0
p29077,pv,0.0,0.0,0.0,0.0,0.0
p29077,wind-ofs,0.0,0.0,0.0,0.0,0.0
p29077,wind-ons,0.0,0.0,0.0,0.0,0.0
p29083,battery,75.0,75.0,75.0,75.0,75.0
p29083,biomass,0.0,0.0,0.0,0.0,0.0
p29083,coal,0.0,0.0,0.0,0.0,0.0
p29083,gas,0.0,0.0,0.0,0.0,0.0
p29083,geothermal,0.0,0.0,0.0,0.0,0.0
p29083,h2,0.0,0.0,0.0,0.0,0.0
p29083,hydro,0.0,0.0,0.0,0.0,0.0
p29083,nuclear,0.0,0.0,0.0,0.0,0.0
p29083,pumped-hydro,0.0,0.0,0.0,0.0,0.0
p29083,pv,1130.0,1130.0,1130.0,1130.0,1130.0
p29083,wind-ofs,0.0,0.0,0.0,0.0,0.0
p29083,wind-ons,0.0,0.0,0.0,0.0,0.0
p29093,battery,0.0,0.0,0.0,0.0,0.0
p29093,biomass,0.0,0.0,0.0,0.0,0.0
p29093,coal,0.0,0.0,0.0,0.0,0.0
p29093,gas,0.0,0.0,0.0,0.0,0.0
p29093,geothermal,0.0,0.0,0.0,0.0,0.0
p29093,h2,0.0,0.0,0.0,0.0,0.0
p29093,hydro,120.0,120.0,120.0,120.0,120.0
p29093,nuclear,0.0,0.0,0.0,0.0,0.0
p29093,pumped-hydro,0.0,0.0,0.0,0.0,0.0
p29093,pv,120.0,120.0,120.0,120.0,120.0
p29093,wind-ofs,0.0,0.0,0.0,0.0,0.0
p29093,wind-ons,0.0,0.0,0.0,0.0,0.0
p29095,battery,815.0,815.0,815.0,815.0,815.0
p29095,biomass,0.0,0.0,0.0,0.0,0.0
p29095,coal,0.0,0.0,0.0,0.0,0.0
p29095,gas,0.0,0.0,0.0,0.0,0.0
p29095,geothermal,0.0,0.0,0.0,0.0,0.0
p29095,h2,0.0,0.0,0.0,0.0,0.0
p29095,hydro,0.0,0.0,0.0,0.0,0.0
p29095,nuclear,0.0,0.0,0.0,0.0,0.0
p29095,pumped-hydro,0.0,0.0,0.0,0.0,0.0
p29095,pv,0.0,0.0,0.0,0.0,0.0
p29095,wind-ofs,0.0,0.0,0.0,0.0,0.0
p29095,wind-ons,0.0,0.0,0.0,0.0,0.0
p29097,battery,200.0,200.0,200.0,200.0,200.0
p29097,biomass,0.0,0.0,0.0,0.0,0.0
p29097,coal,0.0,0.0,0.0,0.0,0.0
p29097,gas,64.0,64.0,64.0,64.0,64.0
p29097,geothermal,0.0,0.0,0.0,0.0,0.0
p29097,h2,0.0,0.0,0.0,0.0,0.0
p29097,hydro,0.0,0.0,0.0,0.0,0.0
p29097,nuclear,0.0,0.0,0.0,0.0,0.0
p29097,pumped-hydro,0.0,0.0,0.0,0.0,0.0
p29097,pv,150.0,150.0,150.0,150.0,150.0
p29097,wind-ofs,0.0,0.0,0.0,0.0,0.0
p29097,wind-ons,0.0,0.0,0.0,0.0,0.0
p29099,battery,250.0,250.0,250.0,250.0,250.0
p29099,biomass,0.0,0.0,0.0,0.0,0.0
p29099,coal,0.0,0.0,0.0,0.0,0.0
p29099,gas,0.0,0.0,0.0,0.0,0.0
p29099,geothermal,0.0,0.0,0.0,0.0,0.0
p29099,h2,0.0,0.0,0.0,0.0,0.0
p29099,hydro,0.0,0.0,0.0,0.0,0.0
p29099,nuclear,0.0,0.0,0.0,0.0,0.0
p29099,pumped-hydro,0.0,0.0,0.0,0.0,0.0
p29099,pv,0.0,0.0,0.0,0.0,0.0
p29099,wind-ofs,0.0,0.0,0.0,0.0,0.0
p29099,wind-ons,0.0,0.0,0.0,0.0,0.0
p29101,battery,200.0,200.0,200.0,200.0,200.0
p29101,biomass,0.0,0.0,0.0,0.0,0.0
p29101,coal,0.0,0.0,0.0,0.0,0.0
p29101,gas,0.0,0.0,0.0,0.0,0.0
p29101,geothermal,0.0,0.0,0.0,0.0,0.0
p29101,h2,0.0,0.0,0.0,0.0,0.0
p29101,hydro,0.0,0.0,0.0,0.0,0.0
p29101,nuclear,0.0,0.0,0.0,0.0,0.0
p29101,pumped-hydro,0.0,0.0,0.0,0.0,0.0
p29101,pv,0.0,0.0,0.0,0.0,0.0
p29101,wind-ofs,0.0,0.0,0.0,0.0,0.0
p29101,wind-ons,0.0,0.0,0.0,0.0,0.0
p29103,battery,0.0,0.0,0.0,0.0,0.0
p29103,biomass,0.0,0.0,0.0,0.0,0.0
p29103,coal,0.0,0.0,0.0,0.0,0.0
p29103,gas,0.0,0.0,0.0,0.0,0.0
p29103,geothermal,0.0,0.0,0.0,0.0,0.0
p29103,h2,0.0,0.0,0.0,0.0,0.0
p29103,hydro,0.0,0.0,0.0,0.0,0.0
p29103,nuclear,0.0,0.0,0.0,0.0,0.0
p29103,pumped-hydro,0.0,0.0,0.0,0.0,0.0
p29103,pv,91.0,91.0,91.0,91.0,91.0
p29103,wind-ofs,0.0,0.0,0.0,0.0,0.0
p29103,wind-ons,600.0,600.0,600.0,600.0,600.0
p29107,battery,0.0,0.0,0.0,0.0,0.0
p29107,biomass,0.0,0.0,0.0,0.0,0.0
p29107,coal,0.0,0.0,0.0,0.0,0.0
p29107,gas,0.0,0.0,0.0,0.0,0.0
p29107,geothermal,0.0,0.0,0.0,0.0,0.0
p29107,h2,0.0,0.0,0.0,0.0,0.0
p29107,hydro,0.0,0.0,0.0,0.0,0.0
p29107,nuclear,0.0,0.0,0.0,0.0,0.0
p29107,pumped-hydro,0.0,0.0,0.0,0.0,0.0
p29107,pv,200.0,200.0,200.0,200.0,200.0
p29107,wind-ofs,0.0,0.0,0.0,0.0,0.0
p29107,wind-ons,0.0,0.0,0.0,0.0,0.0
p29109,battery,366.0,366.0,366.0,366.0,366.0
p29109,biomass,0.0,0.0,0.0,0.0,0.0
p29109,coal,0.0,0.0,0.0,0.0,0.0
p29109,gas,0.0,0.0,0.0,0.0,0.0
p29109,geothermal,0.0,0.0,0.0,0.0,0.0
p29109,h2,0.0,0.0,0.0,0.0,0.0
p29109,hydro,0.0,0.0,0.0,0.0,0.0
p29109,nuclear,0.0,0.0,0.0,0.0,0.0
p29109,pumped-hydro,0.0,0.0,0.0,0.0,0.0
p29109,pv,0.0,0.0,0.0,0.0,0.0
p29109,wind-ofs,0.0,0.0,0.0,0.0,0.0
p29109,wind-ons,0.0,0.0,0.0,0.0,0.0
p29113,battery,0.0,0.0,0.0,0.0,0.0
p29113,biomass,0.0,0.0,0.0,0.0,0.0
p29113,coal,0.0,0.0,0.0,0.0,0.0
p29113,gas,0.0,0.0,0.0,0.0,0.0
p29113,geothermal,0.0,0.0,0.0,0.0,0.0
p29113,h2,0.0,0.0,0.0,0.0,0.0
p29113,hydro,0.0,0.0,0.0,0.0,0.0
p29113,nuclear,0.0,0.0,0.0,0.0,0.0
p29113,pumped-hydro,0.0,0.0,0.0,0.0,0.0
p29113,pv,320.0,320.0,320.0,320.0,320.0
p29113,wind-ofs,0.0,0.0,0.0,0.0,0.0
p29113,wind-ons,0.0,0.0,0.0,0.0,0.0
p29121,battery,0.0,0.0,0.0,0.0,0.0
p29121,biomass,0.0,0.0,0.0,0.0,0.0
p29121,coal,0.0,0.0,0.0,0.0,0.0
p29121,gas,0.0,0.0,0.0,0.0,0.0
p29121,geothermal,0.0,0.0,0.0,0.0,0.0
p29121,h2,0.0,0.0,0.0,0.0,0.0
p29121,hydro,0.0,0.0,0.0,0.0,0.0
p29121,nuclear,0.0,0.0,0.0,0.0,0.0
p29121,pumped-hydro,0.0,0.0,0.0,0.0,0.0
p29121,pv,1108.43,1108.43,1108.43,1108.43,1108.43
p29121,wind-ofs,0.0,0.0,0.0,0.0,0.0
p29121,wind-ons,0.0,0.0,0.0,0.0,0.0
p29123,battery,0.0,0.0,0.0,0.0,0.0
p29123,biomass,0.0,0.0,0.0,0.0,0.0
p29123,coal,0.0,0.0,0.0,0.0,0.0
p29123,gas,0.0,0.0,0.0,0.0,0.0
p29123,geothermal,0.0,0.0,0.0,0.0,0.0
p29123,h2,0.0,0.0,0.0,0.0,0.0
p29123,hydro,0.0,0.0,0.0,0.0,0.0
p29123,nuclear,0.0,0.0,0.0,0.0,0.0
p29123,pumped-hydro,0.0,0.0,0.0,0.0,0.0
p29123,pv,75.0,75.0,75.0,75.0,75.0
p29123,wind-ofs,0.0,0.0,0.0,0.0,0.0
p29123,wind-ons,0.0,0.0,0.0,0.0,0.0
p29125,battery,0.0,0.0,0.0,0.0,0.0
p29125,biomass,0.0,0.0,0.0,0.0,0.0
p29125,coal,0.0,0.0,0.0,0.0,0.0
p29125,gas,0.0,0.0,0.0,0.0,0.0
p29125,geothermal,0.0,0.0,0.0,0.0,0.0
p29125,h2,0.0,0.0,0.0,0.0,0.0
p29125,hydro,0.0,0.0,0.0,0.0,0.0
p29125,nuclear,0.0,0.0,0.0,0.0,0.0
p29125,pumped-hydro,0.0,0.0,0.0,0.0,0.0
p29125,pv,340.0,340.0,340.0,340.0,340.0
p29125,wind-ofs,0.0,0.0,0.0,0.0,0.0
p29125,wind-ons,0.0,0.0,0.0,0.0,0.0
p29127,battery,0.0,0.0,0.0,0.0,0.0
p29127,biomass,0.0,0.0,0.0,0.0,0.0
p29127,coal,0.0,0.0,0.0,0.0,0.0
p29127,gas,0.0,0.0,0.0,0.0,0.0
p29127,geothermal,0.0,0.0,0.0,0.0,0.0
p29127,h2,0.0,0.0,0.0,0.0,0.0
p29127,hydro,0.0,0.0,0.0,0.0,0.0
p29127,nuclear,0.0,0.0,0.0,0.0,0.0
p29127,pumped-hydro,0.0,0.0,0.0,0.0,0.0
p29127,pv,295.0,295.0,295.0,295.0,295.0
p29127,wind-ofs,0.0,0.0,0.0,0.0,0.0
p29127,wind-ons,0.0,0.0,0.0,0.0,0.0
p29133,battery,0.0,0.0,0.0,0.0,0.0
p29133,biomass,0.0,0.0,0.0,0.0,0.0
p29133,coal,0.0,0.0,0.0,0.0,0.0
p29133,gas,0.0,0.0,0.0,0.0,0.0
p29133,geothermal,0.0,0.0,0.0,0.0,0.0
p29133,h2,0.0,0.0,0.0,0.0,0.0
p29133,hydro,0.0,0.0,0.0,0.0,0.0
p29133,nuclear,0.0,0.0,0.0,0.0,0.0
p29133,pumped-hydro,0.0,0.0,0.0,0.0,0.0
p29133,pv,32.0,32.0,32.0,32.0,32.0
p29133,wind-ofs,0.0,0.0,0.0,0.0,0.0
p29133,wind-ons,0.0,0.0,0.0,0.0,0.0
p29139,battery,0.0,0.0,0.0,0.0,0.0
p29139,biomass,0.0,0.0,0.0,0.0,0.0
p29139,coal,0.0,0.0,0.0,0.0,0.0
p29139,gas,0.0,0.0,0.0,0.0,0.0
p29139,geothermal,0.0,0.0,0.0,0.0,0.0
p29139,h2,0.0,0.0,0.0,0.0,0.0
p29139,hydro,0.0,0.0,0.0,0.0,0.0
p29139,nuclear,0.0,0.0,0.0,0.0,0.0
p29139,pumped-hydro,0.0,0.0,0.0,0.0,0.0
p29139,pv,698.0,698.0,698.0,698.0,698.0
p29139,wind-ofs,0.0,0.0,0.0,0.0,0.0
p29139,wind-ons,0.0,0.0,0.0,0.0,0.0
p29143,battery,0.0,0.0,0.0,0.0,0.0
p29143,biomass,0.0,0.0,0.0,0.0,0.0
p29143,coal,40.0,40.0,40.0,40.0,40.0
p29143,gas,144.0,144.0,144.0,144.0,144.0
p29143,geothermal,0.0,0.0,0.0,0.0,0.0
p29143,h2,0.0,0.0,0.0,0.0,0.0
p29143,hydro,0.0,0.0,0.0,0.0,0.0
p29143,nuclear,0.0,0.0,0.0,0.0,0.0
p29143,pumped-hydro,0.0,0.0,0.0,0.0,0.0
p29143,pv,400.0,400.0,400.0,400.0,400.0
p29143,wind-ofs,0.0,0.0,0.0,0.0,0.0
p29143,wind-ons,0.0,0.0,0.0,0.0,0.0
p29145,battery,0.0,0.0,0.0,0.0,0.0
p29145,biomass,0.0,0.0,0.0,0.0,0.0
p29145,coal,0.0,0.0,0.0,0.0,0.0
p29145,gas,0.0,0.0,0.0,0.0,0.0
p29145,geothermal,0.0,0.0,0.0,0.0,0.0
p29145,h2,0.0,0.0,0.0,0.0,0.0
p29145,hydro,0.0,0.0,0.0,0.0,0.0
p29145,nuclear,0.0,0.0,0.0,0.0,0.0
p29145,pumped-hydro,0.0,0.0,0.0,0.0,0.0
p29145,pv,200.0,200.0,200.0,200.0,200.0
p29145,wind-ofs,0.0,0.0,0.0,0.0,0.0
p29145,wind-ons,200.0,200.0,200.0,200.0,200.0
p29147,battery,0.0,0.0,0.0,0.0,0.0
p29147,biomass,0.0,0.0,0.0,0.0,0.0
p29147,coal,0.0,0.0,0.0,0.0,0.0
p29147,gas,901.2,901.2,901.2,901.2,901.2
p29147,geothermal,0.0,0.0,0.0,0.0,0.0
p29147,h2,0.0,0.0,0.0,0.0,0.0
p29147,hydro,0.0,0.0,0.0,0.0,0.0
p29147,nuclear,0.0,0.0,0.0,0.0,0.0
p29147,pumped-hydro,0.0,0.0,0.0,0.0,0.0
p29147,pv,0.0,0.0,0.0,0.0,0.0
p29147,wind-ofs,0.0,0.0,0.0,0.0,0.0
p29147,wind-ons,936.0,936.0,936.0,936.0,936.0
p29151,battery,100.0,100.0,100.0,100.0,100.0
p29151,biomass,0.0,0.0,0.0,0.0,0.0
p29151,coal,0.0,0.0,0.0,0.0,0.0
p29151,gas,0.0,0.0,0.0,0.0,0.0
p29151,geothermal,0.0,0.0,0.0,0.0,0.0
p29151,h2,0.0,0.0,0.0,0.0,0.0
p29151,hydro,0.0,0.0,0.0,0.0,0.0
p29151,nuclear,0.0,0.0,0.0,0.0,0.0
p29151,pumped-hydro,0.0,0.0,0.0,0.0,0.0
p29151,pv,0.0,0.0,0.0,0.0,0.0
p29151,wind-ofs,0.0,0.0,0.0,0.0,0.0
p29151,wind-ons,0.0,0.0,0.0,0.0,0.0
p29155,battery,0.0,0.0,0.0,0.0,0.0
p29155,biomass,0.0,0.0,0.0,0.0,0.0
p29155,coal,0.0,0.0,0.0,0.0,0.0
p29155,gas,0.0,0.0,0.0,0.0,0.0
p29155,geothermal,0.0,0.0,0.0,0.0,0.0
p29155,h2,0.0,0.0,0.0,0.0,0.0
p29155,hydro,0.0,0.0,0.0,0.0,0.0
p29155,nuclear,0.0,0.0,0.0,0.0,0.0
p29155,pumped-hydro,0.0,0.0,0.0,0.0,0.0
p29155,pv,160.0,160.0,160.0,160.0,160.0
p29155,wind-ofs,0.0,0.0,0.0,0.0,0.0
p29155,wind-ons,0.0,0.0,0.0,0.0,0.0
p29159,battery,0.0,0.0,0.0,0.0,0.0
p29159,biomass,0.0,0.0,0.0,0.0,0.0
p29159,coal,0.0,0.0,0.0,0.0,0.0
p29159,gas,0.0,0.0,0.0,0.0,0.0
p29159,geothermal,0.0,0.0,0.0,0.0,0.0
p29159,h2,0.0,0.0,0.0,0.0,0.0
p29159,hydro,0.0,0.0,0.0,0.0,0.0
p29159,nuclear,0.0,0.0,0.0,0.0,0.0
p29159,pumped-hydro,0.0,0.0,0.0,0.0,0.0
p29159,pv,95.0,95.0,95.0,95.0,95.0
p29159,wind-ofs,0.0,0.0,0.0,0.0,0.0
p29159,wind-ons,0.0,0.0,0.0,0.0,0.0
p29163,battery,0.0,0.0,0.0,0.0,0.0
p29163,biomass,0.0,0.0,0.0,0.0,0.0
p29163,coal,0.0,0.0,0.0,0.0,0.0
p29163,gas,0.0,0.0,0.0,0.0,0.0
p29163,geothermal,0.0,0.0,0.0,0.0,0.0
p29163,h2,0.0,0.0,0.0,0.0,0.0
p29163,hydro,0.0,0.0,0.0,0.0,0.0
p29163,nuclear,0.0,0.0,0.0,0.0,0.0
p29163,pumped-hydro,0.0,0.0,0.0,0.0,0.0
p29163,pv,150.0,150.0,150.0,150.0,150.0
p29163,wind-ofs,0.0,0.0,0.0,0.0,0.0
p29163,wind-ons,0.0,0.0,0.0,0.0,0.0
p29167,battery,0.0,0.0,0.0,0.0,0.0
p29167,biomass,0.0,0.0,0.0,0.0,0.0
p29167,coal,0.0,0.0,0.0,0.0,0.0
p29167,gas,0.0,0.0,0.0,0.0,0.0
p29167,geothermal,0.0,0.0,0.0,0.0,0.0
p29167,h2,0.0,0.0,0.0,0.0,0.0
p29167,hydro,0.0,0.0,0.0,0.0,0.0
p29167,nuclear,0.0,0.0,0.0,0.0,0.0
p29167,pumped-hydro,0.0,0.0,0.0,0.0,0.0
p29167,pv,200.0,200.0,200.0,200.0,200.0
p29167,wind-ofs,0.0,0.0,0.0,0.0,0.0
p29167,wind-ons,0.0,0.0,0.0,0.0,0.0
p29173,battery,0.0,0.0,0.0,0.0,0.0
p29173,biomass,0.0,0.0,0.0,0.0,0.0
p29173,coal,0.0,0.0,0.0,0.0,0.0
p29173,gas,0.0,0.0,0.0,0.0,0.0
p29173,geothermal,0.0,0.0,0.0,0.0,0.0
p29173,h2,0.0,0.0,0.0,0.0,0.0
p29173,hydro,0.0,0.0,0.0,0.0,0.0
p29173,nuclear,0.0,0.0,0.0,0.0,0.0
p29173,pumped-hydro,0.0,0.0,0.0,0.0,0.0
p29173,pv,400.0,400.0,400.0,400.0,400.0
p29173,wind-ofs,0.0,0.0,0.0,0.0,0.0
p29173,wind-ons,0.0,0.0,0.0,0.0,0.0
p29175,battery,0.0,0.0,0.0,0.0,0.0
p29175,biomass,0.0,0.0,0.0,0.0,0.0
p29175,coal,79.9,79.9,79.9,79.9,79.9
p29175,gas,460.0,460.0,460.0,460.0,460.0
p29175,geothermal,0.0,0.0,0.0,0.0,0.0
p29175,h2,0.0,0.0,0.0,0.0,0.0
p29175,hydro,0.0,0.0,0.0,0.0,0.0
p29175,nuclear,0.0,0.0,0.0,0.0,0.0
p29175,pumped-hydro,0.0,0.0,0.0,0.0,0.0
p29175,pv,880.0,880.0,880.0,880.0,880.0
p29175,wind-ofs,0.0,0.0,0.0,0.0,0.0
p29175,wind-ons,2036.0,2036.0,2036.0,2036.0,2036.0
p29183,battery,100.0,100.0,100.0,100.0,100.0
p29183,biomass,0.0,0.0,0.0,0.0,0.0
p29183,coal,0.0,0.0,0.0,0.0,0.0
p29183,gas,0.0,0.0,0.0,0.0,0.0
p29183,geothermal,0.0,0.0,0.0,0.0,0.0
p29183,h2,0.0,0.0,0.0,0.0,0.0
p29183,hydro,0.0,0.0,0.0,0.0,0.0
p29183,nuclear,0.0,0.0,0.0,0.0,0.0
p29183,pumped-hydro,0.0,0.0,0.0,0.0,0.0
p29183,pv,0.0,0.0,0.0,0.0,0.0
p29183,wind-ofs,0.0,0.0,0.0,0.0,0.0
p29183,wind-ons,0.0,0.0,0.0,0.0,0.0
p29187,battery,100.0,100.0,100.0,100.0,100.0
p29187,biomass,0.0,0.0,0.0,0.0,0.0
p29187,coal,0.0,0.0,0.0,0.0,0.0
p29187,gas,0.0,0.0,0.0,0.0,0.0
p29187,geothermal,0.0,0.0,0.0,0.0,0.0
p29187,h2,0.0,0.0,0.0,0.0,0.0
p29187,hydro,0.0,0.0,0.0,0.0,0.0
p29187,nuclear,0.0,0.0,0.0,0.0,0.0
p29187,pumped-hydro,0.0,0.0,0.0,0.0,0.0
p29187,pv,0.0,0.0,0.0,0.0,0.0
p29187,wind-ofs,0.0,0.0,0.0,0.0,0.0
p29187,wind-ons,0.0,0.0,0.0,0.0,0.0
p29189,battery,0.0,0.0,0.0,0.0,0.0
p29189,biomass,0.0,0.0,0.0,0.0,0.0
p29189,coal,0.0,0.0,0.0,0.0,0.0
p29189,gas,824.0,824.0,824.0,824.0,824.0
p29189,geothermal,0.0,0.0,0.0,0.0,0.0
p29189,h2,0.0,0.0,0.0,0.0,0.0
p29189,hydro,0.0,0.0,0.0,0.0,0.0
p29189,nuclear,0.0,0.0,0.0,0.0,0.0
p29189,pumped-hydro,0.0,0.0,0.0,0.0,0.0
p29189,pv,0.0,0.0,0.0,0.0,0.0
p29189,wind-ofs,0.0,0.0,0.0,0.0,0.0
p29189,wind-ons,0.0,0.0,0.0,0.0,0.0
p29201,battery,300.0,300.0,300.0,300.0,300.0
p29201,biomass,0.0,0.0,0.0,0.0,0.0
p29201,coal,0.0,0.0,0.0,0.0,0.0
p29201,gas,0.0,0.0,0.0,0.0,0.0
p29201,geothermal,0.0,0.0,0.0,0.0,0.0
p29201,h2,0.0,0.0,0.0,0.0,0.0
p29201,hydro,0.0,0.0,0.0,0.0,0.0
p29201,nuclear,0.0,0.0,0.0,0.0,0.0
p29201,pumped-hydro,0.0,0.0,0.0,0.0,0.0
p29201,pv,800.0,800.0,800.0,800.0,800.0
p29201,wind-ofs,0.0,0.0,0.0,0.0,0.0
p29201,wind-ons,0.0,0.0,0.0,0.0,0.0
p29207,battery,0.0,0.0,0.0,0.0,0.0
p29207,biomass,0.0,0.0,0.0,0.0,0.0
p29207,coal,0.0,0.0,0.0,0.0,0.0
p29207,gas,0.0,0.0,0.0,0.0,0.0
p29207,geothermal,0.0,0.0,0.0,0.0,0.0
p29207,h2,0.0,0.0,0.0,0.0,0.0
p29207,hydro,0.0,0.0,0.0,0.0,0.0
p29207,nuclear,0.0,0.0,0.0,0.0,0.0
p29207,pumped-hydro,0.0,0.0,0.0,0.0,0.0
p29207,pv,705.0,705.0,705.0,705.0,705.0
p29207,wind-ofs,0.0,0.0,0.0,0.0,0.0
p29207,wind-ons,0.0,0.0,0.0,0.0,0.0
p29217,battery,0.0,0.0,0.0,0.0,0.0
p29217,biomass,0.0,0.0,0.0,0.0,0.0
p29217,coal,0.0,0.0,0.0,0.0,0.0
p29217,gas,0.0,0.0,0.0,0.0,0.0
p29217,geothermal,0.0,0.0,0.0,0.0,0.0
p29217,h2,0.0,0.0,0.0,0.0,0.0
p29217,hydro,0.0,0.0,0.0,0.0,0.0
p29217,nuclear,0.0,0.0,0.0,0.0,0.0
p29217,pumped-hydro,0.0,0.0,0.0,0.0,0.0
p29217,pv,600.0,600.0,600.0,600.0,600.0
p29217,wind-ofs,0.0,0.0,0.0,0.0,0.0
p29217,wind-ons,0.0,0.0,0.0,0.0,0.0
p29219,battery,0.0,0.0,0.0,0.0,0.0
p29219,biomass,0.0,0.0,0.0,0.0,0.0
p29219,coal,0.0,0.0,0.0,0.0,0.0
p29219,gas,0.0,0.0,0.0,0.0,0.0
p29219,geothermal,0.0,0.0,0.0,0.0,0.0
p29219,h2,0.0,0.0,0.0,0.0,0.0
p29219,hydro,0.0,0.0,0.0,0.0,0.0
p29219,nuclear,0.0,0.0,0.0,0.0,0.0
p29219,pumped-hydro,0.0,0.0,0.0,0.0,0.0
p29219,pv,600.0,600.0,600.0,600.0,600.0
p29219,wind-ofs,0.0,0.0,0.0,0.0,0.0
p29219,wind-ons,0.0,0.0,0.0,0.0,0.0
p30003,battery,0.0,0.0,0.0,0.0,0.0
p30003,biomass,0.0,0.0,0.0,0.0,0.0
p30003,coal,0.0,0.0,0.0,0.0,0.0
p30003,gas,0.0,0.0,0.0,0.0,0.0
p30003,geothermal,0.0,0.0,0.0,0.0,0.0
p30003,h2,0.0,0.0,0.0,0.0,0.0
p30003,hydro,0.0,0.0,0.0,0.0,0.0
p30003,nuclear,0.0,0.0,0.0,0.0,0.0
p30003,pumped-hydro,0.0,0.0,0.0,0.0,0.0
p30003,pv,300.0,300.0,300.0,300.0,300.0
p30003,wind-ofs,0.0,0.0,0.0,0.0,0.0
p30003,wind-ons,0.0,0.0,0.0,0.0,0.0
p30007,battery,0.0,0.0,0.0,0.0,0.0
p30007,biomass,0.0,0.0,0.0,0.0,0.0
p30007,coal,0.0,0.0,0.0,0.0,0.0
p30007,gas,150.0,150.0,150.0,150.0,150.0
p30007,geothermal,0.0,0.0,0.0,0.0,0.0
p30007,h2,0.0,0.0,0.0,0.0,0.0
p30007,hydro,10.4,10.4,10.4,10.4,10.4
p30007,nuclear,0.0,0.0,0.0,0.0,0.0
p30007,pumped-hydro,0.0,0.0,0.0,0.0,0.0
p30007,pv,160.0,160.0,160.0,160.0,160.0
p30007,wind-ofs,0.0,0.0,0.0,0.0,0.0
p30007,wind-ons,0.0,0.0,0.0,0.0,0.0
p30013,battery,0.0,0.0,0.0,0.0,0.0
p30013,biomass,0.0,0.0,0.0,0.0,0.0
p30013,coal,0.0,0.0,0.0,0.0,0.0
p30013,gas,0.0,0.0,0.0,0.0,0.0
p30013,geothermal,0.0,0.0,0.0,0.0,0.0
p30013,h2,0.0,0.0,0.0,0.0,0.0
p30013,hydro,70.0,70.0,70.0,70.0,70.0
p30013,nuclear,0.0,0.0,0.0,0.0,0.0
p30013,pumped-hydro,0.0,0.0,0.0,0.0,0.0
p30013,pv,0.0,0.0,0.0,0.0,0.0
p30013,wind-ofs,0.0,0.0,0.0,0.0,0.0
p30013,wind-ons,0.0,0.0,0.0,0.0,0.0
p30021,battery,0.0,0.0,0.0,0.0,0.0
p30021,biomass,0.0,0.0,0.0,0.0,0.0
p30021,coal,0.0,0.0,0.0,0.0,0.0
p30021,gas,0.0,0.0,0.0,0.0,0.0
p30021,geothermal,0.0,0.0,0.0,0.0,0.0
p30021,h2,0.0,0.0,0.0,0.0,0.0
p30021,hydro,0.0,0.0,0.0,0.0,0.0
p30021,nuclear,0.0,0.0,0.0,0.0,0.0
p30021,pumped-hydro,0.0,0.0,0.0,0.0,0.0
p30021,pv,350.0,350.0,350.0,350.0,350.0
p30021,wind-ofs,0.0,0.0,0.0,0.0,0.0
p30021,wind-ons,0.0,0.0,0.0,0.0,0.0
p30029,battery,0.0,0.0,0.0,0.0,0.0
p30029,biomass,1.6,1.6,1.6,1.6,1.6
p30029,coal,0.0,0.0,0.0,0.0,0.0
p30029,gas,0.0,0.0,0.0,0.0,0.0
p30029,geothermal,0.0,0.0,0.0,0.0,0.0
p30029,h2,0.0,0.0,0.0,0.0,0.0
p30029,hydro,0.0,0.0,0.0,0.0,0.0
p30029,nuclear,0.0,0.0,0.0,0.0,0.0
p30029,pumped-hydro,0.0,0.0,0.0,0.0,0.0
p30029,pv,0.0,0.0,0.0,0.0,0.0
p30029,wind-ofs,0.0,0.0,0.0,0.0,0.0
p30029,wind-ons,0.0,0.0,0.0,0.0,0.0
p30031,battery,0.0,0.0,0.0,0.0,0.0
p30031,biomass,0.0,0.0,0.0,0.0,0.0
p30031,coal,0.0,0.0,0.0,0.0,0.0
p30031,gas,0.0,0.0,0.0,0.0,0.0
p30031,geothermal,0.0,0.0,0.0,0.0,0.0
p30031,h2,0.0,0.0,0.0,0.0,0.0
p30031,hydro,0.0,0.0,0.0,0.0,0.0
p30031,nuclear,0.0,0.0,0.0,0.0,0.0
p30031,pumped-hydro,0.0,0.0,0.0,0.0,0.0
p30031,pv,2.0,2.0,2.0,2.0,2.0
p30031,wind-ofs,0.0,0.0,0.0,0.0,0.0
p30031,wind-ons,0.0,0.0,0.0,0.0,0.0
p30049,battery,0.0,0.0,0.0,0.0,0.0
p30049,biomass,0.0,0.0,0.0,0.0,0.0
p30049,coal,0.0,0.0,0.0,0.0,0.0
p30049,gas,12.0,12.0,12.0,12.0,12.0
p30049,geothermal,0.0,0.0,0.0,0.0,0.0
p30049,h2,0.0,0.0,0.0,0.0,0.0
p30049,hydro,2.2,2.2,2.2,2.2,2.2
p30049,nuclear,0.0,0.0,0.0,0.0,0.0
p30049,pumped-hydro,0.0,0.0,0.0,0.0,0.0
p30049,pv,4.58,4.58,4.58,4.58,4.58
p30049,wind-ofs,0.0,0.0,0.0,0.0,0.0
p30049,wind-ons,0.0,0.0,0.0,0.0,0.0
p30053,battery,0.0,0.0,0.0,0.0,0.0
p30053,biomass,0.0,0.0,0.0,0.0,0.0
p30053,coal,0.0,0.0,0.0,0.0,0.0
p30053,gas,0.0,0.0,0.0,0.0,0.0
p30053,geothermal,0.0,0.0,0.0,0.0,0.0
p30053,h2,0.0,0.0,0.0,0.0,0.0
p30053,hydro,646.0,646.0,646.0,646.0,646.0
p30053,nuclear,0.0,0.0,0.0,0.0,0.0
p30053,pumped-hydro,0.0,0.0,0.0,0.0,0.0
p30053,pv,0.0,0.0,0.0,0.0,0.0
p30053,wind-ofs,0.0,0.0,0.0,0.0,0.0
p30053,wind-ons,0.0,0.0,0.0,0.0,0.0
p30059,battery,0.0,0.0,0.0,0.0,0.0
p30059,biomass,0.0,0.0,0.0,0.0,0.0
p30059,coal,0.0,0.0,0.0,0.0,0.0
p30059,gas,0.0,0.0,0.0,0.0,0.0
p30059,geothermal,0.0,0.0,0.0,0.0,0.0
p30059,h2,0.0,0.0,0.0,0.0,0.0
p30059,hydro,0.0,0.0,0.0,0.0,0.0
p30059,nuclear,0.0,0.0,0.0,0.0,0.0
p30059,pumped-hydro,0.0,0.0,0.0,0.0,0.0
p30059,pv,0.0,0.0,0.0,0.0,0.0
p30059,wind-ofs,0.0,0.0,0.0,0.0,0.0
p30059,wind-ons,1800.3,1800.3,1800.3,1800.3,1800.3
p30065,battery,0.0,0.0,0.0,0.0,0.0
p30065,biomass,0.0,0.0,0.0,0.0,0.0
p30065,coal,0.0,0.0,0.0,0.0,0.0
p30065,gas,0.0,0.0,0.0,0.0,0.0
p30065,geothermal,0.0,0.0,0.0,0.0,0.0
p30065,h2,0.0,0.0,0.0,0.0,0.0
p30065,hydro,0.0,0.0,0.0,0.0,0.0
p30065,nuclear,0.0,0.0,0.0,0.0,0.0
p30065,pumped-hydro,0.0,0.0,0.0,0.0,0.0
p30065,pv,0.0,0.0,0.0,0.0,0.0
p30065,wind-ofs,0.0,0.0,0.0,0.0,0.0
p30065,wind-ons,70.0,70.0,70.0,70.0,70.0
p30083,battery,0.0,0.0,0.0,0.0,0.0
p30083,biomass,0.0,0.0,0.0,0.0,0.0
p30083,coal,0.0,0.0,0.0,0.0,0.0
p30083,gas,0.0,0.0,0.0,0.0,0.0
p30083,geothermal,0.0,0.0,0.0,0.0,0.0
p30083,h2,0.0,0.0,0.0,0.0,0.0
p30083,hydro,0.0,0.0,0.0,0.0,0.0
p30083,nuclear,0.0,0.0,0.0,0.0,0.0
p30083,pumped-hydro,0.0,0.0,0.0,0.0,0.0
p30083,pv,74.5,74.5,74.5,74.5,74.5
p30083,wind-ofs,0.0,0.0,0.0,0.0,0.0
p30083,wind-ons,0.0,0.0,0.0,0.0,0.0
p30087,battery,0.0,0.0,0.0,0.0,0.0
p30087,biomass,0.0,0.0,0.0,0.0,0.0
p30087,coal,0.0,0.0,0.0,0.0,0.0
p30087,gas,0.0,0.0,0.0,0.0,0.0
p30087,geothermal,0.0,0.0,0.0,0.0,0.0
p30087,h2,0.0,0.0,0.0,0.0,0.0
p30087,hydro,0.0,0.0,0.0,0.0,0.0
p30087,nuclear,0.0,0.0,0.0,0.0,0.0
p30087,pumped-hydro,0.0,0.0,0.0,0.0,0.0
p30087,pv,1100.0,1100.0,1100.0,1100.0,1100.0
p30087,wind-ofs,0.0,0.0,0.0,0.0,0.0
p30087,wind-ons,3100.0,3100.0,3100.0,3100.0,3100.0
p30095,battery,0.0,0.0,0.0,0.0,0.0
p30095,biomass,0.0,0.0,0.0,0.0,0.0
p30095,coal,0.0,0.0,0.0,0.0,0.0
p30095,gas,150.0,150.0,150.0,150.0,150.0
p30095,geothermal,0.0,0.0,0.0,0.0,0.0
p30095,h2,0.0,0.0,0.0,0.0,0.0
p30095,hydro,0.0,0.0,0.0,0.0,0.0
p30095,nuclear,0.0,0.0,0.0,0.0,0.0
p30095,pumped-hydro,0.0,0.0,0.0,0.0,0.0
p30095,pv,330.0,330.0,330.0,330.0,330.0
p30095,wind-ofs,0.0,0.0,0.0,0.0,0.0
p30095,wind-ons,315.0,315.0,315.0,315.0,315.0
p30107,battery,0.0,0.0,0.0,0.0,0.0
p30107,biomass,0.0,0.0,0.0,0.0,0.0
p30107,coal,0.0,0.0,0.0,0.0,0.0
p30107,gas,0.0,0.0,0.0,0.0,0.0
p30107,geothermal,0.0,0.0,0.0,0.0,0.0
p30107,h2,0.0,0.0,0.0,0.0,0.0
p30107,hydro,0.0,0.0,0.0,0.0,0.0
p30107,nuclear,0.0,0.0,0.0,0.0,0.0
p30107,pumped-hydro,0.0,0.0,0.0,0.0,0.0
p30107,pv,150.0,150.0,150.0,150.0,150.0
p30107,wind-ofs,0.0,0.0,0.0,0.0,0.0
p30107,wind-ons,4156.4,4156.4,4156.4,4156.4,4156.4
p30109,battery,0.0,0.0,0.0,0.0,0.0
p30109,biomass,0.0,0.0,0.0,0.0,0.0
p30109,coal,0.0,0.0,0.0,0.0,0.0
p30109,gas,0.0,0.0,0.0,0.0,0.0
p30109,geothermal,0.0,0.0,0.0,0.0,0.0
p30109,h2,0.0,0.0,0.0,0.0,0.0
p30109,hydro,0.0,0.0,0.0,0.0,0.0
p30109,nuclear,0.0,0.0,0.0,0.0,0.0
p30109,pumped-hydro,0.0,0.0,0.0,0.0,0.0
p30109,pv,0.0,0.0,0.0,0.0,0.0
p30109,wind-ofs,0.0,0.0,0.0,0.0,0.0
p30109,wind-ons,335.0,335.0,335.0,335.0,335.0
p30111,battery,100.0,100.0,100.0,100.0,100.0
p30111,biomass,0.0,0.0,0.0,0.0,0.0
p30111,coal,0.0,0.0,0.0,0.0,0.0
p30111,gas,175.0,175.0,175.0,175.0,175.0
p30111,geothermal,0.0,0.0,0.0,0.0,0.0
p30111,h2,0.0,0.0,0.0,0.0,0.0
p30111,hydro,0.0,0.0,0.0,0.0,0.0
p30111,nuclear,0.0,0.0,0.0,0.0,0.0
p30111,pumped-hydro,0.0,0.0,0.0,0.0,0.0
p30111,pv,900.0,900.0,900.0,900.0,900.0
p30111,wind-ofs,0.0,0.0,0.0,0.0,0.0
p30111,wind-ons,0.0,0.0,0.0,0.0,0.0
p31003,battery,0.0,0.0,0.0,0.0,0.0
p31003,biomass,0.0,0.0,0.0,0.0,0.0
p31003,coal,0.0,0.0,0.0,0.0,0.0
p31003,gas,0.0,0.0,0.0,0.0,0.0
p31003,geothermal,0.0,0.0,0.0,0.0,0.0
p31003,h2,0.0,0.0,0.0,0.0,0.0
p31003,hydro,0.0,0.0,0.0,0.0,0.0
p31003,nuclear,0.0,0.0,0.0,0.0,0.0
p31003,pumped-hydro,0.0,0.0,0.0,0.0,0.0
p31003,pv,0.0,0.0,0.0,0.0,0.0
p31003,wind-ofs,0.0,0.0,0.0,0.0,0.0
p31003,wind-ons,300.0,300.0,300.0,300.0,300.0
p31007,battery,0.0,0.0,0.0,0.0,0.0
p31007,biomass,0.0,0.0,0.0,0.0,0.0
p31007,coal,0.0,0.0,0.0,0.0,0.0
p31007,gas,0.0,0.0,0.0,0.0,0.0
p31007,geothermal,0.0,0.0,0.0,0.0,0.0
p31007,h2,0.0,0.0,0.0,0.0,0.0
p31007,hydro,0.0,0.0,0.0,0.0,0.0
p31007,nuclear,0.0,0.0,0.0,0.0,0.0
p31007,pumped-hydro,0.0,0.0,0.0,0.0,0.0
p31007,pv,0.0,0.0,0.0,0.0,0.0
p31007,wind-ofs,0.0,0.0,0.0,0.0,0.0
p31007,wind-ons,130.0,130.0,130.0,130.0,130.0
p31017,battery,0.0,0.0,0.0,0.0,0.0
p31017,biomass,0.0,0.0,0.0,0.0,0.0
p31017,coal,0.0,0.0,0.0,0.0,0.0
p31017,gas,0.0,0.0,0.0,0.0,0.0
p31017,geothermal,0.0,0.0,0.0,0.0,0.0
p31017,h2,0.0,0.0,0.0,0.0,0.0
p31017,hydro,0.0,0.0,0.0,0.0,0.0
p31017,nuclear,0.0,0.0,0.0,0.0,0.0
p31017,pumped-hydro,0.0,0.0,0.0,0.0,0.0
p31017,pv,0.0,0.0,0.0,0.0,0.0
p31017,wind-ofs,0.0,0.0,0.0,0.0,0.0
p31017,wind-ons,0.0,0.0,0.0,0.0,0.0
p31021,battery,0.0,0.0,0.0,0.0,0.0
p31021,biomass,0.0,0.0,0.0,0.0,0.0
p31021,coal,0.0,0.0,0.0,0.0,0.0
p31021,gas,0.0,0.0,0.0,0.0,0.0
p31021,geothermal,0.0,0.0,0.0,0.0,0.0
p31021,h2,0.0,0.0,0.0,0.0,0.0
p31021,hydro,0.0,0.0,0.0,0.0,0.0
p31021,nuclear,0.0,0.0,0.0,0.0,0.0
p31021,pumped-hydro,0.0,0.0,0.0,0.0,0.0
p31021,pv,1000.0,1000.0,1000.0,1000.0,1000.0
p31021,wind-ofs,0.0,0.0,0.0,0.0,0.0
p31021,wind-ons,150.0,150.0,150.0,150.0,150.0
p31023,battery,0.0,0.0,0.0,0.0,0.0
p31023,biomass,0.0,0.0,0.0,0.0,0.0
p31023,coal,0.0,0.0,0.0,0.0,0.0
p31023,gas,0.0,0.0,0.0,0.0,0.0
p31023,geothermal,0.0,0.0,0.0,0.0,0.0
p31023,h2,0.0,0.0,0.0,0.0,0.0
p31023,hydro,0.0,0.0,0.0,0.0,0.0
p31023,nuclear,0.0,0.0,0.0,0.0,0.0
p31023,pumped-hydro,0.0,0.0,0.0,0.0,0.0
p31023,pv,174.5,174.5,174.5,174.5,174.5
p31023,wind-ofs,0.0,0.0,0.0,0.0,0.0
p31023,wind-ons,0.0,0.0,0.0,0.0,0.0
p31025,battery,200.0,200.0,200.0,200.0,200.0
p31025,biomass,0.0,0.0,0.0,0.0,0.0
p31025,coal,0.0,0.0,0.0,0.0,0.0
p31025,gas,1085.7,1085.7,1085.7,1085.7,1085.7
p31025,geothermal,0.0,0.0,0.0,0.0,0.0
p31025,h2,0.0,0.0,0.0,0.0,0.0
p31025,hydro,0.0,0.0,0.0,0.0,0.0
p31025,nuclear,0.0,0.0,0.0,0.0,0.0
p31025,pumped-hydro,0.0,0.0,0.0,0.0,0.0
p31025,pv,182.25,182.25,182.25,182.25,182.25
p31025,wind-ofs,0.0,0.0,0.0,0.0,0.0
p31025,wind-ons,0.0,0.0,0.0,0.0,0.0
p31029,battery,0.0,0.0,0.0,0.0,0.0
p31029,biomass,0.0,0.0,0.0,0.0,0.0
p31029,coal,0.0,0.0,0.0,0.0,0.0
p31029,gas,0.0,0.0,0.0,0.0,0.0
p31029,geothermal,0.0,0.0,0.0,0.0,0.0
p31029,h2,0.0,0.0,0.0,0.0,0.0
p31029,hydro,0.0,0.0,0.0,0.0,0.0
p31029,nuclear,0.0,0.0,0.0,0.0,0.0
p31029,pumped-hydro,0.0,0.0,0.0,0.0,0.0
p31029,pv,255.0,255.0,255.0,255.0,255.0
p31029,wind-ofs,0.0,0.0,0.0,0.0,0.0
p31029,wind-ons,0.0,0.0,0.0,0.0,0.0
p31031,battery,0.0,0.0,0.0,0.0,0.0
p31031,biomass,0.0,0.0,0.0,0.0,0.0
p31031,coal,0.0,0.0,0.0,0.0,0.0
p31031,gas,0.0,0.0,0.0,0.0,0.0
p31031,geothermal,0.0,0.0,0.0,0.0,0.0
p31031,h2,0.0,0.0,0.0,0.0,0.0
p31031,hydro,0.0,0.0,0.0,0.0,0.0
p31031,nuclear,0.0,0.0,0.0,0.0,0.0
p31031,pumped-hydro,0.0,0.0,0.0,0.0,0.0
p31031,pv,0.0,0.0,0.0,0.0,0.0
p31031,wind-ofs,0.0,0.0,0.0,0.0,0.0
p31031,wind-ons,52.85,52.85,52.85,52.85,52.85
p31033,battery,0.0,0.0,0.0,0.0,0.0
p31033,biomass,0.0,0.0,0.0,0.0,0.0
p31033,coal,0.0,0.0,0.0,0.0,0.0
p31033,gas,0.0,0.0,0.0,0.0,0.0
p31033,geothermal,0.0,0.0,0.0,0.0,0.0
p31033,h2,0.0,0.0,0.0,0.0,0.0
p31033,hydro,0.0,0.0,0.0,0.0,0.0
p31033,nuclear,0.0,0.0,0.0,0.0,0.0
p31033,pumped-hydro,0.0,0.0,0.0,0.0,0.0
p31033,pv,80.0,80.0,80.0,80.0,80.0
p31033,wind-ofs,0.0,0.0,0.0,0.0,0.0
p31033,wind-ons,0.0,0.0,0.0,0.0,0.0
p31037,battery,0.0,0.0,0.0,0.0,0.0
p31037,biomass,0.0,0.0,0.0,0.0,0.0
p31037,coal,0.0,0.0,0.0,0.0,0.0
p31037,gas,0.0,0.0,0.0,0.0,0.0
p31037,geothermal,0.0,0.0,0.0,0.0,0.0
p31037,h2,0.0,0.0,0.0,0.0,0.0
p31037,hydro,0.0,0.0,0.0,0.0,0.0
p31037,nuclear,0.0,0.0,0.0,0.0,0.0
p31037,pumped-hydro,0.0,0.0,0.0,0.0,0.0
p31037,pv,0.0,0.0,0.0,0.0,0.0
p31037,wind-ofs,0.0,0.0,0.0,0.0,0.0
p31037,wind-ons,150.0,150.0,150.0,150.0,150.0
p31041,battery,0.0,0.0,0.0,0.0,0.0
p31041,biomass,0.0,0.0,0.0,0.0,0.0
p31041,coal,0.0,0.0,0.0,0.0,0.0
p31041,gas,0.0,0.0,0.0,0.0,0.0
p31041,geothermal,0.0,0.0,0.0,0.0,0.0
p31041,h2,0.0,0.0,0.0,0.0,0.0
p31041,hydro,0.0,0.0,0.0,0.0,0.0
p31041,nuclear,0.0,0.0,0.0,0.0,0.0
p31041,pumped-hydro,0.0,0.0,0.0,0.0,0.0
p31041,pv,0.0,0.0,0.0,0.0,0.0
p31041,wind-ofs,0.0,0.0,0.0,0.0,0.0
p31041,wind-ons,1000.0,1000.0,1000.0,1000.0,1000.0
p31043,battery,0.0,0.0,0.0,0.0,0.0
p31043,biomass,0.0,0.0,0.0,0.0,0.0
p31043,coal,0.0,0.0,0.0,0.0,0.0
p31043,gas,0.0,0.0,0.0,0.0,0.0
p31043,geothermal,0.0,0.0,0.0,0.0,0.0
p31043,h2,0.0,0.0,0.0,0.0,0.0
p31043,hydro,0.0,0.0,0.0,0.0,0.0
p31043,nuclear,0.0,0.0,0.0,0.0,0.0
p31043,pumped-hydro,0.0,0.0,0.0,0.0,0.0
p31043,pv,250.0,250.0,250.0,250.0,250.0
p31043,wind-ofs,0.0,0.0,0.0,0.0,0.0
p31043,wind-ons,0.0,0.0,0.0,0.0,0.0
p31053,battery,150.0,150.0,150.0,150.0,150.0
p31053,biomass,0.0,0.0,0.0,0.0,0.0
p31053,coal,0.0,0.0,0.0,0.0,0.0
p31053,gas,0.0,0.0,0.0,0.0,0.0
p31053,geothermal,0.0,0.0,0.0,0.0,0.0
p31053,h2,0.0,0.0,0.0,0.0,0.0
p31053,hydro,0.0,0.0,0.0,0.0,0.0
p31053,nuclear,0.0,0.0,0.0,0.0,0.0
p31053,pumped-hydro,0.0,0.0,0.0,0.0,0.0
p31053,pv,0.0,0.0,0.0,0.0,0.0
p31053,wind-ofs,0.0,0.0,0.0,0.0,0.0
p31053,wind-ons,0.0,0.0,0.0,0.0,0.0
p31055,battery,111.64,111.64,111.64,111.64,111.64
p31055,biomass,0.0,0.0,0.0,0.0,0.0
p31055,coal,0.0,0.0,0.0,0.0,0.0
p31055,gas,169.56,169.56,169.56,169.56,169.56
p31055,geothermal,0.0,0.0,0.0,0.0,0.0
p31055,h2,0.0,0.0,0.0,0.0,0.0
p31055,hydro,0.0,0.0,0.0,0.0,0.0
p31055,nuclear,0.0,0.0,0.0,0.0,0.0
p31055,pumped-hydro,0.0,0.0,0.0,0.0,0.0
p31055,pv,0.0,0.0,0.0,0.0,0.0
p31055,wind-ofs,0.0,0.0,0.0,0.0,0.0
p31055,wind-ons,0.0,0.0,0.0,0.0,0.0
p31067,battery,0.0,0.0,0.0,0.0,0.0
p31067,biomass,0.0,0.0,0.0,0.0,0.0
p31067,coal,0.0,0.0,0.0,0.0,0.0
p31067,gas,1470.0,1470.0,1470.0,1470.0,1470.0
p31067,geothermal,0.0,0.0,0.0,0.0,0.0
p31067,h2,0.0,0.0,0.0,0.0,0.0
p31067,hydro,0.0,0.0,0.0,0.0,0.0
p31067,nuclear,0.0,0.0,0.0,0.0,0.0
p31067,pumped-hydro,0.0,0.0,0.0,0.0,0.0
p31067,pv,0.0,0.0,0.0,0.0,0.0
p31067,wind-ofs,0.0,0.0,0.0,0.0,0.0
p31067,wind-ons,0.0,0.0,0.0,0.0,0.0
p31077,battery,70.0,70.0,70.0,70.0,70.0
p31077,biomass,0.0,0.0,0.0,0.0,0.0
p31077,coal,0.0,0.0,0.0,0.0,0.0
p31077,gas,0.0,0.0,0.0,0.0,0.0
p31077,geothermal,0.0,0.0,0.0,0.0,0.0
p31077,h2,0.0,0.0,0.0,0.0,0.0
p31077,hydro,0.0,0.0,0.0,0.0,0.0
p31077,nuclear,0.0,0.0,0.0,0.0,0.0
p31077,pumped-hydro,0.0,0.0,0.0,0.0,0.0
p31077,pv,0.0,0.0,0.0,0.0,0.0
p31077,wind-ofs,0.0,0.0,0.0,0.0,0.0
p31077,wind-ons,230.0,230.0,230.0,230.0,230.0
p31083,battery,0.0,0.0,0.0,0.0,0.0
p31083,biomass,0.0,0.0,0.0,0.0,0.0
p31083,coal,0.0,0.0,0.0,0.0,0.0
p31083,gas,0.0,0.0,0.0,0.0,0.0
p31083,geothermal,0.0,0.0,0.0,0.0,0.0
p31083,h2,0.0,0.0,0.0,0.0,0.0
p31083,hydro,0.0,0.0,0.0,0.0,0.0
p31083,nuclear,0.0,0.0,0.0,0.0,0.0
p31083,pumped-hydro,0.0,0.0,0.0,0.0,0.0
p31083,pv,215.0,215.0,215.0,215.0,215.0
p31083,wind-ofs,0.0,0.0,0.0,0.0,0.0
p31083,wind-ons,0.0,0.0,0.0,0.0,0.0
p31089,battery,0.0,0.0,0.0,0.0,0.0
p31089,biomass,0.0,0.0,0.0,0.0,0.0
p31089,coal,0.0,0.0,0.0,0.0,0.0
p31089,gas,0.0,0.0,0.0,0.0,0.0
p31089,geothermal,0.0,0.0,0.0,0.0,0.0
p31089,h2,0.0,0.0,0.0,0.0,0.0
p31089,hydro,0.0,0.0,0.0,0.0,0.0
p31089,nuclear,0.0,0.0,0.0,0.0,0.0
p31089,pumped-hydro,0.0,0.0,0.0,0.0,0.0
p31089,pv,0.0,0.0,0.0,0.0,0.0
p31089,wind-ofs,0.0,0.0,0.0,0.0,0.0
p31089,wind-ons,500.0,500.0,500.0,500.0,500.0
p31095,battery,60.0,60.0,60.0,60.0,60.0
p31095,biomass,0.0,0.0,0.0,0.0,0.0
p31095,coal,0.0,0.0,0.0,0.0,0.0
p31095,gas,0.0,0.0,0.0,0.0,0.0
p31095,geothermal,0.0,0.0,0.0,0.0,0.0
p31095,h2,0.0,0.0,0.0,0.0,0.0
p31095,hydro,0.0,0.0,0.0,0.0,0.0
p31095,nuclear,0.0,0.0,0.0,0.0,0.0
p31095,pumped-hydro,0.0,0.0,0.0,0.0,0.0
p31095,pv,0.0,0.0,0.0,0.0,0.0
p31095,wind-ofs,0.0,0.0,0.0,0.0,0.0
p31095,wind-ons,190.0,190.0,190.0,190.0,190.0
p31101,battery,0.0,0.0,0.0,0.0,0.0
p31101,biomass,0.0,0.0,0.0,0.0,0.0
p31101,coal,0.0,0.0,0.0,0.0,0.0
p31101,gas,0.0,0.0,0.0,0.0,0.0
p31101,geothermal,0.0,0.0,0.0,0.0,0.0
p31101,h2,0.0,0.0,0.0,0.0,0.0
p31101,hydro,0.0,0.0,0.0,0.0,0.0
p31101,nuclear,0.0,0.0,0.0,0.0,0.0
p31101,pumped-hydro,0.0,0.0,0.0,0.0,0.0
p31101,pv,0.0,0.0,0.0,0.0,0.0
p31101,wind-ofs,0.0,0.0,0.0,0.0,0.0
p31101,wind-ons,800.0,800.0,800.0,800.0,800.0
p31107,battery,0.0,0.0,0.0,0.0,0.0
p31107,biomass,0.0,0.0,0.0,0.0,0.0
p31107,coal,0.0,0.0,0.0,0.0,0.0
p31107,gas,0.0,0.0,0.0,0.0,0.0
p31107,geothermal,0.0,0.0,0.0,0.0,0.0
p31107,h2,0.0,0.0,0.0,0.0,0.0
p31107,hydro,0.0,0.0,0.0,0.0,0.0
p31107,nuclear,0.0,0.0,0.0,0.0,0.0
p31107,pumped-hydro,0.0,0.0,0.0,0.0,0.0
p31107,pv,0.0,0.0,0.0,0.0,0.0
p31107,wind-ofs,0.0,0.0,0.0,0.0,0.0
p31107,wind-ons,600.0,600.0,600.0,600.0,600.0
p31109,battery,775.0,775.0,775.0,775.0,775.0
p31109,biomass,0.0,0.0,0.0,0.0,0.0
p31109,coal,0.0,0.0,0.0,0.0,0.0
p31109,gas,1687.0,1687.0,1687.0,1687.0,1687.0
p31109,geothermal,0.0,0.0,0.0,0.0,0.0
p31109,h2,0.0,0.0,0.0,0.0,0.0
p31109,hydro,0.0,0.0,0.0,0.0,0.0
p31109,nuclear,0.0,0.0,0.0,0.0,0.0
p31109,pumped-hydro,0.0,0.0,0.0,0.0,0.0
p31109,pv,642.26,642.26,642.26,642.26,642.26
p31109,wind-ofs,0.0,0.0,0.0,0.0,0.0
p31109,wind-ons,856.0,856.0,856.0,856.0,856.0
p31119,battery,0.0,0.0,0.0,0.0,0.0
p31119,biomass,0.0,0.0,0.0,0.0,0.0
p31119,coal,0.0,0.0,0.0,0.0,0.0
p31119,gas,0.0,0.0,0.0,0.0,0.0
p31119,geothermal,0.0,0.0,0.0,0.0,0.0
p31119,h2,0.0,0.0,0.0,0.0,0.0
p31119,hydro,0.0,0.0,0.0,0.0,0.0
p31119,nuclear,0.0,0.0,0.0,0.0,0.0
p31119,pumped-hydro,0.0,0.0,0.0,0.0,0.0
p31119,pv,250.0,250.0,250.0,250.0,250.0
p31119,wind-ofs,0.0,0.0,0.0,0.0,0.0
p31119,wind-ons,572.2,572.2,572.2,572.2,572.2
p31127,battery,0.0,0.0,0.0,0.0,0.0
p31127,biomass,0.0,0.0,0.0,0.0,0.0
p31127,coal,0.0,0.0,0.0,0.0,0.0
p31127,gas,0.0,0.0,0.0,0.0,0.0
p31127,geothermal,0.0,0.0,0.0,0.0,0.0
p31127,h2,0.0,0.0,0.0,0.0,0.0
p31127,hydro,0.0,0.0,0.0,0.0,0.0
p31127,nuclear,0.0,0.0,0.0,0.0,0.0
p31127,pumped-hydro,0.0,0.0,0.0,0.0,0.0
p31127,pv,824.0,824.0,824.0,824.0,824.0
p31127,wind-ofs,0.0,0.0,0.0,0.0,0.0
p31127,wind-ons,0.0,0.0,0.0,0.0,0.0
p31131,battery,0.0,0.0,0.0,0.0,0.0
p31131,biomass,0.0,0.0,0.0,0.0,0.0
p31131,coal,0.0,0.0,0.0,0.0,0.0
p31131,gas,0.0,0.0,0.0,0.0,0.0
p31131,geothermal,0.0,0.0,0.0,0.0,0.0
p31131,h2,0.0,0.0,0.0,0.0,0.0
p31131,hydro,0.0,0.0,0.0,0.0,0.0
p31131,nuclear,0.0,0.0,0.0,0.0,0.0
p31131,pumped-hydro,0.0,0.0,0.0,0.0,0.0
p31131,pv,250.0,250.0,250.0,250.0,250.0
p31131,wind-ofs,0.0,0.0,0.0,0.0,0.0
p31131,wind-ons,0.0,0.0,0.0,0.0,0.0
p31135,battery,0.0,0.0,0.0,0.0,0.0
p31135,biomass,0.0,0.0,0.0,0.0,0.0
p31135,coal,0.0,0.0,0.0,0.0,0.0
p31135,gas,0.0,0.0,0.0,0.0,0.0
p31135,geothermal,0.0,0.0,0.0,0.0,0.0
p31135,h2,0.0,0.0,0.0,0.0,0.0
p31135,hydro,0.0,0.0,0.0,0.0,0.0
p31135,nuclear,0.0,0.0,0.0,0.0,0.0
p31135,pumped-hydro,0.0,0.0,0.0,0.0,0.0
p31135,pv,120.0,120.0,120.0,120.0,120.0
p31135,wind-ofs,0.0,0.0,0.0,0.0,0.0
p31135,wind-ons,0.0,0.0,0.0,0.0,0.0
p31137,battery,0.0,0.0,0.0,0.0,0.0
p31137,biomass,0.0,0.0,0.0,0.0,0.0
p31137,coal,0.0,0.0,0.0,0.0,0.0
p31137,gas,0.0,0.0,0.0,0.0,0.0
p31137,geothermal,0.0,0.0,0.0,0.0,0.0
p31137,h2,0.0,0.0,0.0,0.0,0.0
p31137,hydro,0.0,0.0,0.0,0.0,0.0
p31137,nuclear,0.0,0.0,0.0,0.0,0.0
p31137,pumped-hydro,0.0,0.0,0.0,0.0,0.0
p31137,pv,320.0,320.0,320.0,320.0,320.0
p31137,wind-ofs,0.0,0.0,0.0,0.0,0.0
p31137,wind-ons,0.0,0.0,0.0,0.0,0.0
p31139,battery,0.0,0.0,0.0,0.0,0.0
p31139,biomass,0.0,0.0,0.0,0.0,0.0
p31139,coal,0.0,0.0,0.0,0.0,0.0
p31139,gas,0.0,0.0,0.0,0.0,0.0
p31139,geothermal,0.0,0.0,0.0,0.0,0.0
p31139,h2,0.0,0.0,0.0,0.0,0.0
p31139,hydro,0.0,0.0,0.0,0.0,0.0
p31139,nuclear,0.0,0.0,0.0,0.0,0.0
p31139,pumped-hydro,0.0,0.0,0.0,0.0,0.0
p31139,pv,423.0,423.0,423.0,423.0,423.0
p31139,wind-ofs,0.0,0.0,0.0,0.0,0.0
p31139,wind-ons,0.0,0.0,0.0,0.0,0.0
p31147,battery,80.0,80.0,80.0,80.0,80.0
p31147,biomass,0.0,0.0,0.0,0.0,0.0
p31147,coal,0.0,0.0,0.0,0.0,0.0
p31147,gas,0.0,0.0,0.0,0.0,0.0
p31147,geothermal,0.0,0.0,0.0,0.0,0.0
p31147,h2,0.0,0.0,0.0,0.0,0.0
p31147,hydro,0.0,0.0,0.0,0.0,0.0
p31147,nuclear,0.0,0.0,0.0,0.0,0.0
p31147,pumped-hydro,0.0,0.0,0.0,0.0,0.0
p31147,pv,0.0,0.0,0.0,0.0,0.0
p31147,wind-ofs,0.0,0.0,0.0,0.0,0.0
p31147,wind-ons,0.0,0.0,0.0,0.0,0.0
p31151,battery,0.0,0.0,0.0,0.0,0.0
p31151,biomass,0.0,0.0,0.0,0.0,0.0
p31151,coal,0.0,0.0,0.0,0.0,0.0
p31151,gas,0.0,0.0,0.0,0.0,0.0
p31151,geothermal,0.0,0.0,0.0,0.0,0.0
p31151,h2,0.0,0.0,0.0,0.0,0.0
p31151,hydro,0.0,0.0,0.0,0.0,0.0
p31151,nuclear,0.0,0.0,0.0,0.0,0.0
p31151,pumped-hydro,0.0,0.0,0.0,0.0,0.0
p31151,pv,0.0,0.0,0.0,0.0,0.0
p31151,wind-ofs,0.0,0.0,0.0,0.0,0.0
p31151,wind-ons,118.0,118.0,118.0,118.0,118.0
p31153,battery,0.0,0.0,0.0,0.0,0.0
p31153,biomass,0.0,0.0,0.0,0.0,0.0
p31153,coal,0.0,0.0,0.0,0.0,0.0
p31153,gas,782.7,782.7,782.7,782.7,782.7
p31153,geothermal,0.0,0.0,0.0,0.0,0.0
p31153,h2,0.0,0.0,0.0,0.0,0.0
p31153,hydro,0.0,0.0,0.0,0.0,0.0
p31153,nuclear,0.0,0.0,0.0,0.0,0.0
p31153,pumped-hydro,0.0,0.0,0.0,0.0,0.0
p31153,pv,0.0,0.0,0.0,0.0,0.0
p31153,wind-ofs,0.0,0.0,0.0,0.0,0.0
p31153,wind-ons,0.0,0.0,0.0,0.0,0.0
p31155,battery,0.0,0.0,0.0,0.0,0.0
p31155,biomass,0.0,0.0,0.0,0.0,0.0
p31155,coal,0.0,0.0,0.0,0.0,0.0
p31155,gas,0.0,0.0,0.0,0.0,0.0
p31155,geothermal,0.0,0.0,0.0,0.0,0.0
p31155,h2,0.0,0.0,0.0,0.0,0.0
p31155,hydro,0.0,0.0,0.0,0.0,0.0
p31155,nuclear,0.0,0.0,0.0,0.0,0.0
p31155,pumped-hydro,0.0,0.0,0.0,0.0,0.0
p31155,pv,81.0,81.0,81.0,81.0,81.0
p31155,wind-ofs,0.0,0.0,0.0,0.0,0.0
p31155,wind-ons,0.0,0.0,0.0,0.0,0.0
p31157,battery,0.0,0.0,0.0,0.0,0.0
p31157,biomass,0.0,0.0,0.0,0.0,0.0
p31157,coal,0.0,0.0,0.0,0.0,0.0
p31157,gas,0.0,0.0,0.0,0.0,0.0
p31157,geothermal,0.0,0.0,0.0,0.0,0.0
p31157,h2,0.0,0.0,0.0,0.0,0.0
p31157,hydro,0.0,0.0,0.0,0.0,0.0
p31157,nuclear,0.0,0.0,0.0,0.0,0.0
p31157,pumped-hydro,0.0,0.0,0.0,0.0,0.0
p31157,pv,400.0,400.0,400.0,400.0,400.0
p31157,wind-ofs,0.0,0.0,0.0,0.0,0.0
p31157,wind-ons,0.0,0.0,0.0,0.0,0.0
p31177,battery,0.0,0.0,0.0,0.0,0.0
p31177,biomass,0.0,0.0,0.0,0.0,0.0
p31177,coal,0.0,0.0,0.0,0.0,0.0
p31177,gas,0.0,0.0,0.0,0.0,0.0
p31177,geothermal,0.0,0.0,0.0,0.0,0.0
p31177,h2,0.0,0.0,0.0,0.0,0.0
p31177,hydro,0.0,0.0,0.0,0.0,0.0
p31177,nuclear,0.0,0.0,0.0,0.0,0.0
p31177,pumped-hydro,0.0,0.0,0.0,0.0,0.0
p31177,pv,100.0,100.0,100.0,100.0,100.0
p31177,wind-ofs,0.0,0.0,0.0,0.0,0.0
p31177,wind-ons,0.0,0.0,0.0,0.0,0.0
p31179,battery,135.0,135.0,135.0,135.0,135.0
p31179,biomass,0.0,0.0,0.0,0.0,0.0
p31179,coal,0.0,0.0,0.0,0.0,0.0
p31179,gas,0.0,0.0,0.0,0.0,0.0
p31179,geothermal,0.0,0.0,0.0,0.0,0.0
p31179,h2,0.0,0.0,0.0,0.0,0.0
p31179,hydro,0.0,0.0,0.0,0.0,0.0
p31179,nuclear,0.0,0.0,0.0,0.0,0.0
p31179,pumped-hydro,0.0,0.0,0.0,0.0,0.0
p31179,pv,0.0,0.0,0.0,0.0,0.0
p31179,wind-ofs,0.0,0.0,0.0,0.0,0.0
p31179,wind-ons,500.0,500.0,500.0,500.0,500.0
p31181,battery,0.0,0.0,0.0,0.0,0.0
p31181,biomass,0.0,0.0,0.0,0.0,0.0
p31181,coal,0.0,0.0,0.0,0.0,0.0
p31181,gas,0.0,0.0,0.0,0.0,0.0
p31181,geothermal,0.0,0.0,0.0,0.0,0.0
p31181,h2,0.0,0.0,0.0,0.0,0.0
p31181,hydro,0.0,0.0,0.0,0.0,0.0
p31181,nuclear,0.0,0.0,0.0,0.0,0.0
p31181,pumped-hydro,0.0,0.0,0.0,0.0,0.0
p31181,pv,0.0,0.0,0.0,0.0,0.0
p31181,wind-ofs,0.0,0.0,0.0,0.0,0.0
p31181,wind-ons,100.0,100.0,100.0,100.0,100.0
p32001,battery,0.0,0.0,0.0,0.0,0.0
p32001,biomass,0.0,0.0,0.0,0.0,0.0
p32001,coal,0.0,0.0,0.0,0.0,0.0
p32001,gas,0.0,0.0,0.0,0.0,0.0
p32001,geothermal,231.0,231.0,231.0,231.0,231.0
p32001,h2,0.0,0.0,0.0,0.0,0.0
p32001,hydro,0.0,0.0,0.0,0.0,0.0
p32001,nuclear,0.0,0.0,0.0,0.0,0.0
p32001,pumped-hydro,0.0,0.0,0.0,0.0,0.0
p32001,pv,2250.0,2250.0,2250.0,2250.0,2250.0
p32001,wind-ofs,0.0,0.0,0.0,0.0,0.0
p32001,wind-ons,0.0,0.0,0.0,0.0,0.0
p32003,battery,10219.716988,10219.716988,10219.716988,10219.716988,10219.716988
p32003,biomass,0.0,0.0,0.0,0.0,0.0
p32003,coal,0.0,0.0,0.0,0.0,0.0
p32003,gas,888.0,888.0,888.0,888.0,888.0
p32003,geothermal,0.0,0.0,0.0,0.0,0.0
p32003,h2,0.0,0.0,0.0,0.0,0.0
p32003,hydro,0.0,0.0,0.0,0.0,0.0
p32003,nuclear,0.0,0.0,0.0,0.0,0.0
p32003,pumped-hydro,0.0,0.0,0.0,0.0,0.0
p32003,pv,8728.2415,8728.2415,8728.2415,8728.2415,8728.2415
p32003,wind-ofs,0.0,0.0,0.0,0.0,0.0
p32003,wind-ons,620.0,620.0,620.0,620.0,620.0
p32009,battery,0.0,0.0,0.0,0.0,0.0
p32009,biomass,0.0,0.0,0.0,0.0,0.0
p32009,coal,0.0,0.0,0.0,0.0,0.0
p32009,gas,0.0,0.0,0.0,0.0,0.0
p32009,geothermal,193.6,193.6,193.6,193.6,193.6
p32009,h2,0.0,0.0,0.0,0.0,0.0
p32009,hydro,0.0,0.0,0.0,0.0,0.0
p32009,nuclear,0.0,0.0,0.0,0.0,0.0
p32009,pumped-hydro,0.0,0.0,0.0,0.0,0.0
p32009,pv,2685.76,2685.76,2685.76,2685.76,2685.76
p32009,wind-ofs,0.0,0.0,0.0,0.0,0.0
p32009,wind-ons,959.5,959.5,959.5,959.5,959.5
p32011,battery,0.0,0.0,0.0,0.0,0.0
p32011,biomass,0.0,0.0,0.0,0.0,0.0
p32011,coal,0.0,0.0,0.0,0.0,0.0
p32011,gas,0.0,0.0,0.0,0.0,0.0
p32011,geothermal,77.0,77.0,77.0,77.0,77.0
p32011,h2,0.0,0.0,0.0,0.0,0.0
p32011,hydro,0.0,0.0,0.0,0.0,0.0
p32011,nuclear,0.0,0.0,0.0,0.0,0.0
p32011,pumped-hydro,0.0,0.0,0.0,0.0,0.0
p32011,pv,140.0,140.0,140.0,140.0,140.0
p32011,wind-ofs,0.0,0.0,0.0,0.0,0.0
p32011,wind-ons,0.0,0.0,0.0,0.0,0.0
p32013,battery,0.0,0.0,0.0,0.0,0.0
p32013,biomass,0.0,0.0,0.0,0.0,0.0
p32013,coal,0.0,0.0,0.0,0.0,0.0
p32013,gas,436.6,436.6,436.6,436.6,436.6
p32013,geothermal,0.0,0.0,0.0,0.0,0.0
p32013,h2,0.0,0.0,0.0,0.0,0.0
p32013,hydro,0.0,0.0,0.0,0.0,0.0
p32013,nuclear,0.0,0.0,0.0,0.0,0.0
p32013,pumped-hydro,0.0,0.0,0.0,0.0,0.0
p32013,pv,1840.0,1840.0,1840.0,1840.0,1840.0
p32013,wind-ofs,0.0,0.0,0.0,0.0,0.0
p32013,wind-ons,0.0,0.0,0.0,0.0,0.0
p32015,battery,0.0,0.0,0.0,0.0,0.0
p32015,biomass,0.0,0.0,0.0,0.0,0.0
p32015,coal,0.0,0.0,0.0,0.0,0.0
p32015,gas,0.0,0.0,0.0,0.0,0.0
p32015,geothermal,138.0,138.0,138.0,138.0,138.0
p32015,h2,0.0,0.0,0.0,0.0,0.0
p32015,hydro,0.0,0.0,0.0,0.0,0.0
p32015,nuclear,0.0,0.0,0.0,0.0,0.0
p32015,pumped-hydro,0.0,0.0,0.0,0.0,0.0
p32015,pv,498.0,498.0,498.0,498.0,498.0
p32015,wind-ofs,0.0,0.0,0.0,0.0,0.0
p32015,wind-ons,0.0,0.0,0.0,0.0,0.0
p32019,battery,0.0,0.0,0.0,0.0,0.0
p32019,biomass,0.0,0.0,0.0,0.0,0.0
p32019,coal,0.0,0.0,0.0,0.0,0.0
p32019,gas,0.0,0.0,0.0,0.0,0.0
p32019,geothermal,163.6,163.6,163.6,163.6,163.6
p32019,h2,0.0,0.0,0.0,0.0,0.0
p32019,hydro,0.0,0.0,0.0,0.0,0.0
p32019,nuclear,0.0,0.0,0.0,0.0,0.0
p32019,pumped-hydro,0.0,0.0,0.0,0.0,0.0
p32019,pv,2402.6,2402.6,2402.6,2402.6,2402.6
p32019,wind-ofs,0.0,0.0,0.0,0.0,0.0
p32019,wind-ons,0.0,0.0,0.0,0.0,0.0
p32021,battery,0.0,0.0,0.0,0.0,0.0
p32021,biomass,0.0,0.0,0.0,0.0,0.0
p32021,coal,0.0,0.0,0.0,0.0,0.0
p32021,gas,0.0,0.0,0.0,0.0,0.0
p32021,geothermal,0.0,0.0,0.0,0.0,0.0
p32021,h2,0.0,0.0,0.0,0.0,0.0
p32021,hydro,0.0,0.0,0.0,0.0,0.0
p32021,nuclear,0.0,0.0,0.0,0.0,0.0
p32021,pumped-hydro,0.0,0.0,0.0,0.0,0.0
p32021,pv,1400.0,1400.0,1400.0,1400.0,1400.0
p32021,wind-ofs,0.0,0.0,0.0,0.0,0.0
p32021,wind-ons,0.0,0.0,0.0,0.0,0.0
p32023,battery,6139.7872,6139.7872,6139.7872,6139.7872,6139.7872
p32023,biomass,0.0,0.0,0.0,0.0,0.0
p32023,coal,0.0,0.0,0.0,0.0,0.0
p32023,gas,0.0,0.0,0.0,0.0,0.0
p32023,geothermal,10.0,10.0,10.0,10.0,10.0
p32023,h2,0.0,0.0,0.0,0.0,0.0
p32023,hydro,0.0,0.0,0.0,0.0,0.0
p32023,nuclear,0.0,0.0,0.0,0.0,0.0
p32023,pumped-hydro,0.0,0.0,0.0,0.0,0.0
p32023,pv,9985.1755,9985.1755,9985.1755,9985.1755,9985.1755
p32023,wind-ofs,0.0,0.0,0.0,0.0,0.0
p32023,wind-ons,0.0,0.0,0.0,0.0,0.0
p32027,battery,0.0,0.0,0.0,0.0,0.0
p32027,biomass,0.0,0.0,0.0,0.0,0.0
p32027,coal,0.0,0.0,0.0,0.0,0.0
p32027,gas,0.0,0.0,0.0,0.0,0.0
p32027,geothermal,154.0,154.0,154.0,154.0,154.0
p32027,h2,0.0,0.0,0.0,0.0,0.0
p32027,hydro,0.0,0.0,0.0,0.0,0.0
p32027,nuclear,0.0,0.0,0.0,0.0,0.0
p32027,pumped-hydro,0.0,0.0,0.0,0.0,0.0
p32027,pv,280.0,280.0,280.0,280.0,280.0
p32027,wind-ofs,0.0,0.0,0.0,0.0,0.0
p32027,wind-ons,0.0,0.0,0.0,0.0,0.0
p32029,battery,400.0,400.0,400.0,400.0,400.0
p32029,biomass,0.0,0.0,0.0,0.0,0.0
p32029,coal,0.0,0.0,0.0,0.0,0.0
p32029,gas,0.0,0.0,0.0,0.0,0.0
p32029,geothermal,0.0,0.0,0.0,0.0,0.0
p32029,h2,0.0,0.0,0.0,0.0,0.0
p32029,hydro,0.0,0.0,0.0,0.0,0.0
p32029,nuclear,0.0,0.0,0.0,0.0,0.0
p32029,pumped-hydro,0.0,0.0,0.0,0.0,0.0
p32029,pv,0.0,0.0,0.0,0.0,0.0
p32029,wind-ofs,0.0,0.0,0.0,0.0,0.0
p32029,wind-ons,0.0,0.0,0.0,0.0,0.0
p32031,battery,925.0,925.0,925.0,925.0,925.0
p32031,biomass,0.0,0.0,0.0,0.0,0.0
p32031,coal,0.0,0.0,0.0,0.0,0.0
p32031,gas,0.0,0.0,0.0,0.0,0.0
p32031,geothermal,167.0,167.0,167.0,167.0,167.0
p32031,h2,0.0,0.0,0.0,0.0,0.0
p32031,hydro,0.0,0.0,0.0,0.0,0.0
p32031,nuclear,0.0,0.0,0.0,0.0,0.0
p32031,pumped-hydro,0.0,0.0,0.0,0.0,0.0
p32031,pv,2640.0,2640.0,2640.0,2640.0,2640.0
p32031,wind-ofs,0.0,0.0,0.0,0.0,0.0
p32031,wind-ons,0.0,0.0,0.0,0.0,0.0
p32033,battery,199.9,199.9,199.9,199.9,199.9
p32033,biomass,0.0,0.0,0.0,0.0,0.0
p32033,coal,0.0,0.0,0.0,0.0,0.0
p32033,gas,0.0,0.0,0.0,0.0,0.0
p32033,geothermal,0.0,0.0,0.0,0.0,0.0
p32033,h2,0.0,0.0,0.0,0.0,0.0
p32033,hydro,0.0,0.0,0.0,0.0,0.0
p32033,nuclear,0.0,0.0,0.0,0.0,0.0
p32033,pumped-hydro,0.0,0.0,0.0,0.0,0.0
p32033,pv,4750.0,4750.0,4750.0,4750.0,4750.0
p32033,wind-ofs,0.0,0.0,0.0,0.0,0.0
p32033,wind-ons,600.0,600.0,600.0,600.0,600.0
p32510,battery,300.0,300.0,300.0,300.0,300.0
p32510,biomass,0.0,0.0,0.0,0.0,0.0
p32510,coal,0.0,0.0,0.0,0.0,0.0
p32510,gas,0.0,0.0,0.0,0.0,0.0
p32510,geothermal,0.0,0.0,0.0,0.0,0.0
p32510,h2,0.0,0.0,0.0,0.0,0.0
p32510,hydro,0.0,0.0,0.0,0.0,0.0
p32510,nuclear,0.0,0.0,0.0,0.0,0.0
p32510,pumped-hydro,0.0,0.0,0.0,0.0,0.0
p32510,pv,0.0,0.0,0.0,0.0,0.0
p32510,wind-ofs,0.0,0.0,0.0,0.0,0.0
p32510,wind-ons,0.0,0.0,0.0,0.0,0.0
p33013,battery,226.0,226.0,226.0,226.0,226.0
p33013,biomass,0.0,0.0,0.0,0.0,0.0
p33013,coal,0.0,0.0,0.0,0.0,0.0
p33013,gas,0.0,0.0,0.0,0.0,0.0
p33013,geothermal,0.0,0.0,0.0,0.0,0.0
p33013,h2,0.0,0.0,0.0,0.0,0.0
p33013,hydro,0.0,0.0,0.0,0.0,0.0
p33013,nuclear,0.0,0.0,0.0,0.0,0.0
p33013,pumped-hydro,0.0,0.0,0.0,0.0,0.0
p33013,pv,76.25,76.25,76.25,76.25,76.25
p33013,wind-ofs,0.0,0.0,0.0,0.0,0.0
p33013,wind-ons,0.0,0.0,0.0,0.0,0.0
p33015,battery,0.0,0.0,0.0,0.0,0.0
p33015,biomass,0.0,0.0,0.0,0.0,0.0
p33015,coal,0.0,0.0,0.0,0.0,0.0
p33015,gas,0.0,0.0,0.0,0.0,0.0
p33015,geothermal,0.0,0.0,0.0,0.0,0.0
p33015,h2,0.0,0.0,0.0,0.0,0.0
p33015,hydro,0.0,0.0,0.0,0.0,0.0
p33015,nuclear,0.0,0.0,0.0,0.0,0.0
p33015,pumped-hydro,0.0,0.0,0.0,0.0,0.0
p33015,pv,101.549003601074,101.549003601074,101.549003601074,101.549003601074,101.549003601074
p33015,wind-ofs,0.0,0.0,0.0,0.0,0.0
p33015,wind-ons,0.0,0.0,0.0,0.0,0.0
p33017,battery,0.0,0.0,0.0,0.0,0.0
p33017,biomass,0.0,0.0,0.0,0.0,0.0
p33017,coal,0.0,0.0,0.0,0.0,0.0
p33017,gas,0.0,0.0,0.0,0.0,0.0
p33017,geothermal,0.0,0.0,0.0,0.0,0.0
p33017,h2,0.0,0.0,0.0,0.0,0.0
p33017,hydro,0.0,0.0,0.0,0.0,0.0
p33017,nuclear,0.0,0.0,0.0,0.0,0.0
p33017,pumped-hydro,0.0,0.0,0.0,0.0,0.0
p33017,pv,40.0,40.0,40.0,40.0,40.0
p33017,wind-ofs,0.0,0.0,0.0,0.0,0.0
p33017,wind-ons,0.0,0.0,0.0,0.0,0.0
p33019,battery,0.0,0.0,0.0,0.0,0.0
p33019,biomass,0.0,0.0,0.0,0.0,0.0
p33019,coal,0.0,0.0,0.0,0.0,0.0
p33019,gas,0.0,0.0,0.0,0.0,0.0
p33019,geothermal,0.0,0.0,0.0,0.0,0.0
p33019,h2,0.0,0.0,0.0,0.0,0.0
p33019,hydro,0.0,0.0,0.0,0.0,0.0
p33019,nuclear,0.0,0.0,0.0,0.0,0.0
p33019,pumped-hydro,0.0,0.0,0.0,0.0,0.0
p33019,pv,9.97999954223632,9.97999954223632,9.97999954223632,9.97999954223632,9.97999954223632
p33019,wind-ofs,0.0,0.0,0.0,0.0,0.0
p33019,wind-ons,0.0,0.0,0.0,0.0,0.0
p34001,battery,570.0,570.0,570.0,570.0,570.0
p34001,biomass,0.0,0.0,0.0,0.0,0.0
p34001,coal,0.0,0.0,0.0,0.0,0.0
p34001,gas,0.0,0.0,0.0,0.0,0.0
p34001,geothermal,0.0,0.0,0.0,0.0,0.0
p34001,h2,0.0,0.0,0.0,0.0,0.0
p34001,hydro,0.0,0.0,0.0,0.0,0.0
p34001,nuclear,0.0,0.0,0.0,0.0,0.0
p34001,pumped-hydro,0.0,0.0,0.0,0.0,0.0
p34001,pv,76.0,76.0,76.0,76.0,76.0
p34001,wind-ofs,4852.969999999999,4852.969999999999,4852.969999999999,4852.969999999999,4852.969999999999
p34001,wind-ons,0.0,0.0,0.0,0.0,0.0
p34003,battery,0.0,0.0,0.0,0.0,0.0
p34003,biomass,0.0,0.0,0.0,0.0,0.0
p34003,coal,0.0,0.0,0.0,0.0,0.0
p34003,gas,20.0,20.0,20.0,20.0,20.0
p34003,geothermal,0.0,0.0,0.0,0.0,0.0
p34003,h2,0.0,0.0,0.0,0.0,0.0
p34003,hydro,0.0,0.0,0.0,0.0,0.0
p34003,nuclear,0.0,0.0,0.0,0.0,0.0
p34003,pumped-hydro,0.0,0.0,0.0,0.0,0.0
p34003,pv,0.0,0.0,0.0,0.0,0.0
p34003,wind-ofs,0.0,0.0,0.0,0.0,0.0
p34003,wind-ons,0.0,0.0,0.0,0.0,0.0
p34005,battery,18.0,18.0,18.0,18.0,18.0
p34005,biomass,0.0,0.0,0.0,0.0,0.0
p34005,coal,0.0,0.0,0.0,0.0,0.0
p34005,gas,0.0,0.0,0.0,0.0,0.0
p34005,geothermal,0.0,0.0,0.0,0.0,0.0
p34005,h2,0.0,0.0,0.0,0.0,0.0
p34005,hydro,0.0,0.0,0.0,0.0,0.0
p34005,nuclear,0.0,0.0,0.0,0.0,0.0
p34005,pumped-hydro,0.0,0.0,0.0,0.0,0.0
p34005,pv,3.05,3.05,3.05,3.05,3.05
p34005,wind-ofs,0.0,0.0,0.0,0.0,0.0
p34005,wind-ons,0.0,0.0,0.0,0.0,0.0
p34007,battery,600.0,600.0,600.0,600.0,600.0
p34007,biomass,0.0,0.0,0.0,0.0,0.0
p34007,coal,0.0,0.0,0.0,0.0,0.0
p34007,gas,0.0,0.0,0.0,0.0,0.0
p34007,geothermal,0.0,0.0,0.0,0.0,0.0
p34007,h2,0.0,0.0,0.0,0.0,0.0
p34007,hydro,0.0,0.0,0.0,0.0,0.0
p34007,nuclear,0.0,0.0,0.0,0.0,0.0
p34007,pumped-hydro,0.0,0.0,0.0,0.0,0.0
p34007,pv,29.4,29.4,29.4,29.4,29.4
p34007,wind-ofs,0.0,0.0,0.0,0.0,0.0
p34007,wind-ons,0.0,0.0,0.0,0.0,0.0
p34009,battery,40.0,40.0,40.0,40.0,40.0
p34009,biomass,0.0,0.0,0.0,0.0,0.0
p34009,coal,0.0,0.0,0.0,0.0,0.0
p34009,gas,0.0,0.0,0.0,0.0,0.0
p34009,geothermal,0.0,0.0,0.0,0.0,0.0
p34009,h2,0.0,0.0,0.0,0.0,0.0
p34009,hydro,0.0,0.0,0.0,0.0,0.0
p34009,nuclear,0.0,0.0,0.0,0.0,0.0
p34009,pumped-hydro,0.0,0.0,0.0,0.0,0.0
p34009,pv,0.0,0.0,0.0,0.0,0.0
p34009,wind-ofs,94.6,94.6,94.6,94.6,94.6
p34009,wind-ons,0.0,0.0,0.0,0.0,0.0
p34011,battery,100.0,100.0,100.0,100.0,100.0
p34011,biomass,0.0,0.0,0.0,0.0,0.0
p34011,coal,0.0,0.0,0.0,0.0,0.0
p34011,gas,0.0,0.0,0.0,0.0,0.0
p34011,geothermal,0.0,0.0,0.0,0.0,0.0
p34011,h2,0.0,0.0,0.0,0.0,0.0
p34011,hydro,0.0,0.0,0.0,0.0,0.0
p34011,nuclear,0.0,0.0,0.0,0.0,0.0
p34011,pumped-hydro,0.0,0.0,0.0,0.0,0.0
p34011,pv,129.42000000000002,129.42000000000002,129.42000000000002,129.42000000000002,129.42000000000002
p34011,wind-ofs,0.0,0.0,0.0,0.0,0.0
p34011,wind-ons,0.0,0.0,0.0,0.0,0.0
p34013,battery,60.0,60.0,60.0,60.0,60.0
p34013,biomass,0.0,0.0,0.0,0.0,0.0
p34013,coal,0.0,0.0,0.0,0.0,0.0
p34013,gas,0.0,0.0,0.0,0.0,0.0
p34013,geothermal,0.0,0.0,0.0,0.0,0.0
p34013,h2,0.0,0.0,0.0,0.0,0.0
p34013,hydro,0.0,0.0,0.0,0.0,0.0
p34013,nuclear,0.0,0.0,0.0,0.0,0.0
p34013,pumped-hydro,0.0,0.0,0.0,0.0,0.0
p34013,pv,0.0,0.0,0.0,0.0,0.0
p34013,wind-ofs,0.0,0.0,0.0,0.0,0.0
p34013,wind-ons,0.0,0.0,0.0,0.0,0.0
p34015,battery,443.0,443.0,443.0,443.0,443.0
p34015,biomass,0.0,0.0,0.0,0.0,0.0
p34015,coal,0.0,0.0,0.0,0.0,0.0
p34015,gas,0.0,0.0,0.0,0.0,0.0
p34015,geothermal,0.0,0.0,0.0,0.0,0.0
p34015,h2,0.0,0.0,0.0,0.0,0.0
p34015,hydro,0.0,0.0,0.0,0.0,0.0
p34015,nuclear,0.0,0.0,0.0,0.0,0.0
p34015,pumped-hydro,0.0,0.0,0.0,0.0,0.0
p34015,pv,121.87,121.87,121.87,121.87,121.87
p34015,wind-ofs,0.0,0.0,0.0,0.0,0.0
p34015,wind-ons,0.0,0.0,0.0,0.0,0.0
p34017,battery,1350.0,1350.0,1350.0,1350.0,1350.0
p34017,biomass,0.0,0.0,0.0,0.0,0.0
p34017,coal,0.0,0.0,0.0,0.0,0.0
p34017,gas,0.0,0.0,0.0,0.0,0.0
p34017,geothermal,0.0,0.0,0.0,0.0,0.0
p34017,h2,0.0,0.0,0.0,0.0,0.0
p34017,hydro,0.0,0.0,0.0,0.0,0.0
p34017,nuclear,0.0,0.0,0.0,0.0,0.0
p34017,pumped-hydro,0.0,0.0,0.0,0.0,0.0
p34017,pv,0.0,0.0,0.0,0.0,0.0
p34017,wind-ofs,0.0,0.0,0.0,0.0,0.0
p34017,wind-ons,0.0,0.0,0.0,0.0,0.0
p34019,battery,282.0,282.0,282.0,282.0,282.0
p34019,biomass,0.0,0.0,0.0,0.0,0.0
p34019,coal,0.0,0.0,0.0,0.0,0.0
p34019,gas,0.0,0.0,0.0,0.0,0.0
p34019,geothermal,0.0,0.0,0.0,0.0,0.0
p34019,h2,0.0,0.0,0.0,0.0,0.0
p34019,hydro,0.0,0.0,0.0,0.0,0.0
p34019,nuclear,0.0,0.0,0.0,0.0,0.0
p34019,pumped-hydro,0.0,0.0,0.0,0.0,0.0
p34019,pv,108.80000000000001,108.80000000000001,108.80000000000001,108.80000000000001,108.80000000000001
p34019,wind-ofs,0.0,0.0,0.0,0.0,0.0
p34019,wind-ons,0.0,0.0,0.0,0.0,0.0
p34021,battery,340.0,340.0,340.0,340.0,340.0
p34021,biomass,0.0,0.0,0.0,0.0,0.0
p34021,coal,0.0,0.0,0.0,0.0,0.0
p34021,gas,0.0,0.0,0.0,0.0,0.0
p34021,geothermal,0.0,0.0,0.0,0.0,0.0
p34021,h2,0.0,0.0,0.0,0.0,0.0
p34021,hydro,0.0,0.0,0.0,0.0,0.0
p34021,nuclear,0.0,0.0,0.0,0.0,0.0
p34021,pumped-hydro,0.0,0.0,0.0,0.0,0.0
p34021,pv,0.0,0.0,0.0,0.0,0.0
p34021,wind-ofs,0.0,0.0,0.0,0.0,0.0
p34021,wind-ons,0.0,0.0,0.0,0.0,0.0
p34023,battery,0.0,0.0,0.0,0.0,0.0
p34023,biomass,0.0,0.0,0.0,0.0,0.0
p34023,coal,0.0,0.0,0.0,0.0,0.0
p34023,gas,0.0,0.0,0.0,0.0,0.0
p34023,geothermal,0.0,0.0,0.0,0.0,0.0
p34023,h2,0.0,0.0,0.0,0.0,0.0
p34023,hydro,0.0,0.0,0.0,0.0,0.0
p34023,nuclear,0.0,0.0,0.0,0.0,0.0
p34023,pumped-hydro,0.0,0.0,0.0,0.0,0.0
p34023,pv,0.0,0.0,0.0,0.0,0.0
p34023,wind-ofs,2620.0,2620.0,2620.0,2620.0,2620.0
p34023,wind-ons,0.0,0.0,0.0,0.0,0.0
p34025,battery,500.7,500.7,500.7,500.7,500.7
p34025,biomass,0.0,0.0,0.0,0.0,0.0
p34025,coal,0.0,0.0,0.0,0.0,0.0
p34025,gas,0.0,0.0,0.0,0.0,0.0
p34025,geothermal,0.0,0.0,0.0,0.0,0.0
p34025,h2,0.0,0.0,0.0,0.0,0.0
p34025,hydro,0.0,0.0,0.0,0.0,0.0
p34025,nuclear,0.0,0.0,0.0,0.0,0.0
p34025,pumped-hydro,0.0,0.0,0.0,0.0,0.0
p34025,pv,38.9,38.9,38.9,38.9,38.9
p34025,wind-ofs,9064.79,9064.79,9064.79,9064.79,9064.79
p34025,wind-ons,0.0,0.0,0.0,0.0,0.0
p34027,battery,0.0,0.0,0.0,0.0,0.0
p34027,biomass,0.0,0.0,0.0,0.0,0.0
p34027,coal,0.0,0.0,0.0,0.0,0.0
p34027,gas,0.0,0.0,0.0,0.0,0.0
p34027,geothermal,0.0,0.0,0.0,0.0,0.0
p34027,h2,0.0,0.0,0.0,0.0,0.0
p34027,hydro,0.0,0.0,0.0,0.0,0.0
p34027,nuclear,0.0,0.0,0.0,0.0,0.0
p34027,pumped-hydro,0.0,0.0,0.0,0.0,0.0
p34027,pv,30.8,30.8,30.8,30.8,30.8
p34027,wind-ofs,0.0,0.0,0.0,0.0,0.0
p34027,wind-ons,0.0,0.0,0.0,0.0,0.0
p34029,battery,170.0,170.0,170.0,170.0,170.0
p34029,biomass,0.0,0.0,0.0,0.0,0.0
p34029,coal,0.0,0.0,0.0,0.0,0.0
p34029,gas,0.0,0.0,0.0,0.0,0.0
p34029,geothermal,0.0,0.0,0.0,0.0,0.0
p34029,h2,0.0,0.0,0.0,0.0,0.0
p34029,hydro,0.0,0.0,0.0,0.0,0.0
p34029,nuclear,0.0,0.0,0.0,0.0,0.0
p34029,pumped-hydro,0.0,0.0,0.0,0.0,0.0
p34029,pv,89.9,89.9,89.9,89.9,89.9
p34029,wind-ofs,1237.47,1237.47,1237.47,1237.47,1237.47
p34029,wind-ons,0.0,0.0,0.0,0.0,0.0
p34033,battery,655.0,655.0,655.0,655.0,655.0
p34033,biomass,0.0,0.0,0.0,0.0,0.0
p34033,coal,0.0,0.0,0.0,0.0,0.0
p34033,gas,0.0,0.0,0.0,0.0,0.0
p34033,geothermal,0.0,0.0,0.0,0.0,0.0
p34033,h2,0.0,0.0,0.0,0.0,0.0
p34033,hydro,0.0,0.0,0.0,0.0,0.0
p34033,nuclear,0.0,0.0,0.0,0.0,0.0
p34033,pumped-hydro,0.0,0.0,0.0,0.0,0.0
p34033,pv,388.6,388.6,388.6,388.6,388.6
p34033,wind-ofs,0.0,0.0,0.0,0.0,0.0
p34033,wind-ons,0.0,0.0,0.0,0.0,0.0
p34035,battery,0.0,0.0,0.0,0.0,0.0
p34035,biomass,0.0,0.0,0.0,0.0,0.0
p34035,coal,0.0,0.0,0.0,0.0,0.0
p34035,gas,0.0,0.0,0.0,0.0,0.0
p34035,geothermal,0.0,0.0,0.0,0.0,0.0
p34035,h2,0.0,0.0,0.0,0.0,0.0
p34035,hydro,0.0,0.0,0.0,0.0,0.0
p34035,nuclear,0.0,0.0,0.0,0.0,0.0
p34035,pumped-hydro,0.0,0.0,0.0,0.0,0.0
p34035,pv,8.0,8.0,8.0,8.0,8.0
p34035,wind-ofs,0.0,0.0,0.0,0.0,0.0
p34035,wind-ons,0.0,0.0,0.0,0.0,0.0
p34037,battery,40.0,40.0,40.0,40.0,40.0
p34037,biomass,0.0,0.0,0.0,0.0,0.0
p34037,coal,0.0,0.0,0.0,0.0,0.0
p34037,gas,0.0,0.0,0.0,0.0,0.0
p34037,geothermal,0.0,0.0,0.0,0.0,0.0
p34037,h2,0.0,0.0,0.0,0.0,0.0
p34037,hydro,0.0,0.0,0.0,0.0,0.0
p34037,nuclear,0.0,0.0,0.0,0.0,0.0
p34037,pumped-hydro,0.0,0.0,0.0,0.0,0.0
p34037,pv,11.75,11.75,11.75,11.75,11.75
p34037,wind-ofs,0.0,0.0,0.0,0.0,0.0
p34037,wind-ons,0.0,0.0,0.0,0.0,0.0
p34041,battery,120.0,120.0,120.0,120.0,120.0
p34041,biomass,0.0,0.0,0.0,0.0,0.0
p34041,coal,0.0,0.0,0.0,0.0,0.0
p34041,gas,0.0,0.0,0.0,0.0,0.0
p34041,geothermal,0.0,0.0,0.0,0.0,0.0
p34041,h2,0.0,0.0,0.0,0.0,0.0
p34041,hydro,0.0,0.0,0.0,0.0,0.0
p34041,nuclear,0.0,0.0,0.0,0.0,0.0
p34041,pumped-hydro,0.0,0.0,0.0,0.0,0.0
p34041,pv,564.2,564.2,564.2,564.2,564.2
p34041,wind-ofs,0.0,0.0,0.0,0.0,0.0
p34041,wind-ons,0.0,0.0,0.0,0.0,0.0
p35001,battery,1900.0,1900.0,1900.0,1900.0,1900.0
p35001,biomass,0.0,0.0,0.0,0.0,0.0
p35001,coal,0.0,0.0,0.0,0.0,0.0
p35001,gas,0.0,0.0,0.0,0.0,0.0
p35001,geothermal,0.0,0.0,0.0,0.0,0.0
p35001,h2,0.0,0.0,0.0,0.0,0.0
p35001,hydro,0.0,0.0,0.0,0.0,0.0
p35001,nuclear,0.0,0.0,0.0,0.0,0.0
p35001,pumped-hydro,0.0,0.0,0.0,0.0,0.0
p35001,pv,1700.0,1700.0,1700.0,1700.0,1700.0
p35001,wind-ofs,0.0,0.0,0.0,0.0,0.0
p35001,wind-ons,0.0,0.0,0.0,0.0,0.0
p35005,battery,0.0,0.0,0.0,0.0,0.0
p35005,biomass,0.0,0.0,0.0,0.0,0.0
p35005,coal,0.0,0.0,0.0,0.0,0.0
p35005,gas,0.0,0.0,0.0,0.0,0.0
p35005,geothermal,0.0,0.0,0.0,0.0,0.0
p35005,h2,0.0,0.0,0.0,0.0,0.0
p35005,hydro,0.0,0.0,0.0,0.0,0.0
p35005,nuclear,0.0,0.0,0.0,0.0,0.0
p35005,pumped-hydro,0.0,0.0,0.0,0.0,0.0
p35005,pv,0.0,0.0,0.0,0.0,0.0
p35005,wind-ofs,0.0,0.0,0.0,0.0,0.0
p35005,wind-ons,807.0,807.0,807.0,807.0,807.0
p35006,battery,0.0,0.0,0.0,0.0,0.0
p35006,biomass,0.0,0.0,0.0,0.0,0.0
p35006,coal,0.0,0.0,0.0,0.0,0.0
p35006,gas,0.0,0.0,0.0,0.0,0.0
p35006,geothermal,0.0,0.0,0.0,0.0,0.0
p35006,h2,0.0,0.0,0.0,0.0,0.0
p35006,hydro,0.0,0.0,0.0,0.0,0.0
p35006,nuclear,0.0,0.0,0.0,0.0,0.0
p35006,pumped-hydro,0.0,0.0,0.0,0.0,0.0
p35006,pv,20.0,20.0,20.0,20.0,20.0
p35006,wind-ofs,0.0,0.0,0.0,0.0,0.0
p35006,wind-ons,250.0,250.0,250.0,250.0,250.0
p35009,battery,0.0,0.0,0.0,0.0,0.0
p35009,biomass,0.0,0.0,0.0,0.0,0.0
p35009,coal,0.0,0.0,0.0,0.0,0.0
p35009,gas,0.0,0.0,0.0,0.0,0.0
p35009,geothermal,0.0,0.0,0.0,0.0,0.0
p35009,h2,0.0,0.0,0.0,0.0,0.0
p35009,hydro,0.0,0.0,0.0,0.0,0.0
p35009,nuclear,0.0,0.0,0.0,0.0,0.0
p35009,pumped-hydro,0.0,0.0,0.0,0.0,0.0
p35009,pv,1356.0,1356.0,1356.0,1356.0,1356.0
p35009,wind-ofs,0.0,0.0,0.0,0.0,0.0
p35009,wind-ons,395.0,395.0,395.0,395.0,395.0
p35011,battery,0.0,0.0,0.0,0.0,0.0
p35011,biomass,0.0,0.0,0.0,0.0,0.0
p35011,coal,0.0,0.0,0.0,0.0,0.0
p35011,gas,0.0,0.0,0.0,0.0,0.0
p35011,geothermal,0.0,0.0,0.0,0.0,0.0
p35011,h2,0.0,0.0,0.0,0.0,0.0
p35011,hydro,0.0,0.0,0.0,0.0,0.0
p35011,nuclear,0.0,0.0,0.0,0.0,0.0
p35011,pumped-hydro,0.0,0.0,0.0,0.0,0.0
p35011,pv,300.0,300.0,300.0,300.0,300.0
p35011,wind-ofs,0.0,0.0,0.0,0.0,0.0
p35011,wind-ons,0.0,0.0,0.0,0.0,0.0
p35013,battery,0.0,0.0,0.0,0.0,0.0
p35013,biomass,0.0,0.0,0.0,0.0,0.0
p35013,coal,0.0,0.0,0.0,0.0,0.0
p35013,gas,0.0,0.0,0.0,0.0,0.0
p35013,geothermal,0.0,0.0,0.0,0.0,0.0
p35013,h2,0.0,0.0,0.0,0.0,0.0
p35013,hydro,0.0,0.0,0.0,0.0,0.0
p35013,nuclear,0.0,0.0,0.0,0.0,0.0
p35013,pumped-hydro,0.0,0.0,0.0,0.0,0.0
p35013,pv,600.0,600.0,600.0,600.0,600.0
p35013,wind-ofs,0.0,0.0,0.0,0.0,0.0
p35013,wind-ons,0.0,0.0,0.0,0.0,0.0
p35015,battery,150.0,150.0,150.0,150.0,150.0
p35015,biomass,0.0,0.0,0.0,0.0,0.0
p35015,coal,0.0,0.0,0.0,0.0,0.0
p35015,gas,0.0,0.0,0.0,0.0,0.0
p35015,geothermal,0.0,0.0,0.0,0.0,0.0
p35015,h2,0.0,0.0,0.0,0.0,0.0
p35015,hydro,0.0,0.0,0.0,0.0,0.0
p35015,nuclear,0.0,0.0,0.0,0.0,0.0
p35015,pumped-hydro,0.0,0.0,0.0,0.0,0.0
p35015,pv,200.0,200.0,200.0,200.0,200.0
p35015,wind-ofs,0.0,0.0,0.0,0.0,0.0
p35015,wind-ons,0.0,0.0,0.0,0.0,0.0
p35017,battery,0.0,0.0,0.0,0.0,0.0
p35017,biomass,0.0,0.0,0.0,0.0,0.0
p35017,coal,0.0,0.0,0.0,0.0,0.0
p35017,gas,0.0,0.0,0.0,0.0,0.0
p35017,geothermal,0.0,0.0,0.0,0.0,0.0
p35017,h2,0.0,0.0,0.0,0.0,0.0
p35017,hydro,0.0,0.0,0.0,0.0,0.0
p35017,nuclear,0.0,0.0,0.0,0.0,0.0
p35017,pumped-hydro,0.0,0.0,0.0,0.0,0.0
p35017,pv,49.9,49.9,49.9,49.9,49.9
p35017,wind-ofs,0.0,0.0,0.0,0.0,0.0
p35017,wind-ons,504.0,504.0,504.0,504.0,504.0
p35019,battery,0.0,0.0,0.0,0.0,0.0
p35019,biomass,0.0,0.0,0.0,0.0,0.0
p35019,coal,0.0,0.0,0.0,0.0,0.0
p35019,gas,0.0,0.0,0.0,0.0,0.0
p35019,geothermal,0.0,0.0,0.0,0.0,0.0
p35019,h2,0.0,0.0,0.0,0.0,0.0
p35019,hydro,0.0,0.0,0.0,0.0,0.0
p35019,nuclear,0.0,0.0,0.0,0.0,0.0
p35019,pumped-hydro,0.0,0.0,0.0,0.0,0.0
p35019,pv,200.0,200.0,200.0,200.0,200.0
p35019,wind-ofs,0.0,0.0,0.0,0.0,0.0
p35019,wind-ons,644.0,644.0,644.0,644.0,644.0
p35021,battery,0.0,0.0,0.0,0.0,0.0
p35021,biomass,0.0,0.0,0.0,0.0,0.0
p35021,coal,0.0,0.0,0.0,0.0,0.0
p35021,gas,0.0,0.0,0.0,0.0,0.0
p35021,geothermal,0.0,0.0,0.0,0.0,0.0
p35021,h2,0.0,0.0,0.0,0.0,0.0
p35021,hydro,0.0,0.0,0.0,0.0,0.0
p35021,nuclear,0.0,0.0,0.0,0.0,0.0
p35021,pumped-hydro,0.0,0.0,0.0,0.0,0.0
p35021,pv,240.0,240.0,240.0,240.0,240.0
p35021,wind-ofs,0.0,0.0,0.0,0.0,0.0
p35021,wind-ons,0.0,0.0,0.0,0.0,0.0
p35025,battery,256.0,256.0,256.0,256.0,256.0
p35025,biomass,0.0,0.0,0.0,0.0,0.0
p35025,coal,0.0,0.0,0.0,0.0,0.0
p35025,gas,0.0,0.0,0.0,0.0,0.0
p35025,geothermal,0.0,0.0,0.0,0.0,0.0
p35025,h2,0.0,0.0,0.0,0.0,0.0
p35025,hydro,0.0,0.0,0.0,0.0,0.0
p35025,nuclear,0.0,0.0,0.0,0.0,0.0
p35025,pumped-hydro,0.0,0.0,0.0,0.0,0.0
p35025,pv,3807.99,3807.99,3807.99,3807.99,3807.99
p35025,wind-ofs,0.0,0.0,0.0,0.0,0.0
p35025,wind-ons,0.0,0.0,0.0,0.0,0.0
p35029,battery,249.9,249.9,249.9,249.9,249.9
p35029,biomass,0.0,0.0,0.0,0.0,0.0
p35029,coal,0.0,0.0,0.0,0.0,0.0
p35029,gas,0.0,0.0,0.0,0.0,0.0
p35029,geothermal,0.0,0.0,0.0,0.0,0.0
p35029,h2,0.0,0.0,0.0,0.0,0.0
p35029,hydro,0.0,0.0,0.0,0.0,0.0
p35029,nuclear,0.0,0.0,0.0,0.0,0.0
p35029,pumped-hydro,0.0,0.0,0.0,0.0,0.0
p35029,pv,249.25,249.25,249.25,249.25,249.25
p35029,wind-ofs,0.0,0.0,0.0,0.0,0.0
p35029,wind-ons,0.0,0.0,0.0,0.0,0.0
p35031,battery,125.0,125.0,125.0,125.0,125.0
p35031,biomass,0.0,0.0,0.0,0.0,0.0
p35031,coal,0.0,0.0,0.0,0.0,0.0
p35031,gas,0.0,0.0,0.0,0.0,0.0
p35031,geothermal,0.0,0.0,0.0,0.0,0.0
p35031,h2,210.0,210.0,210.0,210.0,210.0
p35031,hydro,0.0,0.0,0.0,0.0,0.0
p35031,nuclear,0.0,0.0,0.0,0.0,0.0
p35031,pumped-hydro,0.0,0.0,0.0,0.0,0.0
p35031,pv,1247.24,1247.24,1247.24,1247.24,1247.24
p35031,wind-ofs,0.0,0.0,0.0,0.0,0.0
p35031,wind-ons,0.0,0.0,0.0,0.0,0.0
p35035,battery,75.0,75.0,75.0,75.0,75.0
p35035,biomass,0.0,0.0,0.0,0.0,0.0
p35035,coal,0.0,0.0,0.0,0.0,0.0
p35035,gas,0.0,0.0,0.0,0.0,0.0
p35035,geothermal,0.0,0.0,0.0,0.0,0.0
p35035,h2,0.0,0.0,0.0,0.0,0.0
p35035,hydro,0.0,0.0,0.0,0.0,0.0
p35035,nuclear,0.0,0.0,0.0,0.0,0.0
p35035,pumped-hydro,0.0,0.0,0.0,0.0,0.0
p35035,pv,592.0,592.0,592.0,592.0,592.0
p35035,wind-ofs,0.0,0.0,0.0,0.0,0.0
p35035,wind-ons,0.0,0.0,0.0,0.0,0.0
p35039,battery,80.0,80.0,80.0,80.0,80.0
p35039,biomass,0.0,0.0,0.0,0.0,0.0
p35039,coal,0.0,0.0,0.0,0.0,0.0
p35039,gas,0.0,0.0,0.0,0.0,0.0
p35039,geothermal,0.0,0.0,0.0,0.0,0.0
p35039,h2,0.0,0.0,0.0,0.0,0.0
p35039,hydro,0.0,0.0,0.0,0.0,0.0
p35039,nuclear,0.0,0.0,0.0,0.0,0.0
p35039,pumped-hydro,0.0,0.0,0.0,0.0,0.0
p35039,pv,300.0,300.0,300.0,300.0,300.0
p35039,wind-ofs,0.0,0.0,0.0,0.0,0.0
p35039,wind-ons,0.0,0.0,0.0,0.0,0.0
p35041,battery,229.5,229.5,229.5,229.5,229.5
p35041,biomass,0.0,0.0,0.0,0.0,0.0
p35041,coal,0.0,0.0,0.0,0.0,0.0
p35041,gas,0.0,0.0,0.0,0.0,0.0
p35041,geothermal,0.0,0.0,0.0,0.0,0.0
p35041,h2,0.0,0.0,0.0,0.0,0.0
p35041,hydro,0.0,0.0,0.0,0.0,0.0
p35041,nuclear,0.0,0.0,0.0,0.0,0.0
p35041,pumped-hydro,0.0,0.0,0.0,0.0,0.0
p35041,pv,789.0,789.0,789.0,789.0,789.0
p35041,wind-ofs,0.0,0.0,0.0,0.0,0.0
p35041,wind-ons,250.0,250.0,250.0,250.0,250.0
p35043,battery,400.0,400.0,400.0,400.0,400.0
p35043,biomass,0.0,0.0,0.0,0.0,0.0
p35043,coal,0.0,0.0,0.0,0.0,0.0
p35043,gas,0.0,0.0,0.0,0.0,0.0
p35043,geothermal,0.0,0.0,0.0,0.0,0.0
p35043,h2,0.0,0.0,0.0,0.0,0.0
p35043,hydro,0.0,0.0,0.0,0.0,0.0
p35043,nuclear,0.0,0.0,0.0,0.0,0.0
p35043,pumped-hydro,0.0,0.0,0.0,0.0,0.0
p35043,pv,480.0,480.0,480.0,480.0,480.0
p35043,wind-ofs,0.0,0.0,0.0,0.0,0.0
p35043,wind-ons,0.0,0.0,0.0,0.0,0.0
p35045,battery,200.0,200.0,200.0,200.0,200.0
p35045,biomass,0.0,0.0,0.0,0.0,0.0
p35045,coal,0.0,0.0,0.0,0.0,0.0
p35045,gas,792.6,792.6,792.6,792.6,792.6
p35045,geothermal,0.0,0.0,0.0,0.0,0.0
p35045,h2,0.0,0.0,0.0,0.0,0.0
p35045,hydro,600.0,600.0,600.0,600.0,600.0
p35045,nuclear,0.0,0.0,0.0,0.0,0.0
p35045,pumped-hydro,0.0,0.0,0.0,0.0,0.0
p35045,pv,4170.6,4170.6,4170.6,4170.6,4170.6
p35045,wind-ofs,0.0,0.0,0.0,0.0,0.0
p35045,wind-ons,0.0,0.0,0.0,0.0,0.0
p35049,battery,0.0,0.0,0.0,0.0,0.0
p35049,biomass,0.0,0.0,0.0,0.0,0.0
p35049,coal,0.0,0.0,0.0,0.0,0.0
p35049,gas,0.0,0.0,0.0,0.0,0.0
p35049,geothermal,0.0,0.0,0.0,0.0,0.0
p35049,h2,0.0,0.0,0.0,0.0,0.0
p35049,hydro,0.0,0.0,0.0,0.0,0.0
p35049,nuclear,0.0,0.0,0.0,0.0,0.0
p35049,pumped-hydro,0.0,0.0,0.0,0.0,0.0
p35049,pv,1795.0,1795.0,1795.0,1795.0,1795.0
p35049,wind-ofs,0.0,0.0,0.0,0.0,0.0
p35049,wind-ons,0.0,0.0,0.0,0.0,0.0
p35051,battery,0.0,0.0,0.0,0.0,0.0
p35051,biomass,0.0,0.0,0.0,0.0,0.0
p35051,coal,0.0,0.0,0.0,0.0,0.0
p35051,gas,0.0,0.0,0.0,0.0,0.0
p35051,geothermal,0.0,0.0,0.0,0.0,0.0
p35051,h2,0.0,0.0,0.0,0.0,0.0
p35051,hydro,0.0,0.0,0.0,0.0,0.0
p35051,nuclear,0.0,0.0,0.0,0.0,0.0
p35051,pumped-hydro,0.0,0.0,0.0,0.0,0.0
p35051,pv,600.0,600.0,600.0,600.0,600.0
p35051,wind-ofs,0.0,0.0,0.0,0.0,0.0
p35051,wind-ons,0.0,0.0,0.0,0.0,0.0
p35057,battery,125.0,125.0,125.0,125.0,125.0
p35057,biomass,0.0,0.0,0.0,0.0,0.0
p35057,coal,0.0,0.0,0.0,0.0,0.0
p35057,gas,0.0,0.0,0.0,0.0,0.0
p35057,geothermal,0.0,0.0,0.0,0.0,0.0
p35057,h2,0.0,0.0,0.0,0.0,0.0
p35057,hydro,0.0,0.0,0.0,0.0,0.0
p35057,nuclear,0.0,0.0,0.0,0.0,0.0
p35057,pumped-hydro,0.0,0.0,0.0,0.0,0.0
p35057,pv,49.9,49.9,49.9,49.9,49.9
p35057,wind-ofs,0.0,0.0,0.0,0.0,0.0
p35057,wind-ons,804.0,804.0,804.0,804.0,804.0
p35061,battery,699.5,699.5,699.5,699.5,699.5
p35061,biomass,0.0,0.0,0.0,0.0,0.0
p35061,coal,0.0,0.0,0.0,0.0,0.0
p35061,gas,84.6,84.6,84.6,84.6,84.6
p35061,geothermal,0.0,0.0,0.0,0.0,0.0
p35061,h2,0.0,0.0,0.0,0.0,0.0
p35061,hydro,0.0,0.0,0.0,0.0,0.0
p35061,nuclear,0.0,0.0,0.0,0.0,0.0
p35061,pumped-hydro,0.0,0.0,0.0,0.0,0.0
p35061,pv,350.0,350.0,350.0,350.0,350.0
p35061,wind-ofs,0.0,0.0,0.0,0.0,0.0
p35061,wind-ons,0.0,0.0,0.0,0.0,0.0
p36001,battery,3010.0,3010.0,3010.0,3010.0,3010.0
p36001,biomass,0.0,0.0,0.0,0.0,0.0
p36001,coal,0.0,0.0,0.0,0.0,0.0
p36001,gas,875.0,875.0,875.0,875.0,875.0
p36001,geothermal,0.0,0.0,0.0,0.0,0.0
p36001,h2,0.0,0.0,0.0,0.0,0.0
p36001,hydro,0.0,0.0,0.0,0.0,0.0
p36001,nuclear,0.0,0.0,0.0,0.0,0.0
p36001,pumped-hydro,0.0,0.0,0.0,0.0,0.0
p36001,pv,40.0,40.0,40.0,40.0,40.0
p36001,wind-ofs,0.0,0.0,0.0,0.0,0.0
p36001,wind-ons,0.0,0.0,0.0,0.0,0.0
p36003,battery,200.0,200.0,200.0,200.0,200.0
p36003,biomass,0.0,0.0,0.0,0.0,0.0
p36003,coal,0.0,0.0,0.0,0.0,0.0
p36003,gas,0.0,0.0,0.0,0.0,0.0
p36003,geothermal,0.0,0.0,0.0,0.0,0.0
p36003,h2,0.0,0.0,0.0,0.0,0.0
p36003,hydro,0.0,0.0,0.0,0.0,0.0
p36003,nuclear,0.0,0.0,0.0,0.0,0.0
p36003,pumped-hydro,0.0,0.0,0.0,0.0,0.0
p36003,pv,265.5,265.5,265.5,265.5,265.5
p36003,wind-ofs,0.0,0.0,0.0,0.0,0.0
p36003,wind-ons,0.0,0.0,0.0,0.0,0.0
p36005,battery,760.0,760.0,760.0,760.0,760.0
p36005,biomass,0.0,0.0,0.0,0.0,0.0
p36005,coal,0.0,0.0,0.0,0.0,0.0
p36005,gas,0.0,0.0,0.0,0.0,0.0
p36005,geothermal,0.0,0.0,0.0,0.0,0.0
p36005,h2,0.0,0.0,0.0,0.0,0.0
p36005,hydro,0.0,0.0,0.0,0.0,0.0
p36005,nuclear,0.0,0.0,0.0,0.0,0.0
p36005,pumped-hydro,0.0,0.0,0.0,0.0,0.0
p36005,pv,0.0,0.0,0.0,0.0,0.0
p36005,wind-ofs,0.0,0.0,0.0,0.0,0.0
p36005,wind-ons,0.0,0.0,0.0,0.0,0.0
p36007,battery,1377.0,1377.0,1377.0,1377.0,1377.0
p36007,biomass,0.0,0.0,0.0,0.0,0.0
p36007,coal,0.0,0.0,0.0,0.0,0.0
p36007,gas,0.0,0.0,0.0,0.0,0.0
p36007,geothermal,0.0,0.0,0.0,0.0,0.0
p36007,h2,0.0,0.0,0.0,0.0,0.0
p36007,hydro,0.0,0.0,0.0,0.0,0.0
p36007,nuclear,0.0,0.0,0.0,0.0,0.0
p36007,pumped-hydro,0.0,0.0,0.0,0.0,0.0
p36007,pv,60.0,60.0,60.0,60.0,60.0
p36007,wind-ofs,0.0,0.0,0.0,0.0,0.0
p36007,wind-ons,0.0,0.0,0.0,0.0,0.0
p36009,battery,0.0,0.0,0.0,0.0,0.0
p36009,biomass,0.0,0.0,0.0,0.0,0.0
p36009,coal,0.0,0.0,0.0,0.0,0.0
p36009,gas,0.0,0.0,0.0,0.0,0.0
p36009,geothermal,0.0,0.0,0.0,0.0,0.0
p36009,h2,0.0,0.0,0.0,0.0,0.0
p36009,hydro,0.0,0.0,0.0,0.0,0.0
p36009,nuclear,0.0,0.0,0.0,0.0,0.0
p36009,pumped-hydro,0.0,0.0,0.0,0.0,0.0
p36009,pv,0.0,0.0,0.0,0.0,0.0
p36009,wind-ofs,0.0,0.0,0.0,0.0,0.0
p36009,wind-ons,434.1,434.1,434.1,434.1,434.1
p36011,battery,0.0,0.0,0.0,0.0,0.0
p36011,biomass,0.0,0.0,0.0,0.0,0.0
p36011,coal,0.0,0.0,0.0,0.0,0.0
p36011,gas,0.0,0.0,0.0,0.0,0.0
p36011,geothermal,0.0,0.0,0.0,0.0,0.0
p36011,h2,0.0,0.0,0.0,0.0,0.0
p36011,hydro,0.0,0.0,0.0,0.0,0.0
p36011,nuclear,0.0,0.0,0.0,0.0,0.0
p36011,pumped-hydro,0.0,0.0,0.0,0.0,0.0
p36011,pv,438.0,438.0,438.0,438.0,438.0
p36011,wind-ofs,0.0,0.0,0.0,0.0,0.0
p36011,wind-ons,97.0,97.0,97.0,97.0,97.0
p36013,battery,2050.0,2050.0,2050.0,2050.0,2050.0
p36013,biomass,0.0,0.0,0.0,0.0,0.0
p36013,coal,0.0,0.0,0.0,0.0,0.0
p36013,gas,0.0,0.0,0.0,0.0,0.0
p36013,geothermal,0.0,0.0,0.0,0.0,0.0
p36013,h2,0.0,0.0,0.0,0.0,0.0
p36013,hydro,0.0,0.0,0.0,0.0,0.0
p36013,nuclear,0.0,0.0,0.0,0.0,0.0
p36013,pumped-hydro,0.0,0.0,0.0,0.0,0.0
p36013,pv,750.0,750.0,750.0,750.0,750.0
p36013,wind-ofs,0.0,0.0,0.0,0.0,0.0
p36013,wind-ons,150.9,150.9,150.9,150.9,150.9
p36015,battery,100.0,100.0,100.0,100.0,100.0
p36015,biomass,0.0,0.0,0.0,0.0,0.0
p36015,coal,0.0,0.0,0.0,0.0,0.0
p36015,gas,0.0,0.0,0.0,0.0,0.0
p36015,geothermal,0.0,0.0,0.0,0.0,0.0
p36015,h2,0.0,0.0,0.0,0.0,0.0
p36015,hydro,0.0,0.0,0.0,0.0,0.0
p36015,nuclear,0.0,0.0,0.0,0.0,0.0
p36015,pumped-hydro,0.0,0.0,0.0,0.0,0.0
p36015,pv,42.0,42.0,42.0,42.0,42.0
p36015,wind-ofs,0.0,0.0,0.0,0.0,0.0
p36015,wind-ons,0.0,0.0,0.0,0.0,0.0
p36017,battery,40.0,40.0,40.0,40.0,40.0
p36017,biomass,0.0,0.0,0.0,0.0,0.0
p36017,coal,0.0,0.0,0.0,0.0,0.0
p36017,gas,0.0,0.0,0.0,0.0,0.0
p36017,geothermal,0.0,0.0,0.0,0.0,0.0
p36017,h2,0.0,0.0,0.0,0.0,0.0
p36017,hydro,0.0,0.0,0.0,0.0,0.0
p36017,nuclear,0.0,0.0,0.0,0.0,0.0
p36017,pumped-hydro,0.0,0.0,0.0,0.0,0.0
p36017,pv,0.0,0.0,0.0,0.0,0.0
p36017,wind-ofs,0.0,0.0,0.0,0.0,0.0
p36017,wind-ons,100.8,100.8,100.8,100.8,100.8
p36019,battery,525.0,525.0,525.0,525.0,525.0
p36019,biomass,0.0,0.0,0.0,0.0,0.0
p36019,coal,0.0,0.0,0.0,0.0,0.0
p36019,gas,0.0,0.0,0.0,0.0,0.0
p36019,geothermal,0.0,0.0,0.0,0.0,0.0
p36019,h2,0.0,0.0,0.0,0.0,0.0
p36019,hydro,0.0,0.0,0.0,0.0,0.0
p36019,nuclear,0.0,0.0,0.0,0.0,0.0
p36019,pumped-hydro,0.0,0.0,0.0,0.0,0.0
p36019,pv,100.0,100.0,100.0,100.0,100.0
p36019,wind-ofs,0.0,0.0,0.0,0.0,0.0
p36019,wind-ons,449.0,449.0,449.0,449.0,449.0
p36021,battery,350.0,350.0,350.0,350.0,350.0
p36021,biomass,0.0,0.0,0.0,0.0,0.0
p36021,coal,0.0,0.0,0.0,0.0,0.0
p36021,gas,0.0,0.0,0.0,0.0,0.0
p36021,geothermal,0.0,0.0,0.0,0.0,0.0
p36021,h2,0.0,0.0,0.0,0.0,0.0
p36021,hydro,0.0,0.0,0.0,0.0,0.0
p36021,nuclear,0.0,0.0,0.0,0.0,0.0
p36021,pumped-hydro,0.0,0.0,0.0,0.0,0.0
p36021,pv,80.0,80.0,80.0,80.0,80.0
p36021,wind-ofs,0.0,0.0,0.0,0.0,0.0
p36021,wind-ons,0.0,0.0,0.0,0.0,0.0
p36023,battery,0.0,0.0,0.0,0.0,0.0
p36023,biomass,0.0,0.0,0.0,0.0,0.0
p36023,coal,0.0,0.0,0.0,0.0,0.0
p36023,gas,0.0,0.0,0.0,0.0,0.0
p36023,geothermal,0.0,0.0,0.0,0.0,0.0
p36023,h2,0.0,0.0,0.0,0.0,0.0
p36023,hydro,0.0,0.0,0.0,0.0,0.0
p36023,nuclear,0.0,0.0,0.0,0.0,0.0
p36023,pumped-hydro,0.0,0.0,0.0,0.0,0.0
p36023,pv,90.0,90.0,90.0,90.0,90.0
p36023,wind-ofs,0.0,0.0,0.0,0.0,0.0
p36023,wind-ons,0.0,0.0,0.0,0.0,0.0
p36025,battery,135.0,135.0,135.0,135.0,135.0
p36025,biomass,0.0,0.0,0.0,0.0,0.0
p36025,coal,0.0,0.0,0.0,0.0,0.0
p36025,gas,0.0,0.0,0.0,0.0,0.0
p36025,geothermal,0.0,0.0,0.0,0.0,0.0
p36025,h2,0.0,0.0,0.0,0.0,0.0
p36025,hydro,0.0,0.0,0.0,0.0,0.0
p36025,nuclear,0.0,0.0,0.0,0.0,0.0
p36025,pumped-hydro,0.0,0.0,0.0,0.0,0.0
p36025,pv,145.0,145.0,145.0,145.0,145.0
p36025,wind-ofs,0.0,0.0,0.0,0.0,0.0
p36025,wind-ons,100.0,100.0,100.0,100.0,100.0
p36027,battery,3004.0,3004.0,3004.0,3004.0,3004.0
p36027,biomass,0.0,0.0,0.0,0.0,0.0
p36027,coal,0.0,0.0,0.0,0.0,0.0
p36027,gas,0.0,0.0,0.0,0.0,0.0
p36027,geothermal,0.0,0.0,0.0,0.0,0.0
p36027,h2,0.0,0.0,0.0,0.0,0.0
p36027,hydro,0.0,0.0,0.0,0.0,0.0
p36027,nuclear,0.0,0.0,0.0,0.0,0.0
p36027,pumped-hydro,0.0,0.0,0.0,0.0,0.0
p36027,pv,0.0,0.0,0.0,0.0,0.0
p36027,wind-ofs,0.0,0.0,0.0,0.0,0.0
p36027,wind-ons,0.0,0.0,0.0,0.0,0.0
p36029,battery,817.5,817.5,817.5,817.5,817.5
p36029,biomass,0.0,0.0,0.0,0.0,0.0
p36029,coal,0.0,0.0,0.0,0.0,0.0
p36029,gas,0.0,0.0,0.0,0.0,0.0
p36029,geothermal,0.0,0.0,0.0,0.0,0.0
p36029,h2,0.0,0.0,0.0,0.0,0.0
p36029,hydro,0.0,0.0,0.0,0.0,0.0
p36029,nuclear,0.0,0.0,0.0,0.0,0.0
p36029,pumped-hydro,0.0,0.0,0.0,0.0,0.0
p36029,pv,0.0,0.0,0.0,0.0,0.0
p36029,wind-ofs,0.0,0.0,0.0,0.0,0.0
p36029,wind-ons,0.0,0.0,0.0,0.0,0.0
p36031,battery,50.0,50.0,50.0,50.0,50.0
p36031,biomass,0.0,0.0,0.0,0.0,0.0
p36031,coal,0.0,0.0,0.0,0.0,0.0
p36031,gas,0.0,0.0,0.0,0.0,0.0
p36031,geothermal,0.0,0.0,0.0,0.0,0.0
p36031,h2,0.0,0.0,0.0,0.0,0.0
p36031,hydro,0.0,0.0,0.0,0.0,0.0
p36031,nuclear,0.0,0.0,0.0,0.0,0.0
p36031,pumped-hydro,0.0,0.0,0.0,0.0,0.0
p36031,pv,40.0,40.0,40.0,40.0,40.0
p36031,wind-ofs,0.0,0.0,0.0,0.0,0.0
p36031,wind-ons,0.0,0.0,0.0,0.0,0.0
p36033,battery,300.0,300.0,300.0,300.0,300.0
p36033,biomass,0.0,0.0,0.0,0.0,0.0
p36033,coal,0.0,0.0,0.0,0.0,0.0
p36033,gas,0.0,0.0,0.0,0.0,0.0
p36033,geothermal,0.0,0.0,0.0,0.0,0.0
p36033,h2,0.0,0.0,0.0,0.0,0.0
p36033,hydro,0.0,0.0,0.0,0.0,0.0
p36033,nuclear,0.0,0.0,0.0,0.0,0.0
p36033,pumped-hydro,0.0,0.0,0.0,0.0,0.0
p36033,pv,750.0,750.0,750.0,750.0,750.0
p36033,wind-ofs,0.0,0.0,0.0,0.0,0.0
p36033,wind-ons,760.0,760.0,760.0,760.0,760.0
p36035,battery,100.0,100.0,100.0,100.0,100.0
p36035,biomass,0.0,0.0,0.0,0.0,0.0
p36035,coal,0.0,0.0,0.0,0.0,0.0
p36035,gas,0.0,0.0,0.0,0.0,0.0
p36035,geothermal,0.0,0.0,0.0,0.0,0.0
p36035,h2,0.0,0.0,0.0,0.0,0.0
p36035,hydro,0.0,0.0,0.0,0.0,0.0
p36035,nuclear,0.0,0.0,0.0,0.0,0.0
p36035,pumped-hydro,0.0,0.0,0.0,0.0,0.0
p36035,pv,100.0,100.0,100.0,100.0,100.0
p36035,wind-ofs,0.0,0.0,0.0,0.0,0.0
p36035,wind-ons,0.0,0.0,0.0,0.0,0.0
p36037,battery,300.0,300.0,300.0,300.0,300.0
p36037,biomass,0.0,0.0,0.0,0.0,0.0
p36037,coal,0.0,0.0,0.0,0.0,0.0
p36037,gas,0.0,0.0,0.0,0.0,0.0
p36037,geothermal,0.0,0.0,0.0,0.0,0.0
p36037,h2,0.0,0.0,0.0,0.0,0.0
p36037,hydro,0.0,0.0,0.0,0.0,0.0
p36037,nuclear,0.0,0.0,0.0,0.0,0.0
p36037,pumped-hydro,0.0,0.0,0.0,0.0,0.0
p36037,pv,1182.8,1182.8,1182.8,1182.8,1182.8
p36037,wind-ofs,0.0,0.0,0.0,0.0,0.0
p36037,wind-ons,200.1,200.1,200.1,200.1,200.1
p36039,battery,400.0,400.0,400.0,400.0,400.0
p36039,biomass,0.0,0.0,0.0,0.0,0.0
p36039,coal,0.0,0.0,0.0,0.0,0.0
p36039,gas,0.0,0.0,0.0,0.0,0.0
p36039,geothermal,0.0,0.0,0.0,0.0,0.0
p36039,h2,0.0,0.0,0.0,0.0,0.0
p36039,hydro,0.0,0.0,0.0,0.0,0.0
p36039,nuclear,0.0,0.0,0.0,0.0,0.0
p36039,pumped-hydro,0.0,0.0,0.0,0.0,0.0
p36039,pv,130.0,130.0,130.0,130.0,130.0
p36039,wind-ofs,0.0,0.0,0.0,0.0,0.0
p36039,wind-ons,0.0,0.0,0.0,0.0,0.0
p36043,battery,0.0,0.0,0.0,0.0,0.0
p36043,biomass,0.0,0.0,0.0,0.0,0.0
p36043,coal,0.0,0.0,0.0,0.0,0.0
p36043,gas,0.0,0.0,0.0,0.0,0.0
p36043,geothermal,0.0,0.0,0.0,0.0,0.0
p36043,h2,0.0,0.0,0.0,0.0,0.0
p36043,hydro,0.0,0.0,0.0,0.0,0.0
p36043,nuclear,0.0,0.0,0.0,0.0,0.0
p36043,pumped-hydro,0.0,0.0,0.0,0.0,0.0
p36043,pv,528.0,528.0,528.0,528.0,528.0
p36043,wind-ofs,0.0,0.0,0.0,0.0,0.0
p36043,wind-ons,0.0,0.0,0.0,0.0,0.0
p36045,battery,220.0,220.0,220.0,220.0,220.0
p36045,biomass,0.0,0.0,0.0,0.0,0.0
p36045,coal,0.0,0.0,0.0,0.0,0.0
p36045,gas,0.0,0.0,0.0,0.0,0.0
p36045,geothermal,0.0,0.0,0.0,0.0,0.0
p36045,h2,0.0,0.0,0.0,0.0,0.0
p36045,hydro,0.0,0.0,0.0,0.0,0.0
p36045,nuclear,0.0,0.0,0.0,0.0,0.0
p36045,pumped-hydro,0.0,0.0,0.0,0.0,0.0
p36045,pv,1019.0,1019.0,1019.0,1019.0,1019.0
p36045,wind-ofs,0.0,0.0,0.0,0.0,0.0
p36045,wind-ons,0.0,0.0,0.0,0.0,0.0
p36047,battery,1026.9,1026.9,1026.9,1026.9,1026.9
p36047,biomass,0.0,0.0,0.0,0.0,0.0
p36047,coal,0.0,0.0,0.0,0.0,0.0
p36047,gas,0.0,0.0,0.0,0.0,0.0
p36047,geothermal,0.0,0.0,0.0,0.0,0.0
p36047,h2,0.0,0.0,0.0,0.0,0.0
p36047,hydro,0.0,0.0,0.0,0.0,0.0
p36047,nuclear,0.0,0.0,0.0,0.0,0.0
p36047,pumped-hydro,0.0,0.0,0.0,0.0,0.0
p36047,pv,0.0,0.0,0.0,0.0,0.0
p36047,wind-ofs,6236.0,6236.0,6236.0,6236.0,6236.0
p36047,wind-ons,0.0,0.0,0.0,0.0,0.0
p36049,battery,1329.0,1329.0,1329.0,1329.0,1329.0
p36049,biomass,0.0,0.0,0.0,0.0,0.0
p36049,coal,0.0,0.0,0.0,0.0,0.0
p36049,gas,0.0,0.0,0.0,0.0,0.0
p36049,geothermal,0.0,0.0,0.0,0.0,0.0
p36049,h2,0.0,0.0,0.0,0.0,0.0
p36049,hydro,0.0,0.0,0.0,0.0,0.0
p36049,nuclear,0.0,0.0,0.0,0.0,0.0
p36049,pumped-hydro,0.0,0.0,0.0,0.0,0.0
p36049,pv,200.0,200.0,200.0,200.0,200.0
p36049,wind-ofs,0.0,0.0,0.0,0.0,0.0
p36049,wind-ons,200.0,200.0,200.0,200.0,200.0
p36051,battery,0.0,0.0,0.0,0.0,0.0
p36051,biomass,0.0,0.0,0.0,0.0,0.0
p36051,coal,0.0,0.0,0.0,0.0,0.0
p36051,gas,0.0,0.0,0.0,0.0,0.0
p36051,geothermal,0.0,0.0,0.0,0.0,0.0
p36051,h2,0.0,0.0,0.0,0.0,0.0
p36051,hydro,0.0,0.0,0.0,0.0,0.0
p36051,nuclear,0.0,0.0,0.0,0.0,0.0
p36051,pumped-hydro,0.0,0.0,0.0,0.0,0.0
p36051,pv,355.0,355.0,355.0,355.0,355.0
p36051,wind-ofs,0.0,0.0,0.0,0.0,0.0
p36051,wind-ons,0.0,0.0,0.0,0.0,0.0
p36053,battery,0.0,0.0,0.0,0.0,0.0
p36053,biomass,0.0,0.0,0.0,0.0,0.0
p36053,coal,0.0,0.0,0.0,0.0,0.0
p36053,gas,0.0,0.0,0.0,0.0,0.0
p36053,geothermal,0.0,0.0,0.0,0.0,0.0
p36053,h2,0.0,0.0,0.0,0.0,0.0
p36053,hydro,0.0,0.0,0.0,0.0,0.0
p36053,nuclear,0.0,0.0,0.0,0.0,0.0
p36053,pumped-hydro,0.0,0.0,0.0,0.0,0.0
p36053,pv,419.5,419.5,419.5,419.5,419.5
p36053,wind-ofs,0.0,0.0,0.0,0.0,0.0
p36053,wind-ons,181.6,181.6,181.6,181.6,181.6
p36055,battery,200.0,200.0,200.0,200.0,200.0
p36055,biomass,0.0,0.0,0.0,0.0,0.0
p36055,coal,0.0,0.0,0.0,0.0,0.0
p36055,gas,0.0,0.0,0.0,0.0,0.0
p36055,geothermal,0.0,0.0,0.0,0.0,0.0
p36055,h2,0.0,0.0,0.0,0.0,0.0
p36055,hydro,0.0,0.0,0.0,0.0,0.0
p36055,nuclear,0.0,0.0,0.0,0.0,0.0
p36055,pumped-hydro,0.0,0.0,0.0,0.0,0.0
p36055,pv,150.0,150.0,150.0,150.0,150.0
p36055,wind-ofs,0.0,0.0,0.0,0.0,0.0
p36055,wind-ons,0.0,0.0,0.0,0.0,0.0
p36057,battery,329.9,329.9,329.9,329.9,329.9
p36057,biomass,0.0,0.0,0.0,0.0,0.0
p36057,coal,0.0,0.0,0.0,0.0,0.0
p36057,gas,0.0,0.0,0.0,0.0,0.0
p36057,geothermal,0.0,0.0,0.0,0.0,0.0
p36057,h2,0.0,0.0,0.0,0.0,0.0
p36057,hydro,0.0,0.0,0.0,0.0,0.0
p36057,nuclear,0.0,0.0,0.0,0.0,0.0
p36057,pumped-hydro,0.0,0.0,0.0,0.0,0.0
p36057,pv,1475.5,1475.5,1475.5,1475.5,1475.5
p36057,wind-ofs,0.0,0.0,0.0,0.0,0.0
p36057,wind-ons,0.0,0.0,0.0,0.0,0.0
p36059,battery,534.0,534.0,534.0,534.0,534.0
p36059,biomass,0.0,0.0,0.0,0.0,0.0
p36059,coal,0.0,0.0,0.0,0.0,0.0
p36059,gas,0.0,0.0,0.0,0.0,0.0
p36059,geothermal,0.0,0.0,0.0,0.0,0.0
p36059,h2,0.0,0.0,0.0,0.0,0.0
p36059,hydro,0.0,0.0,0.0,0.0,0.0
p36059,nuclear,0.0,0.0,0.0,0.0,0.0
p36059,pumped-hydro,0.0,0.0,0.0,0.0,0.0
p36059,pv,0.0,0.0,0.0,0.0,0.0
p36059,wind-ofs,5047.0,5047.0,5047.0,5047.0,5047.0
p36059,wind-ons,0.0,0.0,0.0,0.0,0.0
p36063,battery,870.5,870.5,870.5,870.5,870.5
p36063,biomass,0.0,0.0,0.0,0.0,0.0
p36063,coal,0.0,0.0,0.0,0.0,0.0
p36063,gas,0.0,0.0,0.0,0.0,0.0
p36063,geothermal,0.0,0.0,0.0,0.0,0.0
p36063,h2,0.0,0.0,0.0,0.0,0.0
p36063,hydro,0.0,0.0,0.0,0.0,0.0
p36063,nuclear,0.0,0.0,0.0,0.0,0.0
p36063,pumped-hydro,0.0,0.0,0.0,0.0,0.0
p36063,pv,225.0,225.0,225.0,225.0,225.0
p36063,wind-ofs,0.0,0.0,0.0,0.0,0.0
p36063,wind-ons,0.0,0.0,0.0,0.0,0.0
p36065,battery,195.0,195.0,195.0,195.0,195.0
p36065,biomass,0.0,0.0,0.0,0.0,0.0
p36065,coal,0.0,0.0,0.0,0.0,0.0
p36065,gas,0.0,0.0,0.0,0.0,0.0
p36065,geothermal,0.0,0.0,0.0,0.0,0.0
p36065,h2,0.0,0.0,0.0,0.0,0.0
p36065,hydro,0.0,0.0,0.0,0.0,0.0
p36065,nuclear,0.0,0.0,0.0,0.0,0.0
p36065,pumped-hydro,0.0,0.0,0.0,0.0,0.0
p36065,pv,953.4,953.4,953.4,953.4,953.4
p36065,wind-ofs,0.0,0.0,0.0,0.0,0.0
p36065,wind-ons,350.0,350.0,350.0,350.0,350.0
p36067,battery,674.0,674.0,674.0,674.0,674.0
p36067,biomass,0.0,0.0,0.0,0.0,0.0
p36067,coal,0.0,0.0,0.0,0.0,0.0
p36067,gas,0.0,0.0,0.0,0.0,0.0
p36067,geothermal,0.0,0.0,0.0,0.0,0.0
p36067,h2,0.0,0.0,0.0,0.0,0.0
p36067,hydro,0.0,0.0,0.0,0.0,0.0
p36067,nuclear,0.0,0.0,0.0,0.0,0.0
p36067,pumped-hydro,0.0,0.0,0.0,0.0,0.0
p36067,pv,99.98,99.98,99.98,99.98,99.98
p36067,wind-ofs,0.0,0.0,0.0,0.0,0.0
p36067,wind-ons,162.0,162.0,162.0,162.0,162.0
p36069,battery,0.0,0.0,0.0,0.0,0.0
p36069,biomass,0.0,0.0,0.0,0.0,0.0
p36069,coal,0.0,0.0,0.0,0.0,0.0
p36069,gas,0.0,0.0,0.0,0.0,0.0
p36069,geothermal,0.0,0.0,0.0,0.0,0.0
p36069,h2,0.0,0.0,0.0,0.0,0.0
p36069,hydro,0.0,0.0,0.0,0.0,0.0
p36069,nuclear,0.0,0.0,0.0,0.0,0.0
p36069,pumped-hydro,0.0,0.0,0.0,0.0,0.0
p36069,pv,20.0,20.0,20.0,20.0,20.0
p36069,wind-ofs,0.0,0.0,0.0,0.0,0.0
p36069,wind-ons,0.0,0.0,0.0,0.0,0.0
p36071,battery,2267.0,2267.0,2267.0,2267.0,2267.0
p36071,biomass,0.0,0.0,0.0,0.0,0.0
p36071,coal,0.0,0.0,0.0,0.0,0.0
p36071,gas,0.0,0.0,0.0,0.0,0.0
p36071,geothermal,0.0,0.0,0.0,0.0,0.0
p36071,h2,0.0,0.0,0.0,0.0,0.0
p36071,hydro,0.0,0.0,0.0,0.0,0.0
p36071,nuclear,0.0,0.0,0.0,0.0,0.0
p36071,pumped-hydro,0.0,0.0,0.0,0.0,0.0
p36071,pv,20.0,20.0,20.0,20.0,20.0
p36071,wind-ofs,0.0,0.0,0.0,0.0,0.0
p36071,wind-ons,0.0,0.0,0.0,0.0,0.0
p36073,battery,0.0,0.0,0.0,0.0,0.0
p36073,biomass,0.0,0.0,0.0,0.0,0.0
p36073,coal,0.0,0.0,0.0,0.0,0.0
p36073,gas,0.0,0.0,0.0,0.0,0.0
p36073,geothermal,0.0,0.0,0.0,0.0,0.0
p36073,h2,0.0,0.0,0.0,0.0,0.0
p36073,hydro,0.0,0.0,0.0,0.0,0.0
p36073,nuclear,0.0,0.0,0.0,0.0,0.0
p36073,pumped-hydro,0.0,0.0,0.0,0.0,0.0
p36073,pv,300.0,300.0,300.0,300.0,300.0
p36073,wind-ofs,0.0,0.0,0.0,0.0,0.0
p36073,wind-ons,0.0,0.0,0.0,0.0,0.0
p36075,battery,492.0,492.0,492.0,492.0,492.0
p36075,biomass,0.0,0.0,0.0,0.0,0.0
p36075,coal,0.0,0.0,0.0,0.0,0.0
p36075,gas,0.0,0.0,0.0,0.0,0.0
p36075,geothermal,0.0,0.0,0.0,0.0,0.0
p36075,h2,0.0,0.0,0.0,0.0,0.0
p36075,hydro,0.0,0.0,0.0,0.0,0.0
p36075,nuclear,0.0,0.0,0.0,0.0,0.0
p36075,pumped-hydro,0.0,0.0,0.0,0.0,0.0
p36075,pv,124.80000000000001,124.80000000000001,124.80000000000001,124.80000000000001,124.80000000000001
p36075,wind-ofs,0.0,0.0,0.0,0.0,0.0
p36075,wind-ons,0.0,0.0,0.0,0.0,0.0
p36077,battery,0.0,0.0,0.0,0.0,0.0
p36077,biomass,0.0,0.0,0.0,0.0,0.0
p36077,coal,0.0,0.0,0.0,0.0,0.0
p36077,gas,0.0,0.0,0.0,0.0,0.0
p36077,geothermal,0.0,0.0,0.0,0.0,0.0
p36077,h2,0.0,0.0,0.0,0.0,0.0
p36077,hydro,0.0,0.0,0.0,0.0,0.0
p36077,nuclear,0.0,0.0,0.0,0.0,0.0
p36077,pumped-hydro,0.0,0.0,0.0,0.0,0.0
p36077,pv,350.0,350.0,350.0,350.0,350.0
p36077,wind-ofs,0.0,0.0,0.0,0.0,0.0
p36077,wind-ons,0.0,0.0,0.0,0.0,0.0
p36081,battery,674.2,674.2,674.2,674.2,674.2
p36081,biomass,0.0,0.0,0.0,0.0,0.0
p36081,coal,0.0,0.0,0.0,0.0,0.0
p36081,gas,0.0,0.0,0.0,0.0,0.0
p36081,geothermal,0.0,0.0,0.0,0.0,0.0
p36081,h2,0.0,0.0,0.0,0.0,0.0
p36081,hydro,0.0,0.0,0.0,0.0,0.0
p36081,nuclear,0.0,0.0,0.0,0.0,0.0
p36081,pumped-hydro,0.0,0.0,0.0,0.0,0.0
p36081,pv,0.0,0.0,0.0,0.0,0.0
p36081,wind-ofs,1300.0,1300.0,1300.0,1300.0,1300.0
p36081,wind-ons,0.0,0.0,0.0,0.0,0.0
p36083,battery,1099.0,1099.0,1099.0,1099.0,1099.0
p36083,biomass,0.0,0.0,0.0,0.0,0.0
p36083,coal,0.0,0.0,0.0,0.0,0.0
p36083,gas,0.0,0.0,0.0,0.0,0.0
p36083,geothermal,0.0,0.0,0.0,0.0,0.0
p36083,h2,0.0,0.0,0.0,0.0,0.0
p36083,hydro,0.0,0.0,0.0,0.0,0.0
p36083,nuclear,0.0,0.0,0.0,0.0,0.0
p36083,pumped-hydro,0.0,0.0,0.0,0.0,0.0
p36083,pv,96.6,96.6,96.6,96.6,96.6
p36083,wind-ofs,0.0,0.0,0.0,0.0,0.0
p36083,wind-ons,0.0,0.0,0.0,0.0,0.0
p36085,battery,544.0,544.0,544.0,544.0,544.0
p36085,biomass,0.0,0.0,0.0,0.0,0.0
p36085,coal,0.0,0.0,0.0,0.0,0.0
p36085,gas,369.9,369.9,369.9,369.9,369.9
p36085,geothermal,0.0,0.0,0.0,0.0,0.0
p36085,h2,0.0,0.0,0.0,0.0,0.0
p36085,hydro,0.0,0.0,0.0,0.0,0.0
p36085,nuclear,0.0,0.0,0.0,0.0,0.0
p36085,pumped-hydro,0.0,0.0,0.0,0.0,0.0
p36085,pv,0.0,0.0,0.0,0.0,0.0
p36085,wind-ofs,0.0,0.0,0.0,0.0,0.0
p36085,wind-ons,0.0,0.0,0.0,0.0,0.0
p36087,battery,500.0,500.0,500.0,500.0,500.0
p36087,biomass,0.0,0.0,0.0,0.0,0.0
p36087,coal,0.0,0.0,0.0,0.0,0.0
p36087,gas,0.0,0.0,0.0,0.0,0.0
p36087,geothermal,0.0,0.0,0.0,0.0,0.0
p36087,h2,0.0,0.0,0.0,0.0,0.0
p36087,hydro,0.0,0.0,0.0,0.0,0.0
p36087,nuclear,0.0,0.0,0.0,0.0,0.0
p36087,pumped-hydro,0.0,0.0,0.0,0.0,0.0
p36087,pv,0.0,0.0,0.0,0.0,0.0
p36087,wind-ofs,0.0,0.0,0.0,0.0,0.0
p36087,wind-ons,0.0,0.0,0.0,0.0,0.0
p36089,battery,259.8,259.8,259.8,259.8,259.8
p36089,biomass,0.0,0.0,0.0,0.0,0.0
p36089,coal,0.0,0.0,0.0,0.0,0.0
p36089,gas,0.0,0.0,0.0,0.0,0.0
p36089,geothermal,0.0,0.0,0.0,0.0,0.0
p36089,h2,0.0,0.0,0.0,0.0,0.0
p36089,hydro,0.0,0.0,0.0,0.0,0.0
p36089,nuclear,0.0,0.0,0.0,0.0,0.0
p36089,pumped-hydro,0.0,0.0,0.0,0.0,0.0
p36089,pv,950.6,950.6,950.6,950.6,950.6
p36089,wind-ofs,0.0,0.0,0.0,0.0,0.0
p36089,wind-ons,0.0,0.0,0.0,0.0,0.0
p36091,battery,130.0,130.0,130.0,130.0,130.0
p36091,biomass,0.0,0.0,0.0,0.0,0.0
p36091,coal,0.0,0.0,0.0,0.0,0.0
p36091,gas,0.0,0.0,0.0,0.0,0.0
p36091,geothermal,0.0,0.0,0.0,0.0,0.0
p36091,h2,0.0,0.0,0.0,0.0,0.0
p36091,hydro,0.0,0.0,0.0,0.0,0.0
p36091,nuclear,0.0,0.0,0.0,0.0,0.0
p36091,pumped-hydro,0.0,0.0,0.0,0.0,0.0
p36091,pv,0.0,0.0,0.0,0.0,0.0
p36091,wind-ofs,0.0,0.0,0.0,0.0,0.0
p36091,wind-ons,0.0,0.0,0.0,0.0,0.0
p36093,battery,200.0,200.0,200.0,200.0,200.0
p36093,biomass,0.0,0.0,0.0,0.0,0.0
p36093,coal,0.0,0.0,0.0,0.0,0.0
p36093,gas,0.0,0.0,0.0,0.0,0.0
p36093,geothermal,0.0,0.0,0.0,0.0,0.0
p36093,h2,0.0,0.0,0.0,0.0,0.0
p36093,hydro,0.0,0.0,0.0,0.0,0.0
p36093,nuclear,0.0,0.0,0.0,0.0,0.0
p36093,pumped-hydro,0.0,0.0,0.0,0.0,0.0
p36093,pv,35.0,35.0,35.0,35.0,35.0
p36093,wind-ofs,0.0,0.0,0.0,0.0,0.0
p36093,wind-ons,0.0,0.0,0.0,0.0,0.0
p36095,battery,200.0,200.0,200.0,200.0,200.0
p36095,biomass,0.0,0.0,0.0,0.0,0.0
p36095,coal,0.0,0.0,0.0,0.0,0.0
p36095,gas,0.0,0.0,0.0,0.0,0.0
p36095,geothermal,0.0,0.0,0.0,0.0,0.0
p36095,h2,0.0,0.0,0.0,0.0,0.0
p36095,hydro,0.0,0.0,0.0,0.0,0.0
p36095,nuclear,0.0,0.0,0.0,0.0,0.0
p36095,pumped-hydro,0.0,0.0,0.0,0.0,0.0
p36095,pv,20.0,20.0,20.0,20.0,20.0
p36095,wind-ofs,0.0,0.0,0.0,0.0,0.0
p36095,wind-ons,0.0,0.0,0.0,0.0,0.0
p36097,battery,0.0,0.0,0.0,0.0,0.0
p36097,biomass,0.0,0.0,0.0,0.0,0.0
p36097,coal,0.0,0.0,0.0,0.0,0.0
p36097,gas,0.0,0.0,0.0,0.0,0.0
p36097,geothermal,0.0,0.0,0.0,0.0,0.0
p36097,h2,0.0,0.0,0.0,0.0,0.0
p36097,hydro,0.0,0.0,0.0,0.0,0.0
p36097,nuclear,0.0,0.0,0.0,0.0,0.0
p36097,pumped-hydro,0.0,0.0,0.0,0.0,0.0
p36097,pv,75.0,75.0,75.0,75.0,75.0
p36097,wind-ofs,0.0,0.0,0.0,0.0,0.0
p36097,wind-ons,100.0,100.0,100.0,100.0,100.0
p36099,battery,120.0,120.0,120.0,120.0,120.0
p36099,biomass,0.0,0.0,0.0,0.0,0.0
p36099,coal,0.0,0.0,0.0,0.0,0.0
p36099,gas,0.0,0.0,0.0,0.0,0.0
p36099,geothermal,0.0,0.0,0.0,0.0,0.0
p36099,h2,0.0,0.0,0.0,0.0,0.0
p36099,hydro,0.0,0.0,0.0,0.0,0.0
p36099,nuclear,0.0,0.0,0.0,0.0,0.0
p36099,pumped-hydro,0.0,0.0,0.0,0.0,0.0
p36099,pv,734.8,734.8,734.8,734.8,734.8
p36099,wind-ofs,0.0,0.0,0.0,0.0,0.0
p36099,wind-ons,0.0,0.0,0.0,0.0,0.0
p36101,battery,568.9,568.9,568.9,568.9,568.9
p36101,biomass,0.0,0.0,0.0,0.0,0.0
p36101,coal,0.0,0.0,0.0,0.0,0.0
p36101,gas,0.0,0.0,0.0,0.0,0.0
p36101,geothermal,0.0,0.0,0.0,0.0,0.0
p36101,h2,0.0,0.0,0.0,0.0,0.0
p36101,hydro,0.0,0.0,0.0,0.0,0.0
p36101,nuclear,0.0,0.0,0.0,0.0,0.0
p36101,pumped-hydro,0.0,0.0,0.0,0.0,0.0
p36101,pv,654.94,654.94,654.94,654.94,654.94
p36101,wind-ofs,0.0,0.0,0.0,0.0,0.0
p36101,wind-ons,555.9,555.9,555.9,555.9,555.9
p36103,battery,3538.26,3538.26,3538.26,3538.26,3538.26
p36103,biomass,0.0,0.0,0.0,0.0,0.0
p36103,coal,0.0,0.0,0.0,0.0,0.0
p36103,gas,0.0,0.0,0.0,0.0,0.0
p36103,geothermal,0.0,0.0,0.0,0.0,0.0
p36103,h2,0.0,0.0,0.0,0.0,0.0
p36103,hydro,0.0,0.0,0.0,0.0,0.0
p36103,nuclear,0.0,0.0,0.0,0.0,0.0
p36103,pumped-hydro,0.0,0.0,0.0,0.0,0.0
p36103,pv,36.0,36.0,36.0,36.0,36.0
p36103,wind-ofs,4944.0,4944.0,4944.0,4944.0,4944.0
p36103,wind-ons,0.0,0.0,0.0,0.0,0.0
p36105,battery,300.0,300.0,300.0,300.0,300.0
p36105,biomass,0.0,0.0,0.0,0.0,0.0
p36105,coal,0.0,0.0,0.0,0.0,0.0
p36105,gas,0.0,0.0,0.0,0.0,0.0
p36105,geothermal,0.0,0.0,0.0,0.0,0.0
p36105,h2,0.0,0.0,0.0,0.0,0.0
p36105,hydro,0.0,0.0,0.0,0.0,0.0
p36105,nuclear,0.0,0.0,0.0,0.0,0.0
p36105,pumped-hydro,0.0,0.0,0.0,0.0,0.0
p36105,pv,400.0,400.0,400.0,400.0,400.0
p36105,wind-ofs,0.0,0.0,0.0,0.0,0.0
p36105,wind-ons,0.0,0.0,0.0,0.0,0.0
p36107,battery,200.0,200.0,200.0,200.0,200.0
p36107,biomass,0.0,0.0,0.0,0.0,0.0
p36107,coal,0.0,0.0,0.0,0.0,0.0
p36107,gas,0.0,0.0,0.0,0.0,0.0
p36107,geothermal,0.0,0.0,0.0,0.0,0.0
p36107,h2,0.0,0.0,0.0,0.0,0.0
p36107,hydro,0.0,0.0,0.0,0.0,0.0
p36107,nuclear,0.0,0.0,0.0,0.0,0.0
p36107,pumped-hydro,0.0,0.0,0.0,0.0,0.0
p36107,pv,70.0,70.0,70.0,70.0,70.0
p36107,wind-ofs,0.0,0.0,0.0,0.0,0.0
p36107,wind-ons,0.0,0.0,0.0,0.0,0.0
p36109,battery,414.9,414.9,414.9,414.9,414.9
p36109,biomass,0.0,0.0,0.0,0.0,0.0
p36109,coal,0.0,0.0,0.0,0.0,0.0
p36109,gas,0.0,0.0,0.0,0.0,0.0
p36109,geothermal,0.0,0.0,0.0,0.0,0.0
p36109,h2,0.0,0.0,0.0,0.0,0.0
p36109,hydro,0.0,0.0,0.0,0.0,0.0
p36109,nuclear,0.0,0.0,0.0,0.0,0.0
p36109,pumped-hydro,0.0,0.0,0.0,0.0,0.0
p36109,pv,370.0,370.0,370.0,370.0,370.0
p36109,wind-ofs,0.0,0.0,0.0,0.0,0.0
p36109,wind-ons,0.0,0.0,0.0,0.0,0.0
p36111,battery,1193.0,1193.0,1193.0,1193.0,1193.0
p36111,biomass,0.0,0.0,0.0,0.0,0.0
p36111,coal,0.0,0.0,0.0,0.0,0.0
p36111,gas,0.0,0.0,0.0,0.0,0.0
p36111,geothermal,0.0,0.0,0.0,0.0,0.0
p36111,h2,0.0,0.0,0.0,0.0,0.0
p36111,hydro,0.0,0.0,0.0,0.0,0.0
p36111,nuclear,0.0,0.0,0.0,0.0,0.0
p36111,pumped-hydro,0.0,0.0,0.0,0.0,0.0
p36111,pv,89.2,89.2,89.2,89.2,89.2
p36111,wind-ofs,0.0,0.0,0.0,0.0,0.0
p36111,wind-ons,0.0,0.0,0.0,0.0,0.0
p36115,battery,79.9,79.9,79.9,79.9,79.9
p36115,biomass,0.0,0.0,0.0,0.0,0.0
p36115,coal,0.0,0.0,0.0,0.0,0.0
p36115,gas,0.0,0.0,0.0,0.0,0.0
p36115,geothermal,0.0,0.0,0.0,0.0,0.0
p36115,h2,0.0,0.0,0.0,0.0,0.0
p36115,hydro,0.0,0.0,0.0,0.0,0.0
p36115,nuclear,0.0,0.0,0.0,0.0,0.0
p36115,pumped-hydro,0.0,0.0,0.0,0.0,0.0
p36115,pv,280.0,280.0,280.0,280.0,280.0
p36115,wind-ofs,0.0,0.0,0.0,0.0,0.0
p36115,wind-ons,0.0,0.0,0.0,0.0,0.0
p36117,battery,50.0,50.0,50.0,50.0,50.0
p36117,biomass,0.0,0.0,0.0,0.0,0.0
p36117,coal,0.0,0.0,0.0,0.0,0.0
p36117,gas,0.0,0.0,0.0,0.0,0.0
p36117,geothermal,0.0,0.0,0.0,0.0,0.0
p36117,h2,0.0,0.0,0.0,0.0,0.0
p36117,hydro,0.0,0.0,0.0,0.0,0.0
p36117,nuclear,0.0,0.0,0.0,0.0,0.0
p36117,pumped-hydro,0.0,0.0,0.0,0.0,0.0
p36117,pv,200.0,200.0,200.0,200.0,200.0
p36117,wind-ofs,0.0,0.0,0.0,0.0,0.0
p36117,wind-ons,0.0,0.0,0.0,0.0,0.0
p36119,battery,403.5,403.5,403.5,403.5,403.5
p36119,biomass,0.0,0.0,0.0,0.0,0.0
p36119,coal,0.0,0.0,0.0,0.0,0.0
p36119,gas,0.0,0.0,0.0,0.0,0.0
p36119,geothermal,0.0,0.0,0.0,0.0,0.0
p36119,h2,0.0,0.0,0.0,0.0,0.0
p36119,hydro,0.0,0.0,0.0,0.0,0.0
p36119,nuclear,0.0,0.0,0.0,0.0,0.0
p36119,pumped-hydro,0.0,0.0,0.0,0.0,0.0
p36119,pv,0.0,0.0,0.0,0.0,0.0
p36119,wind-ofs,0.0,0.0,0.0,0.0,0.0
p36119,wind-ons,0.0,0.0,0.0,0.0,0.0
p36121,battery,400.0,400.0,400.0,400.0,400.0
p36121,biomass,0.0,0.0,0.0,0.0,0.0
p36121,coal,0.0,0.0,0.0,0.0,0.0
p36121,gas,0.0,0.0,0.0,0.0,0.0
p36121,geothermal,0.0,0.0,0.0,0.0,0.0
p36121,h2,0.0,0.0,0.0,0.0,0.0
p36121,hydro,0.0,0.0,0.0,0.0,0.0
p36121,nuclear,0.0,0.0,0.0,0.0,0.0
p36121,pumped-hydro,0.0,0.0,0.0,0.0,0.0
p36121,pv,140.0,140.0,140.0,140.0,140.0
p36121,wind-ofs,0.0,0.0,0.0,0.0,0.0
p36121,wind-ons,150.0,150.0,150.0,150.0,150.0
p37001,battery,0.0,0.0,0.0,0.0,0.0
p37001,biomass,0.0,0.0,0.0,0.0,0.0
p37001,coal,0.0,0.0,0.0,0.0,0.0
p37001,gas,0.0,0.0,0.0,0.0,0.0
p37001,geothermal,0.0,0.0,0.0,0.0,0.0
p37001,h2,0.0,0.0,0.0,0.0,0.0
p37001,hydro,0.0,0.0,0.0,0.0,0.0
p37001,nuclear,0.0,0.0,0.0,0.0,0.0
p37001,pumped-hydro,0.0,0.0,0.0,0.0,0.0
p37001,pv,230.0,230.0,230.0,230.0,230.0
p37001,wind-ofs,0.0,0.0,0.0,0.0,0.0
p37001,wind-ons,0.0,0.0,0.0,0.0,0.0
p37013,battery,0.0,0.0,0.0,0.0,0.0
p37013,biomass,0.0,0.0,0.0,0.0,0.0
p37013,coal,0.0,0.0,0.0,0.0,0.0
p37013,gas,0.0,0.0,0.0,0.0,0.0
p37013,geothermal,0.0,0.0,0.0,0.0,0.0
p37013,h2,0.0,0.0,0.0,0.0,0.0
p37013,hydro,0.0,0.0,0.0,0.0,0.0
p37013,nuclear,0.0,0.0,0.0,0.0,0.0
p37013,pumped-hydro,0.0,0.0,0.0,0.0,0.0
p37013,pv,32.6,32.6,32.6,32.6,32.6
p37013,wind-ofs,0.0,0.0,0.0,0.0,0.0
p37013,wind-ons,0.0,0.0,0.0,0.0,0.0
p37015,battery,0.0,0.0,0.0,0.0,0.0
p37015,biomass,0.0,0.0,0.0,0.0,0.0
p37015,coal,0.0,0.0,0.0,0.0,0.0
p37015,gas,0.0,0.0,0.0,0.0,0.0
p37015,geothermal,0.0,0.0,0.0,0.0,0.0
p37015,h2,0.0,0.0,0.0,0.0,0.0
p37015,hydro,0.0,0.0,0.0,0.0,0.0
p37015,nuclear,0.0,0.0,0.0,0.0,0.0
p37015,pumped-hydro,0.0,0.0,0.0,0.0,0.0
p37015,pv,190.0,190.0,190.0,190.0,190.0
p37015,wind-ofs,0.0,0.0,0.0,0.0,0.0
p37015,wind-ons,0.0,0.0,0.0,0.0,0.0
p37017,battery,0.0,0.0,0.0,0.0,0.0
p37017,biomass,0.0,0.0,0.0,0.0,0.0
p37017,coal,0.0,0.0,0.0,0.0,0.0
p37017,gas,0.0,0.0,0.0,0.0,0.0
p37017,geothermal,0.0,0.0,0.0,0.0,0.0
p37017,h2,0.0,0.0,0.0,0.0,0.0
p37017,hydro,0.0,0.0,0.0,0.0,0.0
p37017,nuclear,0.0,0.0,0.0,0.0,0.0
p37017,pumped-hydro,0.0,0.0,0.0,0.0,0.0
p37017,pv,160.0,160.0,160.0,160.0,160.0
p37017,wind-ofs,0.0,0.0,0.0,0.0,0.0
p37017,wind-ons,0.0,0.0,0.0,0.0,0.0
p37019,battery,0.0,0.0,0.0,0.0,0.0
p37019,biomass,0.0,0.0,0.0,0.0,0.0
p37019,coal,0.0,0.0,0.0,0.0,0.0
p37019,gas,0.0,0.0,0.0,0.0,0.0
p37019,geothermal,0.0,0.0,0.0,0.0,0.0
p37019,h2,0.0,0.0,0.0,0.0,0.0
p37019,hydro,0.0,0.0,0.0,0.0,0.0
p37019,nuclear,26.0,26.0,26.0,26.0,26.0
p37019,pumped-hydro,0.0,0.0,0.0,0.0,0.0
p37019,pv,0.0,0.0,0.0,0.0,0.0
p37019,wind-ofs,0.0,0.0,0.0,0.0,0.0
p37019,wind-ons,0.0,0.0,0.0,0.0,0.0
p37021,battery,47.75,47.75,47.75,47.75,47.75
p37021,biomass,0.0,0.0,0.0,0.0,0.0
p37021,coal,0.0,0.0,0.0,0.0,0.0
p37021,gas,49.8,49.8,49.8,49.8,49.8
p37021,geothermal,0.0,0.0,0.0,0.0,0.0
p37021,h2,0.0,0.0,0.0,0.0,0.0
p37021,hydro,0.0,0.0,0.0,0.0,0.0
p37021,nuclear,0.0,0.0,0.0,0.0,0.0
p37021,pumped-hydro,0.0,0.0,0.0,0.0,0.0
p37021,pv,19.0,19.0,19.0,19.0,19.0
p37021,wind-ofs,0.0,0.0,0.0,0.0,0.0
p37021,wind-ons,0.0,0.0,0.0,0.0,0.0
p37023,battery,2.667,2.667,2.667,2.667,2.667
p37023,biomass,0.0,0.0,0.0,0.0,0.0
p37023,coal,0.0,0.0,0.0,0.0,0.0
p37023,gas,0.0,0.0,0.0,0.0,0.0
p37023,geothermal,0.0,0.0,0.0,0.0,0.0
p37023,h2,0.0,0.0,0.0,0.0,0.0
p37023,hydro,0.0,0.0,0.0,0.0,0.0
p37023,nuclear,0.0,0.0,0.0,0.0,0.0
p37023,pumped-hydro,0.0,0.0,0.0,0.0,0.0
p37023,pv,0.0,0.0,0.0,0.0,0.0
p37023,wind-ofs,0.0,0.0,0.0,0.0,0.0
p37023,wind-ons,0.0,0.0,0.0,0.0,0.0
p37035,battery,0.0,0.0,0.0,0.0,0.0
p37035,biomass,0.0,0.0,0.0,0.0,0.0
p37035,coal,0.0,0.0,0.0,0.0,0.0
p37035,gas,136.0,136.0,136.0,136.0,136.0
p37035,geothermal,0.0,0.0,0.0,0.0,0.0
p37035,h2,0.0,0.0,0.0,0.0,0.0
p37035,hydro,0.0,0.0,0.0,0.0,0.0
p37035,nuclear,0.0,0.0,0.0,0.0,0.0
p37035,pumped-hydro,0.0,0.0,0.0,0.0,0.0
p37035,pv,0.0,0.0,0.0,0.0,0.0
p37035,wind-ofs,0.0,0.0,0.0,0.0,0.0
p37035,wind-ons,0.0,0.0,0.0,0.0,0.0
p37041,battery,0.0,0.0,0.0,0.0,0.0
p37041,biomass,0.0,0.0,0.0,0.0,0.0
p37041,coal,0.0,0.0,0.0,0.0,0.0
p37041,gas,0.0,0.0,0.0,0.0,0.0
p37041,geothermal,0.0,0.0,0.0,0.0,0.0
p37041,h2,0.0,0.0,0.0,0.0,0.0
p37041,hydro,0.0,0.0,0.0,0.0,0.0
p37041,nuclear,0.0,0.0,0.0,0.0,0.0
p37041,pumped-hydro,0.0,0.0,0.0,0.0,0.0
p37041,pv,0.0,0.0,0.0,0.0,0.0
p37041,wind-ofs,0.0,0.0,0.0,0.0,0.0
p37041,wind-ons,56.4,56.4,56.4,56.4,56.4
p37045,battery,0.0,0.0,0.0,0.0,0.0
p37045,biomass,0.0,0.0,0.0,0.0,0.0
p37045,coal,0.0,0.0,0.0,0.0,0.0
p37045,gas,0.0,0.0,0.0,0.0,0.0
p37045,geothermal,0.0,0.0,0.0,0.0,0.0
p37045,h2,0.0,0.0,0.0,0.0,0.0
p37045,hydro,0.0,0.0,0.0,0.0,0.0
p37045,nuclear,0.0,0.0,0.0,0.0,0.0
p37045,pumped-hydro,0.0,0.0,0.0,0.0,0.0
p37045,pv,0.0,0.0,0.0,0.0,0.0
p37045,wind-ofs,0.0,0.0,0.0,0.0,0.0
p37045,wind-ons,0.0,0.0,0.0,0.0,0.0
p37051,battery,0.0,0.0,0.0,0.0,0.0
p37051,biomass,0.0,0.0,0.0,0.0,0.0
p37051,coal,0.0,0.0,0.0,0.0,0.0
p37051,gas,0.0,0.0,0.0,0.0,0.0
p37051,geothermal,0.0,0.0,0.0,0.0,0.0
p37051,h2,0.0,0.0,0.0,0.0,0.0
p37051,hydro,0.0,0.0,0.0,0.0,0.0
p37051,nuclear,0.0,0.0,0.0,0.0,0.0
p37051,pumped-hydro,0.0,0.0,0.0,0.0,0.0
p37051,pv,171.45,171.45,171.45,171.45,171.45
p37051,wind-ofs,0.0,0.0,0.0,0.0,0.0
p37051,wind-ons,0.0,0.0,0.0,0.0,0.0
p37053,battery,0.0,0.0,0.0,0.0,0.0
p37053,biomass,0.0,0.0,0.0,0.0,0.0
p37053,coal,0.0,0.0,0.0,0.0,0.0
p37053,gas,0.0,0.0,0.0,0.0,0.0
p37053,geothermal,0.0,0.0,0.0,0.0,0.0
p37053,h2,0.0,0.0,0.0,0.0,0.0
p37053,hydro,0.0,0.0,0.0,0.0,0.0
p37053,nuclear,0.0,0.0,0.0,0.0,0.0
p37053,pumped-hydro,0.0,0.0,0.0,0.0,0.0
p37053,pv,300.0,300.0,300.0,300.0,300.0
p37053,wind-ofs,0.0,0.0,0.0,0.0,0.0
p37053,wind-ons,150.0,150.0,150.0,150.0,150.0
p37057,battery,0.0,0.0,0.0,0.0,0.0
p37057,biomass,0.0,0.0,0.0,0.0,0.0
p37057,coal,0.0,0.0,0.0,0.0,0.0
p37057,gas,0.0,0.0,0.0,0.0,0.0
p37057,geothermal,0.0,0.0,0.0,0.0,0.0
p37057,h2,0.0,0.0,0.0,0.0,0.0
p37057,hydro,0.0,0.0,0.0,0.0,0.0
p37057,nuclear,0.0,0.0,0.0,0.0,0.0
p37057,pumped-hydro,0.0,0.0,0.0,0.0,0.0
p37057,pv,160.0,160.0,160.0,160.0,160.0
p37057,wind-ofs,0.0,0.0,0.0,0.0,0.0
p37057,wind-ons,0.0,0.0,0.0,0.0,0.0
p37061,battery,0.0,0.0,0.0,0.0,0.0
p37061,biomass,0.0,0.0,0.0,0.0,0.0
p37061,coal,0.0,0.0,0.0,0.0,0.0
p37061,gas,0.0,0.0,0.0,0.0,0.0
p37061,geothermal,0.0,0.0,0.0,0.0,0.0
p37061,h2,0.0,0.0,0.0,0.0,0.0
p37061,hydro,0.0,0.0,0.0,0.0,0.0
p37061,nuclear,0.0,0.0,0.0,0.0,0.0
p37061,pumped-hydro,0.0,0.0,0.0,0.0,0.0
p37061,pv,129.9,129.9,129.9,129.9,129.9
p37061,wind-ofs,0.0,0.0,0.0,0.0,0.0
p37061,wind-ons,0.0,0.0,0.0,0.0,0.0
p37065,battery,0.0,0.0,0.0,0.0,0.0
p37065,biomass,0.0,0.0,0.0,0.0,0.0
p37065,coal,0.0,0.0,0.0,0.0,0.0
p37065,gas,0.0,0.0,0.0,0.0,0.0
p37065,geothermal,0.0,0.0,0.0,0.0,0.0
p37065,h2,0.0,0.0,0.0,0.0,0.0
p37065,hydro,0.0,0.0,0.0,0.0,0.0
p37065,nuclear,0.0,0.0,0.0,0.0,0.0
p37065,pumped-hydro,0.0,0.0,0.0,0.0,0.0
p37065,pv,161.2,161.2,161.2,161.2,161.2
p37065,wind-ofs,0.0,0.0,0.0,0.0,0.0
p37065,wind-ons,0.0,0.0,0.0,0.0,0.0
p37071,battery,364.0,364.0,364.0,364.0,364.0
p37071,biomass,0.0,0.0,0.0,0.0,0.0
p37071,coal,0.0,0.0,0.0,0.0,0.0
p37071,gas,0.0,0.0,0.0,0.0,0.0
p37071,geothermal,0.0,0.0,0.0,0.0,0.0
p37071,h2,0.0,0.0,0.0,0.0,0.0
p37071,hydro,0.0,0.0,0.0,0.0,0.0
p37071,nuclear,0.0,0.0,0.0,0.0,0.0
p37071,pumped-hydro,0.0,0.0,0.0,0.0,0.0
p37071,pv,0.0,0.0,0.0,0.0,0.0
p37071,wind-ofs,0.0,0.0,0.0,0.0,0.0
p37071,wind-ons,0.0,0.0,0.0,0.0,0.0
p37077,battery,0.0,0.0,0.0,0.0,0.0
p37077,biomass,0.0,0.0,0.0,0.0,0.0
p37077,coal,0.0,0.0,0.0,0.0,0.0
p37077,gas,0.0,0.0,0.0,0.0,0.0
p37077,geothermal,0.0,0.0,0.0,0.0,0.0
p37077,h2,0.0,0.0,0.0,0.0,0.0
p37077,hydro,0.0,0.0,0.0,0.0,0.0
p37077,nuclear,0.0,0.0,0.0,0.0,0.0
p37077,pumped-hydro,0.0,0.0,0.0,0.0,0.0
p37077,pv,135.0,135.0,135.0,135.0,135.0
p37077,wind-ofs,0.0,0.0,0.0,0.0,0.0
p37077,wind-ons,0.0,0.0,0.0,0.0,0.0
p37083,battery,0.0,0.0,0.0,0.0,0.0
p37083,biomass,0.0,0.0,0.0,0.0,0.0
p37083,coal,0.0,0.0,0.0,0.0,0.0
p37083,gas,0.0,0.0,0.0,0.0,0.0
p37083,geothermal,0.0,0.0,0.0,0.0,0.0
p37083,h2,0.0,0.0,0.0,0.0,0.0
p37083,hydro,0.0,0.0,0.0,0.0,0.0
p37083,nuclear,0.0,0.0,0.0,0.0,0.0
p37083,pumped-hydro,0.0,0.0,0.0,0.0,0.0
p37083,pv,466.0,466.0,466.0,466.0,466.0
p37083,wind-ofs,0.0,0.0,0.0,0.0,0.0
p37083,wind-ons,0.0,0.0,0.0,0.0,0.0
p37085,battery,0.0,0.0,0.0,0.0,0.0
p37085,biomass,0.0,0.0,0.0,0.0,0.0
p37085,coal,0.0,0.0,0.0,0.0,0.0
p37085,gas,0.0,0.0,0.0,0.0,0.0
p37085,geothermal,0.0,0.0,0.0,0.0,0.0
p37085,h2,0.0,0.0,0.0,0.0,0.0
p37085,hydro,0.0,0.0,0.0,0.0,0.0
p37085,nuclear,0.0,0.0,0.0,0.0,0.0
p37085,pumped-hydro,0.0,0.0,0.0,0.0,0.0
p37085,pv,70.0,70.0,70.0,70.0,70.0
p37085,wind-ofs,0.0,0.0,0.0,0.0,0.0
p37085,wind-ons,0.0,0.0,0.0,0.0,0.0
p37091,battery,0.0,0.0,0.0,0.0,0.0
p37091,biomass,0.0,0.0,0.0,0.0,0.0
p37091,coal,0.0,0.0,0.0,0.0,0.0
p37091,gas,0.0,0.0,0.0,0.0,0.0
p37091,geothermal,0.0,0.0,0.0,0.0,0.0
p37091,h2,0.0,0.0,0.0,0.0,0.0
p37091,hydro,0.0,0.0,0.0,0.0,0.0
p37091,nuclear,0.0,0.0,0.0,0.0,0.0
p37091,pumped-hydro,0.0,0.0,0.0,0.0,0.0
p37091,pv,277.0,277.0,277.0,277.0,277.0
p37091,wind-ofs,0.0,0.0,0.0,0.0,0.0
p37091,wind-ons,0.0,0.0,0.0,0.0,0.0
p37093,battery,0.0,0.0,0.0,0.0,0.0
p37093,biomass,0.0,0.0,0.0,0.0,0.0
p37093,coal,0.0,0.0,0.0,0.0,0.0
p37093,gas,0.0,0.0,0.0,0.0,0.0
p37093,geothermal,0.0,0.0,0.0,0.0,0.0
p37093,h2,0.0,0.0,0.0,0.0,0.0
p37093,hydro,0.0,0.0,0.0,0.0,0.0
p37093,nuclear,0.0,0.0,0.0,0.0,0.0
p37093,pumped-hydro,0.0,0.0,0.0,0.0,0.0
p37093,pv,45.0,45.0,45.0,45.0,45.0
p37093,wind-ofs,0.0,0.0,0.0,0.0,0.0
p37093,wind-ons,0.0,0.0,0.0,0.0,0.0
p37099,battery,0.0,0.0,0.0,0.0,0.0
p37099,biomass,0.0,0.0,0.0,0.0,0.0
p37099,coal,0.0,0.0,0.0,0.0,0.0
p37099,gas,0.0,0.0,0.0,0.0,0.0
p37099,geothermal,0.0,0.0,0.0,0.0,0.0
p37099,h2,0.0,0.0,0.0,0.0,0.0
p37099,hydro,12.21,12.21,12.21,12.21,12.21
p37099,nuclear,0.0,0.0,0.0,0.0,0.0
p37099,pumped-hydro,0.0,0.0,0.0,0.0,0.0
p37099,pv,0.0,0.0,0.0,0.0,0.0
p37099,wind-ofs,0.0,0.0,0.0,0.0,0.0
p37099,wind-ons,0.0,0.0,0.0,0.0,0.0
p37101,battery,0.0,0.0,0.0,0.0,0.0
p37101,biomass,0.0,0.0,0.0,0.0,0.0
p37101,coal,0.0,0.0,0.0,0.0,0.0
p37101,gas,0.0,0.0,0.0,0.0,0.0
p37101,geothermal,0.0,0.0,0.0,0.0,0.0
p37101,h2,0.0,0.0,0.0,0.0,0.0
p37101,hydro,0.0,0.0,0.0,0.0,0.0
p37101,nuclear,0.0,0.0,0.0,0.0,0.0
p37101,pumped-hydro,0.0,0.0,0.0,0.0,0.0
p37101,pv,6.6,6.6,6.6,6.6,6.6
p37101,wind-ofs,0.0,0.0,0.0,0.0,0.0
p37101,wind-ons,0.0,0.0,0.0,0.0,0.0
p37109,battery,0.0,0.0,0.0,0.0,0.0
p37109,biomass,0.0,0.0,0.0,0.0,0.0
p37109,coal,0.0,0.0,0.0,0.0,0.0
p37109,gas,0.0,0.0,0.0,0.0,0.0
p37109,geothermal,0.0,0.0,0.0,0.0,0.0
p37109,h2,0.0,0.0,0.0,0.0,0.0
p37109,hydro,0.0,0.0,0.0,0.0,0.0
p37109,nuclear,0.0,0.0,0.0,0.0,0.0
p37109,pumped-hydro,0.0,0.0,0.0,0.0,0.0
p37109,pv,40.0,40.0,40.0,40.0,40.0
p37109,wind-ofs,0.0,0.0,0.0,0.0,0.0
p37109,wind-ons,0.0,0.0,0.0,0.0,0.0
p37113,battery,0.0,0.0,0.0,0.0,0.0
p37113,biomass,0.0,0.0,0.0,0.0,0.0
p37113,coal,0.0,0.0,0.0,0.0,0.0
p37113,gas,0.0,0.0,0.0,0.0,0.0
p37113,geothermal,0.0,0.0,0.0,0.0,0.0
p37113,h2,0.0,0.0,0.0,0.0,0.0
p37113,hydro,2.0,2.0,2.0,2.0,2.0
p37113,nuclear,0.0,0.0,0.0,0.0,0.0
p37113,pumped-hydro,0.0,0.0,0.0,0.0,0.0
p37113,pv,0.0,0.0,0.0,0.0,0.0
p37113,wind-ofs,0.0,0.0,0.0,0.0,0.0
p37113,wind-ons,0.0,0.0,0.0,0.0,0.0
p37117,battery,0.0,0.0,0.0,0.0,0.0
p37117,biomass,0.0,0.0,0.0,0.0,0.0
p37117,coal,0.0,0.0,0.0,0.0,0.0
p37117,gas,0.0,0.0,0.0,0.0,0.0
p37117,geothermal,0.0,0.0,0.0,0.0,0.0
p37117,h2,0.0,0.0,0.0,0.0,0.0
p37117,hydro,0.0,0.0,0.0,0.0,0.0
p37117,nuclear,0.0,0.0,0.0,0.0,0.0
p37117,pumped-hydro,0.0,0.0,0.0,0.0,0.0
p37117,pv,50.989999999999995,50.989999999999995,50.989999999999995,50.989999999999995,50.989999999999995
p37117,wind-ofs,0.0,0.0,0.0,0.0,0.0
p37117,wind-ons,0.0,0.0,0.0,0.0,0.0
p37119,battery,197.0,197.0,197.0,197.0,197.0
p37119,biomass,0.0,0.0,0.0,0.0,0.0
p37119,coal,0.0,0.0,0.0,0.0,0.0
p37119,gas,0.0,0.0,0.0,0.0,0.0
p37119,geothermal,0.0,0.0,0.0,0.0,0.0
p37119,h2,0.0,0.0,0.0,0.0,0.0
p37119,hydro,0.0,0.0,0.0,0.0,0.0
p37119,nuclear,73.0,73.0,73.0,73.0,73.0
p37119,pumped-hydro,0.0,0.0,0.0,0.0,0.0
p37119,pv,0.0,0.0,0.0,0.0,0.0
p37119,wind-ofs,0.0,0.0,0.0,0.0,0.0
p37119,wind-ons,0.0,0.0,0.0,0.0,0.0
p37123,battery,0.0,0.0,0.0,0.0,0.0
p37123,biomass,0.0,0.0,0.0,0.0,0.0
p37123,coal,0.0,0.0,0.0,0.0,0.0
p37123,gas,0.0,0.0,0.0,0.0,0.0
p37123,geothermal,0.0,0.0,0.0,0.0,0.0
p37123,h2,0.0,0.0,0.0,0.0,0.0
p37123,hydro,12.52,12.52,12.52,12.52,12.52
p37123,nuclear,0.0,0.0,0.0,0.0,0.0
p37123,pumped-hydro,0.0,0.0,0.0,0.0,0.0
p37123,pv,0.0,0.0,0.0,0.0,0.0
p37123,wind-ofs,0.0,0.0,0.0,0.0,0.0
p37123,wind-ons,0.0,0.0,0.0,0.0,0.0
p37125,battery,0.0,0.0,0.0,0.0,0.0
p37125,biomass,0.0,0.0,0.0,0.0,0.0
p37125,coal,0.0,0.0,0.0,0.0,0.0
p37125,gas,0.0,0.0,0.0,0.0,0.0
p37125,geothermal,0.0,0.0,0.0,0.0,0.0
p37125,h2,0.0,0.0,0.0,0.0,0.0
p37125,hydro,0.0,0.0,0.0,0.0,0.0
p37125,nuclear,0.0,0.0,0.0,0.0,0.0
p37125,pumped-hydro,0.0,0.0,0.0,0.0,0.0
p37125,pv,87.0,87.0,87.0,87.0,87.0
p37125,wind-ofs,0.0,0.0,0.0,0.0,0.0
p37125,wind-ons,0.0,0.0,0.0,0.0,0.0
p37127,battery,50.0,50.0,50.0,50.0,50.0
p37127,biomass,0.0,0.0,0.0,0.0,0.0
p37127,coal,0.0,0.0,0.0,0.0,0.0
p37127,gas,0.0,0.0,0.0,0.0,0.0
p37127,geothermal,0.0,0.0,0.0,0.0,0.0
p37127,h2,0.0,0.0,0.0,0.0,0.0
p37127,hydro,0.0,0.0,0.0,0.0,0.0
p37127,nuclear,0.0,0.0,0.0,0.0,0.0
p37127,pumped-hydro,0.0,0.0,0.0,0.0,0.0
p37127,pv,80.0,80.0,80.0,80.0,80.0
p37127,wind-ofs,0.0,0.0,0.0,0.0,0.0
p37127,wind-ons,0.0,0.0,0.0,0.0,0.0
p37129,battery,0.0,0.0,0.0,0.0,0.0
p37129,biomass,0.0,0.0,0.0,0.0,0.0
p37129,coal,0.0,0.0,0.0,0.0,0.0
p37129,gas,41.0,41.0,41.0,41.0,41.0
p37129,geothermal,0.0,0.0,0.0,0.0,0.0
p37129,h2,0.0,0.0,0.0,0.0,0.0
p37129,hydro,0.0,0.0,0.0,0.0,0.0
p37129,nuclear,0.0,0.0,0.0,0.0,0.0
p37129,pumped-hydro,0.0,0.0,0.0,0.0,0.0
p37129,pv,0.0,0.0,0.0,0.0,0.0
p37129,wind-ofs,0.0,0.0,0.0,0.0,0.0
p37129,wind-ons,0.0,0.0,0.0,0.0,0.0
p37131,battery,0.0,0.0,0.0,0.0,0.0
p37131,biomass,0.0,0.0,0.0,0.0,0.0
p37131,coal,0.0,0.0,0.0,0.0,0.0
p37131,gas,0.0,0.0,0.0,0.0,0.0
p37131,geothermal,0.0,0.0,0.0,0.0,0.0
p37131,h2,0.0,0.0,0.0,0.0,0.0
p37131,hydro,0.0,0.0,0.0,0.0,0.0
p37131,nuclear,0.0,0.0,0.0,0.0,0.0
p37131,pumped-hydro,0.0,0.0,0.0,0.0,0.0
p37131,pv,116.0,116.0,116.0,116.0,116.0
p37131,wind-ofs,0.0,0.0,0.0,0.0,0.0
p37131,wind-ons,0.0,0.0,0.0,0.0,0.0
p37133,battery,0.0,0.0,0.0,0.0,0.0
p37133,biomass,0.0,0.0,0.0,0.0,0.0
p37133,coal,0.0,0.0,0.0,0.0,0.0
p37133,gas,0.0,0.0,0.0,0.0,0.0
p37133,geothermal,0.0,0.0,0.0,0.0,0.0
p37133,h2,0.0,0.0,0.0,0.0,0.0
p37133,hydro,0.0,0.0,0.0,0.0,0.0
p37133,nuclear,0.0,0.0,0.0,0.0,0.0
p37133,pumped-hydro,0.0,0.0,0.0,0.0,0.0
p37133,pv,74.9,74.9,74.9,74.9,74.9
p37133,wind-ofs,0.0,0.0,0.0,0.0,0.0
p37133,wind-ons,0.0,0.0,0.0,0.0,0.0
p37137,battery,0.0,0.0,0.0,0.0,0.0
p37137,biomass,0.0,0.0,0.0,0.0,0.0
p37137,coal,0.0,0.0,0.0,0.0,0.0
p37137,gas,0.0,0.0,0.0,0.0,0.0
p37137,geothermal,0.0,0.0,0.0,0.0,0.0
p37137,h2,0.0,0.0,0.0,0.0,0.0
p37137,hydro,0.0,0.0,0.0,0.0,0.0
p37137,nuclear,0.0,0.0,0.0,0.0,0.0
p37137,pumped-hydro,0.0,0.0,0.0,0.0,0.0
p37137,pv,290.0,290.0,290.0,290.0,290.0
p37137,wind-ofs,0.0,0.0,0.0,0.0,0.0
p37137,wind-ons,0.0,0.0,0.0,0.0,0.0
p37139,battery,0.0,0.0,0.0,0.0,0.0
p37139,biomass,0.0,0.0,0.0,0.0,0.0
p37139,coal,0.0,0.0,0.0,0.0,0.0
p37139,gas,0.0,0.0,0.0,0.0,0.0
p37139,geothermal,0.0,0.0,0.0,0.0,0.0
p37139,h2,0.0,0.0,0.0,0.0,0.0
p37139,hydro,0.0,0.0,0.0,0.0,0.0
p37139,nuclear,0.0,0.0,0.0,0.0,0.0
p37139,pumped-hydro,0.0,0.0,0.0,0.0,0.0
p37139,pv,6.36,6.36,6.36,6.36,6.36
p37139,wind-ofs,0.0,0.0,0.0,0.0,0.0
p37139,wind-ons,0.0,0.0,0.0,0.0,0.0
p37145,battery,0.0,0.0,0.0,0.0,0.0
p37145,biomass,0.0,0.0,0.0,0.0,0.0
p37145,coal,0.0,0.0,0.0,0.0,0.0
p37145,gas,1857.0,1857.0,1857.0,1857.0,1857.0
p37145,geothermal,0.0,0.0,0.0,0.0,0.0
p37145,h2,0.0,0.0,0.0,0.0,0.0
p37145,hydro,0.0,0.0,0.0,0.0,0.0
p37145,nuclear,0.0,0.0,0.0,0.0,0.0
p37145,pumped-hydro,0.0,0.0,0.0,0.0,0.0
p37145,pv,160.0,160.0,160.0,160.0,160.0
p37145,wind-ofs,0.0,0.0,0.0,0.0,0.0
p37145,wind-ons,0.0,0.0,0.0,0.0,0.0
p37147,battery,0.0,0.0,0.0,0.0,0.0
p37147,biomass,0.0,0.0,0.0,0.0,0.0
p37147,coal,0.0,0.0,0.0,0.0,0.0
p37147,gas,0.0,0.0,0.0,0.0,0.0
p37147,geothermal,0.0,0.0,0.0,0.0,0.0
p37147,h2,0.0,0.0,0.0,0.0,0.0
p37147,hydro,0.0,0.0,0.0,0.0,0.0
p37147,nuclear,0.0,0.0,0.0,0.0,0.0
p37147,pumped-hydro,0.0,0.0,0.0,0.0,0.0
p37147,pv,160.0,160.0,160.0,160.0,160.0
p37147,wind-ofs,0.0,0.0,0.0,0.0,0.0
p37147,wind-ons,0.0,0.0,0.0,0.0,0.0
p37151,battery,4.3,4.3,4.3,4.3,4.3
p37151,biomass,0.0,0.0,0.0,0.0,0.0
p37151,coal,0.0,0.0,0.0,0.0,0.0
p37151,gas,0.0,0.0,0.0,0.0,0.0
p37151,geothermal,0.0,0.0,0.0,0.0,0.0
p37151,h2,0.0,0.0,0.0,0.0,0.0
p37151,hydro,0.0,0.0,0.0,0.0,0.0
p37151,nuclear,0.0,0.0,0.0,0.0,0.0
p37151,pumped-hydro,0.0,0.0,0.0,0.0,0.0
p37151,pv,84.0,84.0,84.0,84.0,84.0
p37151,wind-ofs,0.0,0.0,0.0,0.0,0.0
p37151,wind-ons,0.0,0.0,0.0,0.0,0.0
p37153,battery,0.0,0.0,0.0,0.0,0.0
p37153,biomass,0.0,0.0,0.0,0.0,0.0
p37153,coal,0.0,0.0,0.0,0.0,0.0
p37153,gas,174.75,174.75,174.75,174.75,174.75
p37153,geothermal,0.0,0.0,0.0,0.0,0.0
p37153,h2,0.0,0.0,0.0,0.0,0.0
p37153,hydro,0.0,0.0,0.0,0.0,0.0
p37153,nuclear,0.0,0.0,0.0,0.0,0.0
p37153,pumped-hydro,0.0,0.0,0.0,0.0,0.0
p37153,pv,275.0,275.0,275.0,275.0,275.0
p37153,wind-ofs,0.0,0.0,0.0,0.0,0.0
p37153,wind-ons,0.0,0.0,0.0,0.0,0.0
p37155,battery,298.9,298.9,298.9,298.9,298.9
p37155,biomass,0.0,0.0,0.0,0.0,0.0
p37155,coal,0.0,0.0,0.0,0.0,0.0
p37155,gas,0.0,0.0,0.0,0.0,0.0
p37155,geothermal,0.0,0.0,0.0,0.0,0.0
p37155,h2,0.0,0.0,0.0,0.0,0.0
p37155,hydro,0.0,0.0,0.0,0.0,0.0
p37155,nuclear,0.0,0.0,0.0,0.0,0.0
p37155,pumped-hydro,0.0,0.0,0.0,0.0,0.0
p37155,pv,150.0,150.0,150.0,150.0,150.0
p37155,wind-ofs,0.0,0.0,0.0,0.0,0.0
p37155,wind-ons,0.0,0.0,0.0,0.0,0.0
p37157,battery,214.0,214.0,214.0,214.0,214.0
p37157,biomass,0.0,0.0,0.0,0.0,0.0
p37157,coal,0.0,0.0,0.0,0.0,0.0
p37157,gas,205.0,205.0,205.0,205.0,205.0
p37157,geothermal,0.0,0.0,0.0,0.0,0.0
p37157,h2,0.0,0.0,0.0,0.0,0.0
p37157,hydro,0.0,0.0,0.0,0.0,0.0
p37157,nuclear,0.0,0.0,0.0,0.0,0.0
p37157,pumped-hydro,0.0,0.0,0.0,0.0,0.0
p37157,pv,0.0,0.0,0.0,0.0,0.0
p37157,wind-ofs,0.0,0.0,0.0,0.0,0.0
p37157,wind-ons,0.0,0.0,0.0,0.0,0.0
p37159,battery,0.0,0.0,0.0,0.0,0.0
p37159,biomass,0.0,0.0,0.0,0.0,0.0
p37159,coal,0.0,0.0,0.0,0.0,0.0
p37159,gas,498.0,498.0,498.0,498.0,498.0
p37159,geothermal,0.0,0.0,0.0,0.0,0.0
p37159,h2,0.0,0.0,0.0,0.0,0.0
p37159,hydro,0.0,0.0,0.0,0.0,0.0
p37159,nuclear,0.0,0.0,0.0,0.0,0.0
p37159,pumped-hydro,0.0,0.0,0.0,0.0,0.0
p37159,pv,0.0,0.0,0.0,0.0,0.0
p37159,wind-ofs,0.0,0.0,0.0,0.0,0.0
p37159,wind-ons,0.0,0.0,0.0,0.0,0.0
p37161,battery,298.9,298.9,298.9,298.9,298.9
p37161,biomass,0.0,0.0,0.0,0.0,0.0
p37161,coal,0.0,0.0,0.0,0.0,0.0
p37161,gas,0.0,0.0,0.0,0.0,0.0
p37161,geothermal,0.0,0.0,0.0,0.0,0.0
p37161,h2,0.0,0.0,0.0,0.0,0.0
p37161,hydro,0.0,0.0,0.0,0.0,0.0
p37161,nuclear,0.0,0.0,0.0,0.0,0.0
p37161,pumped-hydro,0.0,0.0,0.0,0.0,0.0
p37161,pv,0.0,0.0,0.0,0.0,0.0
p37161,wind-ofs,0.0,0.0,0.0,0.0,0.0
p37161,wind-ons,0.0,0.0,0.0,0.0,0.0
p37163,battery,60.0,60.0,60.0,60.0,60.0
p37163,biomass,0.0,0.0,0.0,0.0,0.0
p37163,coal,0.0,0.0,0.0,0.0,0.0
p37163,gas,0.0,0.0,0.0,0.0,0.0
p37163,geothermal,0.0,0.0,0.0,0.0,0.0
p37163,h2,0.0,0.0,0.0,0.0,0.0
p37163,hydro,0.0,0.0,0.0,0.0,0.0
p37163,nuclear,0.0,0.0,0.0,0.0,0.0
p37163,pumped-hydro,0.0,0.0,0.0,0.0,0.0
p37163,pv,110.0,110.0,110.0,110.0,110.0
p37163,wind-ofs,0.0,0.0,0.0,0.0,0.0
p37163,wind-ons,0.0,0.0,0.0,0.0,0.0
p37165,battery,0.0,0.0,0.0,0.0,0.0
p37165,biomass,0.0,0.0,0.0,0.0,0.0
p37165,coal,0.0,0.0,0.0,0.0,0.0
p37165,gas,0.0,0.0,0.0,0.0,0.0
p37165,geothermal,0.0,0.0,0.0,0.0,0.0
p37165,h2,0.0,0.0,0.0,0.0,0.0
p37165,hydro,0.0,0.0,0.0,0.0,0.0
p37165,nuclear,0.0,0.0,0.0,0.0,0.0
p37165,pumped-hydro,0.0,0.0,0.0,0.0,0.0
p37165,pv,160.0,160.0,160.0,160.0,160.0
p37165,wind-ofs,0.0,0.0,0.0,0.0,0.0
p37165,wind-ons,0.0,0.0,0.0,0.0,0.0
p37169,battery,0.0,0.0,0.0,0.0,0.0
p37169,biomass,0.0,0.0,0.0,0.0,0.0
p37169,coal,0.0,0.0,0.0,0.0,0.0
p37169,gas,910.0,910.0,910.0,910.0,910.0
p37169,geothermal,0.0,0.0,0.0,0.0,0.0
p37169,h2,0.0,0.0,0.0,0.0,0.0
p37169,hydro,0.0,0.0,0.0,0.0,0.0
p37169,nuclear,0.0,0.0,0.0,0.0,0.0
p37169,pumped-hydro,0.0,0.0,0.0,0.0,0.0
p37169,pv,130.0,130.0,130.0,130.0,130.0
p37169,wind-ofs,0.0,0.0,0.0,0.0,0.0
p37169,wind-ons,0.0,0.0,0.0,0.0,0.0
p37181,battery,3.55,3.55,3.55,3.55,3.55
p37181,biomass,0.0,0.0,0.0,0.0,0.0
p37181,coal,0.0,0.0,0.0,0.0,0.0
p37181,gas,0.0,0.0,0.0,0.0,0.0
p37181,geothermal,0.0,0.0,0.0,0.0,0.0
p37181,h2,0.0,0.0,0.0,0.0,0.0
p37181,hydro,0.0,0.0,0.0,0.0,0.0
p37181,nuclear,0.0,0.0,0.0,0.0,0.0
p37181,pumped-hydro,0.0,0.0,0.0,0.0,0.0
p37181,pv,0.0,0.0,0.0,0.0,0.0
p37181,wind-ofs,0.0,0.0,0.0,0.0,0.0
p37181,wind-ons,0.0,0.0,0.0,0.0,0.0
p37183,battery,312.0,312.0,312.0,312.0,312.0
p37183,biomass,0.0,0.0,0.0,0.0,0.0
p37183,coal,0.0,0.0,0.0,0.0,0.0
p37183,gas,0.0,0.0,0.0,0.0,0.0
p37183,geothermal,0.0,0.0,0.0,0.0,0.0
p37183,h2,0.0,0.0,0.0,0.0,0.0
p37183,hydro,0.0,0.0,0.0,0.0,0.0
p37183,nuclear,0.0,0.0,0.0,0.0,0.0
p37183,pumped-hydro,0.0,0.0,0.0,0.0,0.0
p37183,pv,100.0,100.0,100.0,100.0,100.0
p37183,wind-ofs,0.0,0.0,0.0,0.0,0.0
p37183,wind-ons,0.0,0.0,0.0,0.0,0.0
p37185,battery,0.0,0.0,0.0,0.0,0.0
p37185,biomass,0.0,0.0,0.0,0.0,0.0
p37185,coal,0.0,0.0,0.0,0.0,0.0
p37185,gas,0.0,0.0,0.0,0.0,0.0
p37185,geothermal,0.0,0.0,0.0,0.0,0.0
p37185,h2,0.0,0.0,0.0,0.0,0.0
p37185,hydro,0.0,0.0,0.0,0.0,0.0
p37185,nuclear,0.0,0.0,0.0,0.0,0.0
p37185,pumped-hydro,0.0,0.0,0.0,0.0,0.0
p37185,pv,80.0,80.0,80.0,80.0,80.0
p37185,wind-ofs,0.0,0.0,0.0,0.0,0.0
p37185,wind-ons,0.0,0.0,0.0,0.0,0.0
p37187,battery,0.0,0.0,0.0,0.0,0.0
p37187,biomass,0.0,0.0,0.0,0.0,0.0
p37187,coal,0.0,0.0,0.0,0.0,0.0
p37187,gas,0.0,0.0,0.0,0.0,0.0
p37187,geothermal,0.0,0.0,0.0,0.0,0.0
p37187,h2,0.0,0.0,0.0,0.0,0.0
p37187,hydro,0.0,0.0,0.0,0.0,0.0
p37187,nuclear,0.0,0.0,0.0,0.0,0.0
p37187,pumped-hydro,0.0,0.0,0.0,0.0,0.0
p37187,pv,968.0,968.0,968.0,968.0,968.0
p37187,wind-ofs,0.0,0.0,0.0,0.0,0.0
p37187,wind-ons,0.0,0.0,0.0,0.0,0.0
p37191,battery,410.0,410.0,410.0,410.0,410.0
p37191,biomass,0.0,0.0,0.0,0.0,0.0
p37191,coal,0.0,0.0,0.0,0.0,0.0
p37191,gas,86.0,86.0,86.0,86.0,86.0
p37191,geothermal,0.0,0.0,0.0,0.0,0.0
p37191,h2,0.0,0.0,0.0,0.0,0.0
p37191,hydro,0.0,0.0,0.0,0.0,0.0
p37191,nuclear,0.0,0.0,0.0,0.0,0.0
p37191,pumped-hydro,0.0,0.0,0.0,0.0,0.0
p37191,pv,300.9,300.9,300.9,300.9,300.9
p37191,wind-ofs,0.0,0.0,0.0,0.0,0.0
p37191,wind-ons,0.0,0.0,0.0,0.0,0.0
p37193,battery,120.0,120.0,120.0,120.0,120.0
p37193,biomass,0.0,0.0,0.0,0.0,0.0
p37193,coal,0.0,0.0,0.0,0.0,0.0
p37193,gas,0.0,0.0,0.0,0.0,0.0
p37193,geothermal,0.0,0.0,0.0,0.0,0.0
p37193,h2,0.0,0.0,0.0,0.0,0.0
p37193,hydro,0.0,0.0,0.0,0.0,0.0
p37193,nuclear,0.0,0.0,0.0,0.0,0.0
p37193,pumped-hydro,0.0,0.0,0.0,0.0,0.0
p37193,pv,0.0,0.0,0.0,0.0,0.0
p37193,wind-ofs,0.0,0.0,0.0,0.0,0.0
p37193,wind-ons,0.0,0.0,0.0,0.0,0.0
p37195,battery,0.0,0.0,0.0,0.0,0.0
p37195,biomass,0.0,0.0,0.0,0.0,0.0
p37195,coal,0.0,0.0,0.0,0.0,0.0
p37195,gas,0.0,0.0,0.0,0.0,0.0
p37195,geothermal,0.0,0.0,0.0,0.0,0.0
p37195,h2,0.0,0.0,0.0,0.0,0.0
p37195,hydro,0.0,0.0,0.0,0.0,0.0
p37195,nuclear,0.0,0.0,0.0,0.0,0.0
p37195,pumped-hydro,0.0,0.0,0.0,0.0,0.0
p37195,pv,80.0,80.0,80.0,80.0,80.0
p37195,wind-ofs,0.0,0.0,0.0,0.0,0.0
p37195,wind-ons,0.0,0.0,0.0,0.0,0.0
p38003,battery,0.0,0.0,0.0,0.0,0.0
p38003,biomass,0.0,0.0,0.0,0.0,0.0
p38003,coal,0.0,0.0,0.0,0.0,0.0
p38003,gas,0.0,0.0,0.0,0.0,0.0
p38003,geothermal,0.0,0.0,0.0,0.0,0.0
p38003,h2,0.0,0.0,0.0,0.0,0.0
p38003,hydro,0.0,0.0,0.0,0.0,0.0
p38003,nuclear,0.0,0.0,0.0,0.0,0.0
p38003,pumped-hydro,0.0,0.0,0.0,0.0,0.0
p38003,pv,500.0,500.0,500.0,500.0,500.0
p38003,wind-ofs,0.0,0.0,0.0,0.0,0.0
p38003,wind-ons,0.0,0.0,0.0,0.0,0.0
p38007,battery,0.0,0.0,0.0,0.0,0.0
p38007,biomass,0.0,0.0,0.0,0.0,0.0
p38007,coal,0.0,0.0,0.0,0.0,0.0
p38007,gas,0.0,0.0,0.0,0.0,0.0
p38007,geothermal,0.0,0.0,0.0,0.0,0.0
p38007,h2,0.0,0.0,0.0,0.0,0.0
p38007,hydro,0.0,0.0,0.0,0.0,0.0
p38007,nuclear,0.0,0.0,0.0,0.0,0.0
p38007,pumped-hydro,0.0,0.0,0.0,0.0,0.0
p38007,pv,0.0,0.0,0.0,0.0,0.0
p38007,wind-ofs,0.0,0.0,0.0,0.0,0.0
p38007,wind-ons,383.0,383.0,383.0,383.0,383.0
p38011,battery,0.0,0.0,0.0,0.0,0.0
p38011,biomass,0.0,0.0,0.0,0.0,0.0
p38011,coal,0.0,0.0,0.0,0.0,0.0
p38011,gas,0.0,0.0,0.0,0.0,0.0
p38011,geothermal,0.0,0.0,0.0,0.0,0.0
p38011,h2,0.0,0.0,0.0,0.0,0.0
p38011,hydro,0.0,0.0,0.0,0.0,0.0
p38011,nuclear,0.0,0.0,0.0,0.0,0.0
p38011,pumped-hydro,0.0,0.0,0.0,0.0,0.0
p38011,pv,0.0,0.0,0.0,0.0,0.0
p38011,wind-ofs,0.0,0.0,0.0,0.0,0.0
p38011,wind-ons,400.2,400.2,400.2,400.2,400.2
p38013,battery,340.0,340.0,340.0,340.0,340.0
p38013,biomass,0.0,0.0,0.0,0.0,0.0
p38013,coal,0.0,0.0,0.0,0.0,0.0
p38013,gas,0.0,0.0,0.0,0.0,0.0
p38013,geothermal,0.0,0.0,0.0,0.0,0.0
p38013,h2,0.0,0.0,0.0,0.0,0.0
p38013,hydro,0.0,0.0,0.0,0.0,0.0
p38013,nuclear,0.0,0.0,0.0,0.0,0.0
p38013,pumped-hydro,0.0,0.0,0.0,0.0,0.0
p38013,pv,0.0,0.0,0.0,0.0,0.0
p38013,wind-ofs,0.0,0.0,0.0,0.0,0.0
p38013,wind-ons,0.0,0.0,0.0,0.0,0.0
p38017,battery,0.0,0.0,0.0,0.0,0.0
p38017,biomass,0.0,0.0,0.0,0.0,0.0
p38017,coal,0.0,0.0,0.0,0.0,0.0
p38017,gas,0.0,0.0,0.0,0.0,0.0
p38017,geothermal,0.0,0.0,0.0,0.0,0.0
p38017,h2,0.0,0.0,0.0,0.0,0.0
p38017,hydro,0.0,0.0,0.0,0.0,0.0
p38017,nuclear,0.0,0.0,0.0,0.0,0.0
p38017,pumped-hydro,0.0,0.0,0.0,0.0,0.0
p38017,pv,400.0,400.0,400.0,400.0,400.0
p38017,wind-ofs,0.0,0.0,0.0,0.0,0.0
p38017,wind-ons,390.0,390.0,390.0,390.0,390.0
p38021,battery,0.0,0.0,0.0,0.0,0.0
p38021,biomass,0.0,0.0,0.0,0.0,0.0
p38021,coal,0.0,0.0,0.0,0.0,0.0
p38021,gas,0.0,0.0,0.0,0.0,0.0
p38021,geothermal,0.0,0.0,0.0,0.0,0.0
p38021,h2,0.0,0.0,0.0,0.0,0.0
p38021,hydro,0.0,0.0,0.0,0.0,0.0
p38021,nuclear,0.0,0.0,0.0,0.0,0.0
p38021,pumped-hydro,0.0,0.0,0.0,0.0,0.0
p38021,pv,0.0,0.0,0.0,0.0,0.0
p38021,wind-ofs,0.0,0.0,0.0,0.0,0.0
p38021,wind-ons,500.0,500.0,500.0,500.0,500.0
p38027,battery,0.0,0.0,0.0,0.0,0.0
p38027,biomass,0.0,0.0,0.0,0.0,0.0
p38027,coal,0.0,0.0,0.0,0.0,0.0
p38027,gas,0.0,0.0,0.0,0.0,0.0
p38027,geothermal,0.0,0.0,0.0,0.0,0.0
p38027,h2,0.0,0.0,0.0,0.0,0.0
p38027,hydro,0.0,0.0,0.0,0.0,0.0
p38027,nuclear,0.0,0.0,0.0,0.0,0.0
p38027,pumped-hydro,0.0,0.0,0.0,0.0,0.0
p38027,pv,0.0,0.0,0.0,0.0,0.0
p38027,wind-ofs,0.0,0.0,0.0,0.0,0.0
p38027,wind-ons,401.2,401.2,401.2,401.2,401.2
p38029,battery,0.0,0.0,0.0,0.0,0.0
p38029,biomass,0.0,0.0,0.0,0.0,0.0
p38029,coal,0.0,0.0,0.0,0.0,0.0
p38029,gas,0.0,0.0,0.0,0.0,0.0
p38029,geothermal,0.0,0.0,0.0,0.0,0.0
p38029,h2,0.0,0.0,0.0,0.0,0.0
p38029,hydro,0.0,0.0,0.0,0.0,0.0
p38029,nuclear,0.0,0.0,0.0,0.0,0.0
p38029,pumped-hydro,0.0,0.0,0.0,0.0,0.0
p38029,pv,85.0,85.0,85.0,85.0,85.0
p38029,wind-ofs,0.0,0.0,0.0,0.0,0.0
p38029,wind-ons,0.0,0.0,0.0,0.0,0.0
p38035,battery,0.0,0.0,0.0,0.0,0.0
p38035,biomass,0.0,0.0,0.0,0.0,0.0
p38035,coal,0.0,0.0,0.0,0.0,0.0
p38035,gas,0.0,0.0,0.0,0.0,0.0
p38035,geothermal,0.0,0.0,0.0,0.0,0.0
p38035,h2,0.0,0.0,0.0,0.0,0.0
p38035,hydro,0.0,0.0,0.0,0.0,0.0
p38035,nuclear,0.0,0.0,0.0,0.0,0.0
p38035,pumped-hydro,0.0,0.0,0.0,0.0,0.0
p38035,pv,0.0,0.0,0.0,0.0,0.0
p38035,wind-ofs,0.0,0.0,0.0,0.0,0.0
p38035,wind-ons,464.29999999999995,464.29999999999995,464.29999999999995,464.29999999999995,464.29999999999995
p38045,battery,220.0,220.0,220.0,220.0,220.0
p38045,biomass,0.0,0.0,0.0,0.0,0.0
p38045,coal,0.0,0.0,0.0,0.0,0.0
p38045,gas,0.0,0.0,0.0,0.0,0.0
p38045,geothermal,0.0,0.0,0.0,0.0,0.0
p38045,h2,0.0,0.0,0.0,0.0,0.0
p38045,hydro,0.0,0.0,0.0,0.0,0.0
p38045,nuclear,0.0,0.0,0.0,0.0,0.0
p38045,pumped-hydro,0.0,0.0,0.0,0.0,0.0
p38045,pv,0.0,0.0,0.0,0.0,0.0
p38045,wind-ofs,0.0,0.0,0.0,0.0,0.0
p38045,wind-ons,800.0,800.0,800.0,800.0,800.0
p38047,battery,0.0,0.0,0.0,0.0,0.0
p38047,biomass,0.0,0.0,0.0,0.0,0.0
p38047,coal,0.0,0.0,0.0,0.0,0.0
p38047,gas,0.0,0.0,0.0,0.0,0.0
p38047,geothermal,0.0,0.0,0.0,0.0,0.0
p38047,h2,0.0,0.0,0.0,0.0,0.0
p38047,hydro,0.0,0.0,0.0,0.0,0.0
p38047,nuclear,0.0,0.0,0.0,0.0,0.0
p38047,pumped-hydro,0.0,0.0,0.0,0.0,0.0
p38047,pv,0.0,0.0,0.0,0.0,0.0
p38047,wind-ofs,0.0,0.0,0.0,0.0,0.0
p38047,wind-ons,300.0,300.0,300.0,300.0,300.0
p38051,battery,0.0,0.0,0.0,0.0,0.0
p38051,biomass,0.0,0.0,0.0,0.0,0.0
p38051,coal,0.0,0.0,0.0,0.0,0.0
p38051,gas,0.0,0.0,0.0,0.0,0.0
p38051,geothermal,0.0,0.0,0.0,0.0,0.0
p38051,h2,0.0,0.0,0.0,0.0,0.0
p38051,hydro,0.0,0.0,0.0,0.0,0.0
p38051,nuclear,0.0,0.0,0.0,0.0,0.0
p38051,pumped-hydro,0.0,0.0,0.0,0.0,0.0
p38051,pv,0.0,0.0,0.0,0.0,0.0
p38051,wind-ofs,0.0,0.0,0.0,0.0,0.0
p38051,wind-ons,500.0,500.0,500.0,500.0,500.0
p38053,battery,0.0,0.0,0.0,0.0,0.0
p38053,biomass,0.0,0.0,0.0,0.0,0.0
p38053,coal,0.0,0.0,0.0,0.0,0.0
p38053,gas,45.0,45.0,45.0,45.0,45.0
p38053,geothermal,0.0,0.0,0.0,0.0,0.0
p38053,h2,0.0,0.0,0.0,0.0,0.0
p38053,hydro,0.0,0.0,0.0,0.0,0.0
p38053,nuclear,0.0,0.0,0.0,0.0,0.0
p38053,pumped-hydro,0.0,0.0,0.0,0.0,0.0
p38053,pv,350.0,350.0,350.0,350.0,350.0
p38053,wind-ofs,0.0,0.0,0.0,0.0,0.0
p38053,wind-ons,0.0,0.0,0.0,0.0,0.0
p38057,battery,0.0,0.0,0.0,0.0,0.0
p38057,biomass,0.0,0.0,0.0,0.0,0.0
p38057,coal,0.0,0.0,0.0,0.0,0.0
p38057,gas,0.0,0.0,0.0,0.0,0.0
p38057,geothermal,0.0,0.0,0.0,0.0,0.0
p38057,h2,0.0,0.0,0.0,0.0,0.0
p38057,hydro,0.0,0.0,0.0,0.0,0.0
p38057,nuclear,0.0,0.0,0.0,0.0,0.0
p38057,pumped-hydro,0.0,0.0,0.0,0.0,0.0
p38057,pv,1641.0,1641.0,1641.0,1641.0,1641.0
p38057,wind-ofs,0.0,0.0,0.0,0.0,0.0
p38057,wind-ons,0.0,0.0,0.0,0.0,0.0
p38059,battery,100.0,100.0,100.0,100.0,100.0
p38059,biomass,0.0,0.0,0.0,0.0,0.0
p38059,coal,0.0,0.0,0.0,0.0,0.0
p38059,gas,0.0,0.0,0.0,0.0,0.0
p38059,geothermal,0.0,0.0,0.0,0.0,0.0
p38059,h2,0.0,0.0,0.0,0.0,0.0
p38059,hydro,0.0,0.0,0.0,0.0,0.0
p38059,nuclear,0.0,0.0,0.0,0.0,0.0
p38059,pumped-hydro,0.0,0.0,0.0,0.0,0.0
p38059,pv,0.0,0.0,0.0,0.0,0.0
p38059,wind-ofs,0.0,0.0,0.0,0.0,0.0
p38059,wind-ons,1050.0,1050.0,1050.0,1050.0,1050.0
p38065,battery,0.0,0.0,0.0,0.0,0.0
p38065,biomass,0.0,0.0,0.0,0.0,0.0
p38065,coal,0.0,0.0,0.0,0.0,0.0
p38065,gas,0.0,0.0,0.0,0.0,0.0
p38065,geothermal,0.0,0.0,0.0,0.0,0.0
p38065,h2,0.0,0.0,0.0,0.0,0.0
p38065,hydro,0.0,0.0,0.0,0.0,0.0
p38065,nuclear,0.0,0.0,0.0,0.0,0.0
p38065,pumped-hydro,0.0,0.0,0.0,0.0,0.0
p38065,pv,0.0,0.0,0.0,0.0,0.0
p38065,wind-ofs,0.0,0.0,0.0,0.0,0.0
p38065,wind-ons,877.0,877.0,877.0,877.0,877.0
p38077,battery,0.0,0.0,0.0,0.0,0.0
p38077,biomass,0.0,0.0,0.0,0.0,0.0
p38077,coal,0.0,0.0,0.0,0.0,0.0
p38077,gas,0.0,0.0,0.0,0.0,0.0
p38077,geothermal,0.0,0.0,0.0,0.0,0.0
p38077,h2,0.0,0.0,0.0,0.0,0.0
p38077,hydro,0.0,0.0,0.0,0.0,0.0
p38077,nuclear,0.0,0.0,0.0,0.0,0.0
p38077,pumped-hydro,0.0,0.0,0.0,0.0,0.0
p38077,pv,600.0,600.0,600.0,600.0,600.0
p38077,wind-ofs,0.0,0.0,0.0,0.0,0.0
p38077,wind-ons,0.0,0.0,0.0,0.0,0.0
p38081,battery,440.0,440.0,440.0,440.0,440.0
p38081,biomass,0.0,0.0,0.0,0.0,0.0
p38081,coal,0.0,0.0,0.0,0.0,0.0
p38081,gas,0.0,0.0,0.0,0.0,0.0
p38081,geothermal,0.0,0.0,0.0,0.0,0.0
p38081,h2,0.0,0.0,0.0,0.0,0.0
p38081,hydro,0.0,0.0,0.0,0.0,0.0
p38081,nuclear,0.0,0.0,0.0,0.0,0.0
p38081,pumped-hydro,0.0,0.0,0.0,0.0,0.0
p38081,pv,0.0,0.0,0.0,0.0,0.0
p38081,wind-ofs,0.0,0.0,0.0,0.0,0.0
p38081,wind-ons,0.0,0.0,0.0,0.0,0.0
p38085,battery,0.0,0.0,0.0,0.0,0.0
p38085,biomass,0.0,0.0,0.0,0.0,0.0
p38085,coal,0.0,0.0,0.0,0.0,0.0
p38085,gas,0.0,0.0,0.0,0.0,0.0
p38085,geothermal,0.0,0.0,0.0,0.0,0.0
p38085,h2,0.0,0.0,0.0,0.0,0.0
p38085,hydro,0.0,0.0,0.0,0.0,0.0
p38085,nuclear,0.0,0.0,0.0,0.0,0.0
p38085,pumped-hydro,0.0,0.0,0.0,0.0,0.0
p38085,pv,0.0,0.0,0.0,0.0,0.0
p38085,wind-ofs,0.0,0.0,0.0,0.0,0.0
p38085,wind-ons,235.0,235.0,235.0,235.0,235.0
p38089,battery,0.0,0.0,0.0,0.0,0.0
p38089,biomass,0.0,0.0,0.0,0.0,0.0
p38089,coal,0.0,0.0,0.0,0.0,0.0
p38089,gas,0.0,0.0,0.0,0.0,0.0
p38089,geothermal,0.0,0.0,0.0,0.0,0.0
p38089,h2,0.0,0.0,0.0,0.0,0.0
p38089,hydro,0.0,0.0,0.0,0.0,0.0
p38089,nuclear,0.0,0.0,0.0,0.0,0.0
p38089,pumped-hydro,0.0,0.0,0.0,0.0,0.0
p38089,pv,0.0,0.0,0.0,0.0,0.0
p38089,wind-ofs,0.0,0.0,0.0,0.0,0.0
p38089,wind-ons,331.7,331.7,331.7,331.7,331.7
p38091,battery,361.0,361.0,361.0,361.0,361.0
p38091,biomass,0.0,0.0,0.0,0.0,0.0
p38091,coal,0.0,0.0,0.0,0.0,0.0
p38091,gas,0.0,0.0,0.0,0.0,0.0
p38091,geothermal,0.0,0.0,0.0,0.0,0.0
p38091,h2,0.0,0.0,0.0,0.0,0.0
p38091,hydro,0.0,0.0,0.0,0.0,0.0
p38091,nuclear,0.0,0.0,0.0,0.0,0.0
p38091,pumped-hydro,0.0,0.0,0.0,0.0,0.0
p38091,pv,0.0,0.0,0.0,0.0,0.0
p38091,wind-ofs,0.0,0.0,0.0,0.0,0.0
p38091,wind-ons,796.3,796.3,796.3,796.3,796.3
p38093,battery,0.0,0.0,0.0,0.0,0.0
p38093,biomass,0.0,0.0,0.0,0.0,0.0
p38093,coal,0.0,0.0,0.0,0.0,0.0
p38093,gas,0.0,0.0,0.0,0.0,0.0
p38093,geothermal,0.0,0.0,0.0,0.0,0.0
p38093,h2,0.0,0.0,0.0,0.0,0.0
p38093,hydro,0.0,0.0,0.0,0.0,0.0
p38093,nuclear,0.0,0.0,0.0,0.0,0.0
p38093,pumped-hydro,0.0,0.0,0.0,0.0,0.0
p38093,pv,247.0,247.0,247.0,247.0,247.0
p38093,wind-ofs,0.0,0.0,0.0,0.0,0.0
p38093,wind-ons,650.0,650.0,650.0,650.0,650.0
p38101,battery,0.0,0.0,0.0,0.0,0.0
p38101,biomass,0.0,0.0,0.0,0.0,0.0
p38101,coal,0.0,0.0,0.0,0.0,0.0
p38101,gas,0.0,0.0,0.0,0.0,0.0
p38101,geothermal,0.0,0.0,0.0,0.0,0.0
p38101,h2,0.0,0.0,0.0,0.0,0.0
p38101,hydro,0.0,0.0,0.0,0.0,0.0
p38101,nuclear,0.0,0.0,0.0,0.0,0.0
p38101,pumped-hydro,0.0,0.0,0.0,0.0,0.0
p38101,pv,0.0,0.0,0.0,0.0,0.0
p38101,wind-ofs,0.0,0.0,0.0,0.0,0.0
p38101,wind-ons,400.0,400.0,400.0,400.0,400.0
p38105,battery,250.0,250.0,250.0,250.0,250.0
p38105,biomass,0.0,0.0,0.0,0.0,0.0
p38105,coal,0.0,0.0,0.0,0.0,0.0
p38105,gas,1838.0,1838.0,1838.0,1838.0,1838.0
p38105,geothermal,0.0,0.0,0.0,0.0,0.0
p38105,h2,0.0,0.0,0.0,0.0,0.0
p38105,hydro,0.0,0.0,0.0,0.0,0.0
p38105,nuclear,0.0,0.0,0.0,0.0,0.0
p38105,pumped-hydro,0.0,0.0,0.0,0.0,0.0
p38105,pv,0.0,0.0,0.0,0.0,0.0
p38105,wind-ofs,0.0,0.0,0.0,0.0,0.0
p38105,wind-ons,805.7,805.7,805.7,805.7,805.7
p39001,battery,0.0,0.0,0.0,0.0,0.0
p39001,biomass,0.0,0.0,0.0,0.0,0.0
p39001,coal,0.0,0.0,0.0,0.0,0.0
p39001,gas,0.0,0.0,0.0,0.0,0.0
p39001,geothermal,0.0,0.0,0.0,0.0,0.0
p39001,h2,0.0,0.0,0.0,0.0,0.0
p39001,hydro,0.0,0.0,0.0,0.0,0.0
p39001,nuclear,0.0,0.0,0.0,0.0,0.0
p39001,pumped-hydro,0.0,0.0,0.0,0.0,0.0
p39001,pv,190.4,190.4,190.4,190.4,190.4
p39001,wind-ofs,0.0,0.0,0.0,0.0,0.0
p39001,wind-ons,0.0,0.0,0.0,0.0,0.0
p39005,battery,0.0,0.0,0.0,0.0,0.0
p39005,biomass,0.0,0.0,0.0,0.0,0.0
p39005,coal,0.0,0.0,0.0,0.0,0.0
p39005,gas,0.0,0.0,0.0,0.0,0.0
p39005,geothermal,0.0,0.0,0.0,0.0,0.0
p39005,h2,0.0,0.0,0.0,0.0,0.0
p39005,hydro,0.0,0.0,0.0,0.0,0.0
p39005,nuclear,0.0,0.0,0.0,0.0,0.0
p39005,pumped-hydro,0.0,0.0,0.0,0.0,0.0
p39005,pv,34.0,34.0,34.0,34.0,34.0
p39005,wind-ofs,0.0,0.0,0.0,0.0,0.0
p39005,wind-ons,0.0,0.0,0.0,0.0,0.0
p39007,battery,0.0,0.0,0.0,0.0,0.0
p39007,biomass,0.0,0.0,0.0,0.0,0.0
p39007,coal,0.0,0.0,0.0,0.0,0.0
p39007,gas,0.0,0.0,0.0,0.0,0.0
p39007,geothermal,0.0,0.0,0.0,0.0,0.0
p39007,h2,0.0,0.0,0.0,0.0,0.0
p39007,hydro,0.0,0.0,0.0,0.0,0.0
p39007,nuclear,0.0,0.0,0.0,0.0,0.0
p39007,pumped-hydro,0.0,0.0,0.0,0.0,0.0
p39007,pv,20.0,20.0,20.0,20.0,20.0
p39007,wind-ofs,0.0,0.0,0.0,0.0,0.0
p39007,wind-ons,0.0,0.0,0.0,0.0,0.0
p39013,battery,0.0,0.0,0.0,0.0,0.0
p39013,biomass,0.0,0.0,0.0,0.0,0.0
p39013,coal,0.0,0.0,0.0,0.0,0.0
p39013,gas,0.0,0.0,0.0,0.0,0.0
p39013,geothermal,0.0,0.0,0.0,0.0,0.0
p39013,h2,0.0,0.0,0.0,0.0,0.0
p39013,hydro,0.0,0.0,0.0,0.0,0.0
p39013,nuclear,0.0,0.0,0.0,0.0,0.0
p39013,pumped-hydro,0.0,0.0,0.0,0.0,0.0
p39013,pv,150.0,150.0,150.0,150.0,150.0
p39013,wind-ofs,0.0,0.0,0.0,0.0,0.0
p39013,wind-ons,0.0,0.0,0.0,0.0,0.0
p39017,battery,0.0,0.0,0.0,0.0,0.0
p39017,biomass,0.0,0.0,0.0,0.0,0.0
p39017,coal,0.0,0.0,0.0,0.0,0.0
p39017,gas,0.0,0.0,0.0,0.0,0.0
p39017,geothermal,0.0,0.0,0.0,0.0,0.0
p39017,h2,0.0,0.0,0.0,0.0,0.0
p39017,hydro,0.0,0.0,0.0,0.0,0.0
p39017,nuclear,0.0,0.0,0.0,0.0,0.0
p39017,pumped-hydro,0.0,0.0,0.0,0.0,0.0
p39017,pv,148.8,148.8,148.8,148.8,148.8
p39017,wind-ofs,0.0,0.0,0.0,0.0,0.0
p39017,wind-ons,0.0,0.0,0.0,0.0,0.0
p39019,battery,0.0,0.0,0.0,0.0,0.0
p39019,biomass,0.0,0.0,0.0,0.0,0.0
p39019,coal,0.0,0.0,0.0,0.0,0.0
p39019,gas,0.0,0.0,0.0,0.0,0.0
p39019,geothermal,0.0,0.0,0.0,0.0,0.0
p39019,h2,0.0,0.0,0.0,0.0,0.0
p39019,hydro,0.0,0.0,0.0,0.0,0.0
p39019,nuclear,0.0,0.0,0.0,0.0,0.0
p39019,pumped-hydro,0.0,0.0,0.0,0.0,0.0
p39019,pv,80.0,80.0,80.0,80.0,80.0
p39019,wind-ofs,0.0,0.0,0.0,0.0,0.0
p39019,wind-ons,0.0,0.0,0.0,0.0,0.0
p39021,battery,40.0,40.0,40.0,40.0,40.0
p39021,biomass,0.0,0.0,0.0,0.0,0.0
p39021,coal,0.0,0.0,0.0,0.0,0.0
p39021,gas,0.0,0.0,0.0,0.0,0.0
p39021,geothermal,0.0,0.0,0.0,0.0,0.0
p39021,h2,0.0,0.0,0.0,0.0,0.0
p39021,hydro,0.0,0.0,0.0,0.0,0.0
p39021,nuclear,0.0,0.0,0.0,0.0,0.0
p39021,pumped-hydro,0.0,0.0,0.0,0.0,0.0
p39021,pv,584.52,584.52,584.52,584.52,584.52
p39021,wind-ofs,0.0,0.0,0.0,0.0,0.0
p39021,wind-ons,133.0,133.0,133.0,133.0,133.0
p39023,battery,54.0,54.0,54.0,54.0,54.0
p39023,biomass,0.0,0.0,0.0,0.0,0.0
p39023,coal,0.0,0.0,0.0,0.0,0.0
p39023,gas,0.0,0.0,0.0,0.0,0.0
p39023,geothermal,0.0,0.0,0.0,0.0,0.0
p39023,h2,0.0,0.0,0.0,0.0,0.0
p39023,hydro,0.0,0.0,0.0,0.0,0.0
p39023,nuclear,0.0,0.0,0.0,0.0,0.0
p39023,pumped-hydro,0.0,0.0,0.0,0.0,0.0
p39023,pv,171.2,171.2,171.2,171.2,171.2
p39023,wind-ofs,0.0,0.0,0.0,0.0,0.0
p39023,wind-ons,0.0,0.0,0.0,0.0,0.0
p39025,battery,250.0,250.0,250.0,250.0,250.0
p39025,biomass,0.0,0.0,0.0,0.0,0.0
p39025,coal,0.0,0.0,0.0,0.0,0.0
p39025,gas,0.0,0.0,0.0,0.0,0.0
p39025,geothermal,0.0,0.0,0.0,0.0,0.0
p39025,h2,0.0,0.0,0.0,0.0,0.0
p39025,hydro,0.0,0.0,0.0,0.0,0.0
p39025,nuclear,0.0,0.0,0.0,0.0,0.0
p39025,pumped-hydro,0.0,0.0,0.0,0.0,0.0
p39025,pv,817.4,817.4,817.4,817.4,817.4
p39025,wind-ofs,0.0,0.0,0.0,0.0,0.0
p39025,wind-ons,0.0,0.0,0.0,0.0,0.0
p39027,battery,0.0,0.0,0.0,0.0,0.0
p39027,biomass,0.0,0.0,0.0,0.0,0.0
p39027,coal,0.0,0.0,0.0,0.0,0.0
p39027,gas,0.0,0.0,0.0,0.0,0.0
p39027,geothermal,0.0,0.0,0.0,0.0,0.0
p39027,h2,0.0,0.0,0.0,0.0,0.0
p39027,hydro,0.0,0.0,0.0,0.0,0.0
p39027,nuclear,0.0,0.0,0.0,0.0,0.0
p39027,pumped-hydro,0.0,0.0,0.0,0.0,0.0
p39027,pv,721.5999999999999,721.5999999999999,721.5999999999999,721.5999999999999,721.5999999999999
p39027,wind-ofs,0.0,0.0,0.0,0.0,0.0
p39027,wind-ons,0.0,0.0,0.0,0.0,0.0
p39029,battery,0.0,0.0,0.0,0.0,0.0
p39029,biomass,0.0,0.0,0.0,0.0,0.0
p39029,coal,0.0,0.0,0.0,0.0,0.0
p39029,gas,69.0,69.0,69.0,69.0,69.0
p39029,geothermal,0.0,0.0,0.0,0.0,0.0
p39029,h2,0.0,0.0,0.0,0.0,0.0
p39029,hydro,0.0,0.0,0.0,0.0,0.0
p39029,nuclear,0.0,0.0,0.0,0.0,0.0
p39029,pumped-hydro,0.0,0.0,0.0,0.0,0.0
p39029,pv,55.5,55.5,55.5,55.5,55.5
p39029,wind-ofs,0.0,0.0,0.0,0.0,0.0
p39029,wind-ons,0.0,0.0,0.0,0.0,0.0
p39031,battery,0.0,0.0,0.0,0.0,0.0
p39031,biomass,0.0,0.0,0.0,0.0,0.0
p39031,coal,0.0,0.0,0.0,0.0,0.0
p39031,gas,0.0,0.0,0.0,0.0,0.0
p39031,geothermal,0.0,0.0,0.0,0.0,0.0
p39031,h2,0.0,0.0,0.0,0.0,0.0
p39031,hydro,0.0,0.0,0.0,0.0,0.0
p39031,nuclear,0.0,0.0,0.0,0.0,0.0
p39031,pumped-hydro,0.0,0.0,0.0,0.0,0.0
p39031,pv,0.0,0.0,0.0,0.0,0.0
p39031,wind-ofs,0.0,0.0,0.0,0.0,0.0
p39031,wind-ons,200.0,200.0,200.0,200.0,200.0
p39033,battery,0.0,0.0,0.0,0.0,0.0
p39033,biomass,0.0,0.0,0.0,0.0,0.0
p39033,coal,0.0,0.0,0.0,0.0,0.0
p39033,gas,0.0,0.0,0.0,0.0,0.0
p39033,geothermal,0.0,0.0,0.0,0.0,0.0
p39033,h2,0.0,0.0,0.0,0.0,0.0
p39033,hydro,0.0,0.0,0.0,0.0,0.0
p39033,nuclear,0.0,0.0,0.0,0.0,0.0
p39033,pumped-hydro,0.0,0.0,0.0,0.0,0.0
p39033,pv,671.99,671.99,671.99,671.99,671.99
p39033,wind-ofs,0.0,0.0,0.0,0.0,0.0
p39033,wind-ons,0.0,0.0,0.0,0.0,0.0
p39039,battery,0.0,0.0,0.0,0.0,0.0
p39039,biomass,0.0,0.0,0.0,0.0,0.0
p39039,coal,0.0,0.0,0.0,0.0,0.0
p39039,gas,0.0,0.0,0.0,0.0,0.0
p39039,geothermal,0.0,0.0,0.0,0.0,0.0
p39039,h2,0.0,0.0,0.0,0.0,0.0
p39039,hydro,0.0,0.0,0.0,0.0,0.0
p39039,nuclear,0.0,0.0,0.0,0.0,0.0
p39039,pumped-hydro,0.0,0.0,0.0,0.0,0.0
p39039,pv,219.8,219.8,219.8,219.8,219.8
p39039,wind-ofs,0.0,0.0,0.0,0.0,0.0
p39039,wind-ons,0.0,0.0,0.0,0.0,0.0
p39043,battery,0.0,0.0,0.0,0.0,0.0
p39043,biomass,0.0,0.0,0.0,0.0,0.0
p39043,coal,0.0,0.0,0.0,0.0,0.0
p39043,gas,0.0,0.0,0.0,0.0,0.0
p39043,geothermal,0.0,0.0,0.0,0.0,0.0
p39043,h2,0.0,0.0,0.0,0.0,0.0
p39043,hydro,0.0,0.0,0.0,0.0,0.0
p39043,nuclear,0.0,0.0,0.0,0.0,0.0
p39043,pumped-hydro,0.0,0.0,0.0,0.0,0.0
p39043,pv,250.0,250.0,250.0,250.0,250.0
p39043,wind-ofs,0.0,0.0,0.0,0.0,0.0
p39043,wind-ons,103.1,103.1,103.1,103.1,103.1
p39045,battery,0.0,0.0,0.0,0.0,0.0
p39045,biomass,0.0,0.0,0.0,0.0,0.0
p39045,coal,0.0,0.0,0.0,0.0,0.0
p39045,gas,0.0,0.0,0.0,0.0,0.0
p39045,geothermal,0.0,0.0,0.0,0.0,0.0
p39045,h2,0.0,0.0,0.0,0.0,0.0
p39045,hydro,0.0,0.0,0.0,0.0,0.0
p39045,nuclear,0.0,0.0,0.0,0.0,0.0
p39045,pumped-hydro,0.0,0.0,0.0,0.0,0.0
p39045,pv,1152.0,1152.0,1152.0,1152.0,1152.0
p39045,wind-ofs,0.0,0.0,0.0,0.0,0.0
p39045,wind-ons,0.0,0.0,0.0,0.0,0.0
p39047,battery,0.0,0.0,0.0,0.0,0.0
p39047,biomass,0.0,0.0,0.0,0.0,0.0
p39047,coal,0.0,0.0,0.0,0.0,0.0
p39047,gas,0.0,0.0,0.0,0.0,0.0
p39047,geothermal,0.0,0.0,0.0,0.0,0.0
p39047,h2,0.0,0.0,0.0,0.0,0.0
p39047,hydro,0.0,0.0,0.0,0.0,0.0
p39047,nuclear,0.0,0.0,0.0,0.0,0.0
p39047,pumped-hydro,0.0,0.0,0.0,0.0,0.0
p39047,pv,78.75,78.75,78.75,78.75,78.75
p39047,wind-ofs,0.0,0.0,0.0,0.0,0.0
p39047,wind-ons,0.0,0.0,0.0,0.0,0.0
p39049,battery,110.0,110.0,110.0,110.0,110.0
p39049,biomass,0.0,0.0,0.0,0.0,0.0
p39049,coal,0.0,0.0,0.0,0.0,0.0
p39049,gas,0.0,0.0,0.0,0.0,0.0
p39049,geothermal,0.0,0.0,0.0,0.0,0.0
p39049,h2,0.0,0.0,0.0,0.0,0.0
p39049,hydro,0.0,0.0,0.0,0.0,0.0
p39049,nuclear,0.0,0.0,0.0,0.0,0.0
p39049,pumped-hydro,0.0,0.0,0.0,0.0,0.0
p39049,pv,500.0,500.0,500.0,500.0,500.0
p39049,wind-ofs,0.0,0.0,0.0,0.0,0.0
p39049,wind-ons,0.0,0.0,0.0,0.0,0.0
p39051,battery,179.6,179.6,179.6,179.6,179.6
p39051,biomass,0.0,0.0,0.0,0.0,0.0
p39051,coal,0.0,0.0,0.0,0.0,0.0
p39051,gas,0.0,0.0,0.0,0.0,0.0
p39051,geothermal,0.0,0.0,0.0,0.0,0.0
p39051,h2,0.0,0.0,0.0,0.0,0.0
p39051,hydro,0.0,0.0,0.0,0.0,0.0
p39051,nuclear,0.0,0.0,0.0,0.0,0.0
p39051,pumped-hydro,0.0,0.0,0.0,0.0,0.0
p39051,pv,719.0,719.0,719.0,719.0,719.0
p39051,wind-ofs,0.0,0.0,0.0,0.0,0.0
p39051,wind-ons,0.0,0.0,0.0,0.0,0.0
p39053,battery,0.0,0.0,0.0,0.0,0.0
p39053,biomass,0.0,0.0,0.0,0.0,0.0
p39053,coal,58.0,58.0,58.0,58.0,58.0
p39053,gas,0.0,0.0,0.0,0.0,0.0
p39053,geothermal,0.0,0.0,0.0,0.0,0.0
p39053,h2,0.0,0.0,0.0,0.0,0.0
p39053,hydro,0.0,0.0,0.0,0.0,0.0
p39053,nuclear,0.0,0.0,0.0,0.0,0.0
p39053,pumped-hydro,0.0,0.0,0.0,0.0,0.0
p39053,pv,0.0,0.0,0.0,0.0,0.0
p39053,wind-ofs,0.0,0.0,0.0,0.0,0.0
p39053,wind-ons,0.0,0.0,0.0,0.0,0.0
p39057,battery,0.0,0.0,0.0,0.0,0.0
p39057,biomass,0.0,0.0,0.0,0.0,0.0
p39057,coal,0.0,0.0,0.0,0.0,0.0
p39057,gas,0.0,0.0,0.0,0.0,0.0
p39057,geothermal,0.0,0.0,0.0,0.0,0.0
p39057,h2,0.0,0.0,0.0,0.0,0.0
p39057,hydro,0.0,0.0,0.0,0.0,0.0
p39057,nuclear,0.0,0.0,0.0,0.0,0.0
p39057,pumped-hydro,0.0,0.0,0.0,0.0,0.0
p39057,pv,52.0,52.0,52.0,52.0,52.0
p39057,wind-ofs,0.0,0.0,0.0,0.0,0.0
p39057,wind-ons,0.0,0.0,0.0,0.0,0.0
p39063,battery,500.0,500.0,500.0,500.0,500.0
p39063,biomass,0.0,0.0,0.0,0.0,0.0
p39063,coal,0.0,0.0,0.0,0.0,0.0
p39063,gas,0.0,0.0,0.0,0.0,0.0
p39063,geothermal,0.0,0.0,0.0,0.0,0.0
p39063,h2,0.0,0.0,0.0,0.0,0.0
p39063,hydro,0.0,0.0,0.0,0.0,0.0
p39063,nuclear,0.0,0.0,0.0,0.0,0.0
p39063,pumped-hydro,0.0,0.0,0.0,0.0,0.0
p39063,pv,499.2,499.2,499.2,499.2,499.2
p39063,wind-ofs,0.0,0.0,0.0,0.0,0.0
p39063,wind-ons,0.0,0.0,0.0,0.0,0.0
p39065,battery,110.0,110.0,110.0,110.0,110.0
p39065,biomass,0.0,0.0,0.0,0.0,0.0
p39065,coal,0.0,0.0,0.0,0.0,0.0
p39065,gas,0.0,0.0,0.0,0.0,0.0
p39065,geothermal,0.0,0.0,0.0,0.0,0.0
p39065,h2,0.0,0.0,0.0,0.0,0.0
p39065,hydro,0.0,0.0,0.0,0.0,0.0
p39065,nuclear,0.0,0.0,0.0,0.0,0.0
p39065,pumped-hydro,0.0,0.0,0.0,0.0,0.0
p39065,pv,859.98,859.98,859.98,859.98,859.98
p39065,wind-ofs,0.0,0.0,0.0,0.0,0.0
p39065,wind-ons,31.7,31.7,31.7,31.7,31.7
p39067,battery,0.0,0.0,0.0,0.0,0.0
p39067,biomass,0.0,0.0,0.0,0.0,0.0
p39067,coal,0.0,0.0,0.0,0.0,0.0
p39067,gas,0.0,0.0,0.0,0.0,0.0
p39067,geothermal,0.0,0.0,0.0,0.0,0.0
p39067,h2,0.0,0.0,0.0,0.0,0.0
p39067,hydro,0.0,0.0,0.0,0.0,0.0
p39067,nuclear,0.0,0.0,0.0,0.0,0.0
p39067,pumped-hydro,0.0,0.0,0.0,0.0,0.0
p39067,pv,454.6,454.6,454.6,454.6,454.6
p39067,wind-ofs,0.0,0.0,0.0,0.0,0.0
p39067,wind-ons,0.0,0.0,0.0,0.0,0.0
p39069,battery,82.4,82.4,82.4,82.4,82.4
p39069,biomass,0.0,0.0,0.0,0.0,0.0
p39069,coal,0.0,0.0,0.0,0.0,0.0
p39069,gas,0.0,0.0,0.0,0.0,0.0
p39069,geothermal,0.0,0.0,0.0,0.0,0.0
p39069,h2,0.0,0.0,0.0,0.0,0.0
p39069,hydro,0.0,0.0,0.0,0.0,0.0
p39069,nuclear,0.0,0.0,0.0,0.0,0.0
p39069,pumped-hydro,0.0,0.0,0.0,0.0,0.0
p39069,pv,100.0,100.0,100.0,100.0,100.0
p39069,wind-ofs,0.0,0.0,0.0,0.0,0.0
p39069,wind-ons,0.0,0.0,0.0,0.0,0.0
p39071,battery,0.0,0.0,0.0,0.0,0.0
p39071,biomass,0.0,0.0,0.0,0.0,0.0
p39071,coal,0.0,0.0,0.0,0.0,0.0
p39071,gas,0.0,0.0,0.0,0.0,0.0
p39071,geothermal,0.0,0.0,0.0,0.0,0.0
p39071,h2,0.0,0.0,0.0,0.0,0.0
p39071,hydro,0.0,0.0,0.0,0.0,0.0
p39071,nuclear,0.0,0.0,0.0,0.0,0.0
p39071,pumped-hydro,0.0,0.0,0.0,0.0,0.0
p39071,pv,764.8,764.8,764.8,764.8,764.8
p39071,wind-ofs,0.0,0.0,0.0,0.0,0.0
p39071,wind-ons,0.0,0.0,0.0,0.0,0.0
p39077,battery,0.0,0.0,0.0,0.0,0.0
p39077,biomass,0.0,0.0,0.0,0.0,0.0
p39077,coal,0.0,0.0,0.0,0.0,0.0
p39077,gas,0.0,0.0,0.0,0.0,0.0
p39077,geothermal,0.0,0.0,0.0,0.0,0.0
p39077,h2,0.0,0.0,0.0,0.0,0.0
p39077,hydro,0.0,0.0,0.0,0.0,0.0
p39077,nuclear,0.0,0.0,0.0,0.0,0.0
p39077,pumped-hydro,0.0,0.0,0.0,0.0,0.0
p39077,pv,129.9,129.9,129.9,129.9,129.9
p39077,wind-ofs,0.0,0.0,0.0,0.0,0.0
p39077,wind-ons,0.0,0.0,0.0,0.0,0.0
p39079,battery,0.0,0.0,0.0,0.0,0.0
p39079,biomass,0.0,0.0,0.0,0.0,0.0
p39079,coal,0.0,0.0,0.0,0.0,0.0
p39079,gas,0.0,0.0,0.0,0.0,0.0
p39079,geothermal,0.0,0.0,0.0,0.0,0.0
p39079,h2,0.0,0.0,0.0,0.0,0.0
p39079,hydro,0.0,0.0,0.0,0.0,0.0
p39079,nuclear,0.0,0.0,0.0,0.0,0.0
p39079,pumped-hydro,0.0,0.0,0.0,0.0,0.0
p39079,pv,660.0,660.0,660.0,660.0,660.0
p39079,wind-ofs,0.0,0.0,0.0,0.0,0.0
p39079,wind-ons,0.0,0.0,0.0,0.0,0.0
p39081,battery,100.0,100.0,100.0,100.0,100.0
p39081,biomass,0.0,0.0,0.0,0.0,0.0
p39081,coal,0.0,0.0,0.0,0.0,0.0
p39081,gas,0.0,0.0,0.0,0.0,0.0
p39081,geothermal,0.0,0.0,0.0,0.0,0.0
p39081,h2,0.0,0.0,0.0,0.0,0.0
p39081,hydro,0.0,0.0,0.0,0.0,0.0
p39081,nuclear,0.0,0.0,0.0,0.0,0.0
p39081,pumped-hydro,0.0,0.0,0.0,0.0,0.0
p39081,pv,27.8,27.8,27.8,27.8,27.8
p39081,wind-ofs,0.0,0.0,0.0,0.0,0.0
p39081,wind-ons,0.0,0.0,0.0,0.0,0.0
p39083,battery,0.0,0.0,0.0,0.0,0.0
p39083,biomass,0.0,0.0,0.0,0.0,0.0
p39083,coal,0.0,0.0,0.0,0.0,0.0
p39083,gas,0.0,0.0,0.0,0.0,0.0
p39083,geothermal,0.0,0.0,0.0,0.0,0.0
p39083,h2,0.0,0.0,0.0,0.0,0.0
p39083,hydro,0.0,0.0,0.0,0.0,0.0
p39083,nuclear,0.0,0.0,0.0,0.0,0.0
p39083,pumped-hydro,0.0,0.0,0.0,0.0,0.0
p39083,pv,315.0,315.0,315.0,315.0,315.0
p39083,wind-ofs,0.0,0.0,0.0,0.0,0.0
p39083,wind-ons,0.0,0.0,0.0,0.0,0.0
p39089,battery,400.0,400.0,400.0,400.0,400.0
p39089,biomass,0.0,0.0,0.0,0.0,0.0
p39089,coal,0.0,0.0,0.0,0.0,0.0
p39089,gas,0.0,0.0,0.0,0.0,0.0
p39089,geothermal,0.0,0.0,0.0,0.0,0.0
p39089,h2,0.0,0.0,0.0,0.0,0.0
p39089,hydro,0.0,0.0,0.0,0.0,0.0
p39089,nuclear,0.0,0.0,0.0,0.0,0.0
p39089,pumped-hydro,0.0,0.0,0.0,0.0,0.0
p39089,pv,602.0,602.0,602.0,602.0,602.0
p39089,wind-ofs,0.0,0.0,0.0,0.0,0.0
p39089,wind-ons,0.0,0.0,0.0,0.0,0.0
p39091,battery,69.0,69.0,69.0,69.0,69.0
p39091,biomass,0.0,0.0,0.0,0.0,0.0
p39091,coal,0.0,0.0,0.0,0.0,0.0
p39091,gas,0.0,0.0,0.0,0.0,0.0
p39091,geothermal,0.0,0.0,0.0,0.0,0.0
p39091,h2,0.0,0.0,0.0,0.0,0.0
p39091,hydro,0.0,0.0,0.0,0.0,0.0
p39091,nuclear,0.0,0.0,0.0,0.0,0.0
p39091,pumped-hydro,0.0,0.0,0.0,0.0,0.0
p39091,pv,999.38,999.38,999.38,999.38,999.38
p39091,wind-ofs,0.0,0.0,0.0,0.0,0.0
p39091,wind-ons,0.0,0.0,0.0,0.0,0.0
p39093,battery,0.0,0.0,0.0,0.0,0.0
p39093,biomass,0.0,0.0,0.0,0.0,0.0
p39093,coal,0.0,0.0,0.0,0.0,0.0
p39093,gas,917.4,917.4,917.4,917.4,917.4
p39093,geothermal,0.0,0.0,0.0,0.0,0.0
p39093,h2,0.0,0.0,0.0,0.0,0.0
p39093,hydro,0.0,0.0,0.0,0.0,0.0
p39093,nuclear,0.0,0.0,0.0,0.0,0.0
p39093,pumped-hydro,0.0,0.0,0.0,0.0,0.0
p39093,pv,134.8,134.8,134.8,134.8,134.8
p39093,wind-ofs,0.0,0.0,0.0,0.0,0.0
p39093,wind-ons,0.0,0.0,0.0,0.0,0.0
p39095,battery,0.0,0.0,0.0,0.0,0.0
p39095,biomass,0.0,0.0,0.0,0.0,0.0
p39095,coal,0.0,0.0,0.0,0.0,0.0
p39095,gas,0.0,0.0,0.0,0.0,0.0
p39095,geothermal,0.0,0.0,0.0,0.0,0.0
p39095,h2,0.0,0.0,0.0,0.0,0.0
p39095,hydro,0.0,0.0,0.0,0.0,0.0
p39095,nuclear,0.0,0.0,0.0,0.0,0.0
p39095,pumped-hydro,0.0,0.0,0.0,0.0,0.0
p39095,pv,100.0,100.0,100.0,100.0,100.0
p39095,wind-ofs,0.0,0.0,0.0,0.0,0.0
p39095,wind-ons,0.0,0.0,0.0,0.0,0.0
p39097,battery,300.0,300.0,300.0,300.0,300.0
p39097,biomass,0.0,0.0,0.0,0.0,0.0
p39097,coal,0.0,0.0,0.0,0.0,0.0
p39097,gas,0.0,0.0,0.0,0.0,0.0
p39097,geothermal,0.0,0.0,0.0,0.0,0.0
p39097,h2,0.0,0.0,0.0,0.0,0.0
p39097,hydro,0.0,0.0,0.0,0.0,0.0
p39097,nuclear,0.0,0.0,0.0,0.0,0.0
p39097,pumped-hydro,0.0,0.0,0.0,0.0,0.0
p39097,pv,2028.7,2028.7,2028.7,2028.7,2028.7
p39097,wind-ofs,0.0,0.0,0.0,0.0,0.0
p39097,wind-ons,0.0,0.0,0.0,0.0,0.0
p39101,battery,0.0,0.0,0.0,0.0,0.0
p39101,biomass,0.0,0.0,0.0,0.0,0.0
p39101,coal,0.0,0.0,0.0,0.0,0.0
p39101,gas,0.0,0.0,0.0,0.0,0.0
p39101,geothermal,0.0,0.0,0.0,0.0,0.0
p39101,h2,0.0,0.0,0.0,0.0,0.0
p39101,hydro,0.0,0.0,0.0,0.0,0.0
p39101,nuclear,0.0,0.0,0.0,0.0,0.0
p39101,pumped-hydro,0.0,0.0,0.0,0.0,0.0
p39101,pv,539.15,539.15,539.15,539.15,539.15
p39101,wind-ofs,0.0,0.0,0.0,0.0,0.0
p39101,wind-ons,0.0,0.0,0.0,0.0,0.0
p39105,battery,0.0,0.0,0.0,0.0,0.0
p39105,biomass,0.0,0.0,0.0,0.0,0.0
p39105,coal,0.0,0.0,0.0,0.0,0.0
p39105,gas,0.0,0.0,0.0,0.0,0.0
p39105,geothermal,0.0,0.0,0.0,0.0,0.0
p39105,h2,0.0,0.0,0.0,0.0,0.0
p39105,hydro,0.0,0.0,0.0,0.0,0.0
p39105,nuclear,0.0,0.0,0.0,0.0,0.0
p39105,pumped-hydro,0.0,0.0,0.0,0.0,0.0
p39105,pv,145.1,145.1,145.1,145.1,145.1
p39105,wind-ofs,0.0,0.0,0.0,0.0,0.0
p39105,wind-ons,0.0,0.0,0.0,0.0,0.0
p39109,battery,54.0,54.0,54.0,54.0,54.0
p39109,biomass,0.0,0.0,0.0,0.0,0.0
p39109,coal,0.0,0.0,0.0,0.0,0.0
p39109,gas,0.0,0.0,0.0,0.0,0.0
p39109,geothermal,0.0,0.0,0.0,0.0,0.0
p39109,h2,0.0,0.0,0.0,0.0,0.0
p39109,hydro,0.0,0.0,0.0,0.0,0.0
p39109,nuclear,0.0,0.0,0.0,0.0,0.0
p39109,pumped-hydro,0.0,0.0,0.0,0.0,0.0
p39109,pv,43.52,43.52,43.52,43.52,43.52
p39109,wind-ofs,0.0,0.0,0.0,0.0,0.0
p39109,wind-ons,0.0,0.0,0.0,0.0,0.0
p39111,battery,0.0,0.0,0.0,0.0,0.0
p39111,biomass,0.0,0.0,0.0,0.0,0.0
p39111,coal,0.0,0.0,0.0,0.0,0.0
p39111,gas,20.0,20.0,20.0,20.0,20.0
p39111,geothermal,0.0,0.0,0.0,0.0,0.0
p39111,h2,0.0,0.0,0.0,0.0,0.0
p39111,hydro,0.0,0.0,0.0,0.0,0.0
p39111,nuclear,0.0,0.0,0.0,0.0,0.0
p39111,pumped-hydro,0.0,0.0,0.0,0.0,0.0
p39111,pv,0.0,0.0,0.0,0.0,0.0
p39111,wind-ofs,0.0,0.0,0.0,0.0,0.0
p39111,wind-ons,0.0,0.0,0.0,0.0,0.0
p39113,battery,170.0,170.0,170.0,170.0,170.0
p39113,biomass,0.0,0.0,0.0,0.0,0.0
p39113,coal,0.0,0.0,0.0,0.0,0.0
p39113,gas,0.0,0.0,0.0,0.0,0.0
p39113,geothermal,0.0,0.0,0.0,0.0,0.0
p39113,h2,0.0,0.0,0.0,0.0,0.0
p39113,hydro,0.0,0.0,0.0,0.0,0.0
p39113,nuclear,0.0,0.0,0.0,0.0,0.0
p39113,pumped-hydro,0.0,0.0,0.0,0.0,0.0
p39113,pv,113.0,113.0,113.0,113.0,113.0
p39113,wind-ofs,0.0,0.0,0.0,0.0,0.0
p39113,wind-ons,0.0,0.0,0.0,0.0,0.0
p39115,battery,0.0,0.0,0.0,0.0,0.0
p39115,biomass,0.0,0.0,0.0,0.0,0.0
p39115,coal,0.0,0.0,0.0,0.0,0.0
p39115,gas,0.0,0.0,0.0,0.0,0.0
p39115,geothermal,0.0,0.0,0.0,0.0,0.0
p39115,h2,0.0,0.0,0.0,0.0,0.0
p39115,hydro,0.0,0.0,0.0,0.0,0.0
p39115,nuclear,0.0,0.0,0.0,0.0,0.0
p39115,pumped-hydro,0.0,0.0,0.0,0.0,0.0
p39115,pv,125.0,125.0,125.0,125.0,125.0
p39115,wind-ofs,0.0,0.0,0.0,0.0,0.0
p39115,wind-ons,0.0,0.0,0.0,0.0,0.0
p39117,battery,100.0,100.0,100.0,100.0,100.0
p39117,biomass,0.0,0.0,0.0,0.0,0.0
p39117,coal,0.0,0.0,0.0,0.0,0.0
p39117,gas,0.0,0.0,0.0,0.0,0.0
p39117,geothermal,0.0,0.0,0.0,0.0,0.0
p39117,h2,0.0,0.0,0.0,0.0,0.0
p39117,hydro,0.0,0.0,0.0,0.0,0.0
p39117,nuclear,0.0,0.0,0.0,0.0,0.0
p39117,pumped-hydro,0.0,0.0,0.0,0.0,0.0
p39117,pv,483.7,483.7,483.7,483.7,483.7
p39117,wind-ofs,0.0,0.0,0.0,0.0,0.0
p39117,wind-ons,0.0,0.0,0.0,0.0,0.0
p39119,battery,0.0,0.0,0.0,0.0,0.0
p39119,biomass,0.0,0.0,0.0,0.0,0.0
p39119,coal,0.0,0.0,0.0,0.0,0.0
p39119,gas,0.0,0.0,0.0,0.0,0.0
p39119,geothermal,0.0,0.0,0.0,0.0,0.0
p39119,h2,0.0,0.0,0.0,0.0,0.0
p39119,hydro,0.0,0.0,0.0,0.0,0.0
p39119,nuclear,0.0,0.0,0.0,0.0,0.0
p39119,pumped-hydro,0.0,0.0,0.0,0.0,0.0
p39119,pv,0.0,0.0,0.0,0.0,0.0
p39119,wind-ofs,0.0,0.0,0.0,0.0,0.0
p39119,wind-ons,0.0,0.0,0.0,0.0,0.0
p39125,battery,100.0,100.0,100.0,100.0,100.0
p39125,biomass,0.0,0.0,0.0,0.0,0.0
p39125,coal,0.0,0.0,0.0,0.0,0.0
p39125,gas,0.0,0.0,0.0,0.0,0.0
p39125,geothermal,0.0,0.0,0.0,0.0,0.0
p39125,h2,0.0,0.0,0.0,0.0,0.0
p39125,hydro,0.0,0.0,0.0,0.0,0.0
p39125,nuclear,0.0,0.0,0.0,0.0,0.0
p39125,pumped-hydro,0.0,0.0,0.0,0.0,0.0
p39125,pv,207.856,207.856,207.856,207.856,207.856
p39125,wind-ofs,0.0,0.0,0.0,0.0,0.0
p39125,wind-ons,292.70000000000005,292.70000000000005,292.70000000000005,292.70000000000005,292.70000000000005
p39127,battery,0.0,0.0,0.0,0.0,0.0
p39127,biomass,0.0,0.0,0.0,0.0,0.0
p39127,coal,0.0,0.0,0.0,0.0,0.0
p39127,gas,0.0,0.0,0.0,0.0,0.0
p39127,geothermal,0.0,0.0,0.0,0.0,0.0
p39127,h2,0.0,0.0,0.0,0.0,0.0
p39127,hydro,0.0,0.0,0.0,0.0,0.0
p39127,nuclear,0.0,0.0,0.0,0.0,0.0
p39127,pumped-hydro,0.0,0.0,0.0,0.0,0.0
p39127,pv,80.0,80.0,80.0,80.0,80.0
p39127,wind-ofs,0.0,0.0,0.0,0.0,0.0
p39127,wind-ons,0.0,0.0,0.0,0.0,0.0
p39129,battery,150.0,150.0,150.0,150.0,150.0
p39129,biomass,0.0,0.0,0.0,0.0,0.0
p39129,coal,0.0,0.0,0.0,0.0,0.0
p39129,gas,0.0,0.0,0.0,0.0,0.0
p39129,geothermal,0.0,0.0,0.0,0.0,0.0
p39129,h2,0.0,0.0,0.0,0.0,0.0
p39129,hydro,0.0,0.0,0.0,0.0,0.0
p39129,nuclear,0.0,0.0,0.0,0.0,0.0
p39129,pumped-hydro,0.0,0.0,0.0,0.0,0.0
p39129,pv,442.2,442.2,442.2,442.2,442.2
p39129,wind-ofs,0.0,0.0,0.0,0.0,0.0
p39129,wind-ons,0.0,0.0,0.0,0.0,0.0
p39135,battery,0.0,0.0,0.0,0.0,0.0
p39135,biomass,0.0,0.0,0.0,0.0,0.0
p39135,coal,0.0,0.0,0.0,0.0,0.0
p39135,gas,0.0,0.0,0.0,0.0,0.0
p39135,geothermal,0.0,0.0,0.0,0.0,0.0
p39135,h2,0.0,0.0,0.0,0.0,0.0
p39135,hydro,0.0,0.0,0.0,0.0,0.0
p39135,nuclear,0.0,0.0,0.0,0.0,0.0
p39135,pumped-hydro,0.0,0.0,0.0,0.0,0.0
p39135,pv,126.94,126.94,126.94,126.94,126.94
p39135,wind-ofs,0.0,0.0,0.0,0.0,0.0
p39135,wind-ons,0.0,0.0,0.0,0.0,0.0
p39137,battery,0.0,0.0,0.0,0.0,0.0
p39137,biomass,0.0,0.0,0.0,0.0,0.0
p39137,coal,0.0,0.0,0.0,0.0,0.0
p39137,gas,0.0,0.0,0.0,0.0,0.0
p39137,geothermal,0.0,0.0,0.0,0.0,0.0
p39137,h2,0.0,0.0,0.0,0.0,0.0
p39137,hydro,0.0,0.0,0.0,0.0,0.0
p39137,nuclear,0.0,0.0,0.0,0.0,0.0
p39137,pumped-hydro,0.0,0.0,0.0,0.0,0.0
p39137,pv,370.956,370.956,370.956,370.956,370.956
p39137,wind-ofs,0.0,0.0,0.0,0.0,0.0
p39137,wind-ons,0.0,0.0,0.0,0.0,0.0
p39139,battery,84.0,84.0,84.0,84.0,84.0
p39139,biomass,0.0,0.0,0.0,0.0,0.0
p39139,coal,0.0,0.0,0.0,0.0,0.0
p39139,gas,0.0,0.0,0.0,0.0,0.0
p39139,geothermal,0.0,0.0,0.0,0.0,0.0
p39139,h2,0.0,0.0,0.0,0.0,0.0
p39139,hydro,0.0,0.0,0.0,0.0,0.0
p39139,nuclear,0.0,0.0,0.0,0.0,0.0
p39139,pumped-hydro,0.0,0.0,0.0,0.0,0.0
p39139,pv,0.0,0.0,0.0,0.0,0.0
p39139,wind-ofs,0.0,0.0,0.0,0.0,0.0
p39139,wind-ons,0.0,0.0,0.0,0.0,0.0
p39141,battery,0.0,0.0,0.0,0.0,0.0
p39141,biomass,0.0,0.0,0.0,0.0,0.0
p39141,coal,0.0,0.0,0.0,0.0,0.0
p39141,gas,0.0,0.0,0.0,0.0,0.0
p39141,geothermal,0.0,0.0,0.0,0.0,0.0
p39141,h2,0.0,0.0,0.0,0.0,0.0
p39141,hydro,0.0,0.0,0.0,0.0,0.0
p39141,nuclear,0.0,0.0,0.0,0.0,0.0
p39141,pumped-hydro,0.0,0.0,0.0,0.0,0.0
p39141,pv,246.0,246.0,246.0,246.0,246.0
p39141,wind-ofs,0.0,0.0,0.0,0.0,0.0
p39141,wind-ons,0.0,0.0,0.0,0.0,0.0
p39147,battery,0.0,0.0,0.0,0.0,0.0
p39147,biomass,0.0,0.0,0.0,0.0,0.0
p39147,coal,0.0,0.0,0.0,0.0,0.0
p39147,gas,0.0,0.0,0.0,0.0,0.0
p39147,geothermal,0.0,0.0,0.0,0.0,0.0
p39147,h2,0.0,0.0,0.0,0.0,0.0
p39147,hydro,0.0,0.0,0.0,0.0,0.0
p39147,nuclear,0.0,0.0,0.0,0.0,0.0
p39147,pumped-hydro,0.0,0.0,0.0,0.0,0.0
p39147,pv,207.9,207.9,207.9,207.9,207.9
p39147,wind-ofs,0.0,0.0,0.0,0.0,0.0
p39147,wind-ons,0.0,0.0,0.0,0.0,0.0
p39151,battery,0.0,0.0,0.0,0.0,0.0
p39151,biomass,0.0,0.0,0.0,0.0,0.0
p39151,coal,0.0,0.0,0.0,0.0,0.0
p39151,gas,0.0,0.0,0.0,0.0,0.0
p39151,geothermal,0.0,0.0,0.0,0.0,0.0
p39151,h2,0.0,0.0,0.0,0.0,0.0
p39151,hydro,0.0,0.0,0.0,0.0,0.0
p39151,nuclear,0.0,0.0,0.0,0.0,0.0
p39151,pumped-hydro,0.0,0.0,0.0,0.0,0.0
p39151,pv,300.0,300.0,300.0,300.0,300.0
p39151,wind-ofs,0.0,0.0,0.0,0.0,0.0
p39151,wind-ons,0.0,0.0,0.0,0.0,0.0
p39155,battery,0.0,0.0,0.0,0.0,0.0
p39155,biomass,0.0,0.0,0.0,0.0,0.0
p39155,coal,0.0,0.0,0.0,0.0,0.0
p39155,gas,1880.0,1880.0,1880.0,1880.0,1880.0
p39155,geothermal,0.0,0.0,0.0,0.0,0.0
p39155,h2,0.0,0.0,0.0,0.0,0.0
p39155,hydro,0.0,0.0,0.0,0.0,0.0
p39155,nuclear,0.0,0.0,0.0,0.0,0.0
p39155,pumped-hydro,0.0,0.0,0.0,0.0,0.0
p39155,pv,49.0,49.0,49.0,49.0,49.0
p39155,wind-ofs,0.0,0.0,0.0,0.0,0.0
p39155,wind-ons,0.0,0.0,0.0,0.0,0.0
p39159,battery,0.0,0.0,0.0,0.0,0.0
p39159,biomass,0.0,0.0,0.0,0.0,0.0
p39159,coal,0.0,0.0,0.0,0.0,0.0
p39159,gas,0.0,0.0,0.0,0.0,0.0
p39159,geothermal,0.0,0.0,0.0,0.0,0.0
p39159,h2,0.0,0.0,0.0,0.0,0.0
p39159,hydro,0.0,0.0,0.0,0.0,0.0
p39159,nuclear,0.0,0.0,0.0,0.0,0.0
p39159,pumped-hydro,0.0,0.0,0.0,0.0,0.0
p39159,pv,1074.5900000000001,1074.5900000000001,1074.5900000000001,1074.5900000000001,1074.5900000000001
p39159,wind-ofs,0.0,0.0,0.0,0.0,0.0
p39159,wind-ons,0.0,0.0,0.0,0.0,0.0
p39161,battery,100.0,100.0,100.0,100.0,100.0
p39161,biomass,0.0,0.0,0.0,0.0,0.0
p39161,coal,0.0,0.0,0.0,0.0,0.0
p39161,gas,0.0,0.0,0.0,0.0,0.0
p39161,geothermal,0.0,0.0,0.0,0.0,0.0
p39161,h2,0.0,0.0,0.0,0.0,0.0
p39161,hydro,0.0,0.0,0.0,0.0,0.0
p39161,nuclear,0.0,0.0,0.0,0.0,0.0
p39161,pumped-hydro,0.0,0.0,0.0,0.0,0.0
p39161,pv,1050.0,1050.0,1050.0,1050.0,1050.0
p39161,wind-ofs,0.0,0.0,0.0,0.0,0.0
p39161,wind-ons,0.0,0.0,0.0,0.0,0.0
p39163,battery,84.0,84.0,84.0,84.0,84.0
p39163,biomass,0.0,0.0,0.0,0.0,0.0
p39163,coal,0.0,0.0,0.0,0.0,0.0
p39163,gas,0.0,0.0,0.0,0.0,0.0
p39163,geothermal,0.0,0.0,0.0,0.0,0.0
p39163,h2,0.0,0.0,0.0,0.0,0.0
p39163,hydro,0.0,0.0,0.0,0.0,0.0
p39163,nuclear,0.0,0.0,0.0,0.0,0.0
p39163,pumped-hydro,0.0,0.0,0.0,0.0,0.0
p39163,pv,47.5,47.5,47.5,47.5,47.5
p39163,wind-ofs,0.0,0.0,0.0,0.0,0.0
p39163,wind-ons,0.0,0.0,0.0,0.0,0.0
p39169,battery,28.0,28.0,28.0,28.0,28.0
p39169,biomass,0.0,0.0,0.0,0.0,0.0
p39169,coal,0.0,0.0,0.0,0.0,0.0
p39169,gas,0.0,0.0,0.0,0.0,0.0
p39169,geothermal,0.0,0.0,0.0,0.0,0.0
p39169,h2,0.0,0.0,0.0,0.0,0.0
p39169,hydro,0.0,0.0,0.0,0.0,0.0
p39169,nuclear,0.0,0.0,0.0,0.0,0.0
p39169,pumped-hydro,0.0,0.0,0.0,0.0,0.0
p39169,pv,240.0,240.0,240.0,240.0,240.0
p39169,wind-ofs,0.0,0.0,0.0,0.0,0.0
p39169,wind-ons,0.0,0.0,0.0,0.0,0.0
p39171,battery,0.0,0.0,0.0,0.0,0.0
p39171,biomass,0.0,0.0,0.0,0.0,0.0
p39171,coal,0.0,0.0,0.0,0.0,0.0
p39171,gas,0.0,0.0,0.0,0.0,0.0
p39171,geothermal,0.0,0.0,0.0,0.0,0.0
p39171,h2,0.0,0.0,0.0,0.0,0.0
p39171,hydro,0.0,0.0,0.0,0.0,0.0
p39171,nuclear,0.0,0.0,0.0,0.0,0.0
p39171,pumped-hydro,0.0,0.0,0.0,0.0,0.0
p39171,pv,98.0,98.0,98.0,98.0,98.0
p39171,wind-ofs,0.0,0.0,0.0,0.0,0.0
p39171,wind-ons,0.0,0.0,0.0,0.0,0.0
p39173,battery,250.0,250.0,250.0,250.0,250.0
p39173,biomass,0.0,0.0,0.0,0.0,0.0
p39173,coal,0.0,0.0,0.0,0.0,0.0
p39173,gas,0.0,0.0,0.0,0.0,0.0
p39173,geothermal,0.0,0.0,0.0,0.0,0.0
p39173,h2,0.0,0.0,0.0,0.0,0.0
p39173,hydro,0.0,0.0,0.0,0.0,0.0
p39173,nuclear,0.0,0.0,0.0,0.0,0.0
p39173,pumped-hydro,0.0,0.0,0.0,0.0,0.0
p39173,pv,314.0,314.0,314.0,314.0,314.0
p39173,wind-ofs,0.0,0.0,0.0,0.0,0.0
p39173,wind-ons,0.0,0.0,0.0,0.0,0.0
p39175,battery,200.0,200.0,200.0,200.0,200.0
p39175,biomass,0.0,0.0,0.0,0.0,0.0
p39175,coal,0.0,0.0,0.0,0.0,0.0
p39175,gas,0.0,0.0,0.0,0.0,0.0
p39175,geothermal,0.0,0.0,0.0,0.0,0.0
p39175,h2,0.0,0.0,0.0,0.0,0.0
p39175,hydro,0.0,0.0,0.0,0.0,0.0
p39175,nuclear,0.0,0.0,0.0,0.0,0.0
p39175,pumped-hydro,0.0,0.0,0.0,0.0,0.0
p39175,pv,373.4,373.4,373.4,373.4,373.4
p39175,wind-ofs,0.0,0.0,0.0,0.0,0.0
p39175,wind-ons,0.0,0.0,0.0,0.0,0.0
p40003,battery,0.0,0.0,0.0,0.0,0.0
p40003,biomass,0.0,0.0,0.0,0.0,0.0
p40003,coal,0.0,0.0,0.0,0.0,0.0
p40003,gas,0.0,0.0,0.0,0.0,0.0
p40003,geothermal,0.0,0.0,0.0,0.0,0.0
p40003,h2,0.0,0.0,0.0,0.0,0.0
p40003,hydro,0.0,0.0,0.0,0.0,0.0
p40003,nuclear,0.0,0.0,0.0,0.0,0.0
p40003,pumped-hydro,0.0,0.0,0.0,0.0,0.0
p40003,pv,0.0,0.0,0.0,0.0,0.0
p40003,wind-ofs,0.0,0.0,0.0,0.0,0.0
p40003,wind-ons,352.0,352.0,352.0,352.0,352.0
p40005,battery,0.0,0.0,0.0,0.0,0.0
p40005,biomass,0.0,0.0,0.0,0.0,0.0
p40005,coal,0.0,0.0,0.0,0.0,0.0
p40005,gas,0.0,0.0,0.0,0.0,0.0
p40005,geothermal,0.0,0.0,0.0,0.0,0.0
p40005,h2,0.0,0.0,0.0,0.0,0.0
p40005,hydro,0.0,0.0,0.0,0.0,0.0
p40005,nuclear,0.0,0.0,0.0,0.0,0.0
p40005,pumped-hydro,0.0,0.0,0.0,0.0,0.0
p40005,pv,100.0,100.0,100.0,100.0,100.0
p40005,wind-ofs,0.0,0.0,0.0,0.0,0.0
p40005,wind-ons,0.0,0.0,0.0,0.0,0.0
p40007,battery,150.0,150.0,150.0,150.0,150.0
p40007,biomass,0.0,0.0,0.0,0.0,0.0
p40007,coal,0.0,0.0,0.0,0.0,0.0
p40007,gas,0.0,0.0,0.0,0.0,0.0
p40007,geothermal,0.0,0.0,0.0,0.0,0.0
p40007,h2,0.0,0.0,0.0,0.0,0.0
p40007,hydro,0.0,0.0,0.0,0.0,0.0
p40007,nuclear,0.0,0.0,0.0,0.0,0.0
p40007,pumped-hydro,0.0,0.0,0.0,0.0,0.0
p40007,pv,200.0,200.0,200.0,200.0,200.0
p40007,wind-ofs,0.0,0.0,0.0,0.0,0.0
p40007,wind-ons,0.0,0.0,0.0,0.0,0.0
p40009,battery,203.0,203.0,203.0,203.0,203.0
p40009,biomass,0.0,0.0,0.0,0.0,0.0
p40009,coal,0.0,0.0,0.0,0.0,0.0
p40009,gas,0.0,0.0,0.0,0.0,0.0
p40009,geothermal,0.0,0.0,0.0,0.0,0.0
p40009,h2,0.0,0.0,0.0,0.0,0.0
p40009,hydro,0.0,0.0,0.0,0.0,0.0
p40009,nuclear,0.0,0.0,0.0,0.0,0.0
p40009,pumped-hydro,0.0,0.0,0.0,0.0,0.0
p40009,pv,416.0,416.0,416.0,416.0,416.0
p40009,wind-ofs,0.0,0.0,0.0,0.0,0.0
p40009,wind-ons,0.0,0.0,0.0,0.0,0.0
p40011,battery,74.9,74.9,74.9,74.9,74.9
p40011,biomass,0.0,0.0,0.0,0.0,0.0
p40011,coal,0.0,0.0,0.0,0.0,0.0
p40011,gas,0.0,0.0,0.0,0.0,0.0
p40011,geothermal,0.0,0.0,0.0,0.0,0.0
p40011,h2,0.0,0.0,0.0,0.0,0.0
p40011,hydro,0.0,0.0,0.0,0.0,0.0
p40011,nuclear,0.0,0.0,0.0,0.0,0.0
p40011,pumped-hydro,0.0,0.0,0.0,0.0,0.0
p40011,pv,0.0,0.0,0.0,0.0,0.0
p40011,wind-ofs,0.0,0.0,0.0,0.0,0.0
p40011,wind-ons,0.0,0.0,0.0,0.0,0.0
p40013,battery,352.2,352.2,352.2,352.2,352.2
p40013,biomass,0.0,0.0,0.0,0.0,0.0
p40013,coal,0.0,0.0,0.0,0.0,0.0
p40013,gas,0.0,0.0,0.0,0.0,0.0
p40013,geothermal,0.0,0.0,0.0,0.0,0.0
p40013,h2,0.0,0.0,0.0,0.0,0.0
p40013,hydro,0.0,0.0,0.0,0.0,0.0
p40013,nuclear,0.0,0.0,0.0,0.0,0.0
p40013,pumped-hydro,0.0,0.0,0.0,0.0,0.0
p40013,pv,165.27800000000002,165.27800000000002,165.27800000000002,165.27800000000002,165.27800000000002
p40013,wind-ofs,0.0,0.0,0.0,0.0,0.0
p40013,wind-ons,0.0,0.0,0.0,0.0,0.0
p40015,battery,720.0,720.0,720.0,720.0,720.0
p40015,biomass,0.0,0.0,0.0,0.0,0.0
p40015,coal,0.0,0.0,0.0,0.0,0.0
p40015,gas,194.976,194.976,194.976,194.976,194.976
p40015,geothermal,0.0,0.0,0.0,0.0,0.0
p40015,h2,0.0,0.0,0.0,0.0,0.0
p40015,hydro,0.0,0.0,0.0,0.0,0.0
p40015,nuclear,0.0,0.0,0.0,0.0,0.0
p40015,pumped-hydro,0.0,0.0,0.0,0.0,0.0
p40015,pv,600.0,600.0,600.0,600.0,600.0
p40015,wind-ofs,0.0,0.0,0.0,0.0,0.0
p40015,wind-ons,230.0,230.0,230.0,230.0,230.0
p40017,battery,550.0,550.0,550.0,550.0,550.0
p40017,biomass,0.0,0.0,0.0,0.0,0.0
p40017,coal,0.0,0.0,0.0,0.0,0.0
p40017,gas,0.0,0.0,0.0,0.0,0.0
p40017,geothermal,0.0,0.0,0.0,0.0,0.0
p40017,h2,0.0,0.0,0.0,0.0,0.0
p40017,hydro,0.0,0.0,0.0,0.0,0.0
p40017,nuclear,0.0,0.0,0.0,0.0,0.0
p40017,pumped-hydro,0.0,0.0,0.0,0.0,0.0
p40017,pv,0.0,0.0,0.0,0.0,0.0
p40017,wind-ofs,0.0,0.0,0.0,0.0,0.0
p40017,wind-ons,0.0,0.0,0.0,0.0,0.0
p40019,battery,200.0,200.0,200.0,200.0,200.0
p40019,biomass,0.0,0.0,0.0,0.0,0.0
p40019,coal,0.0,0.0,0.0,0.0,0.0
p40019,gas,0.0,0.0,0.0,0.0,0.0
p40019,geothermal,0.0,0.0,0.0,0.0,0.0
p40019,h2,0.0,0.0,0.0,0.0,0.0
p40019,hydro,0.0,0.0,0.0,0.0,0.0
p40019,nuclear,0.0,0.0,0.0,0.0,0.0
p40019,pumped-hydro,0.0,0.0,0.0,0.0,0.0
p40019,pv,674.0,674.0,674.0,674.0,674.0
p40019,wind-ofs,0.0,0.0,0.0,0.0,0.0
p40019,wind-ons,0.0,0.0,0.0,0.0,0.0
p40023,battery,100.0,100.0,100.0,100.0,100.0
p40023,biomass,0.0,0.0,0.0,0.0,0.0
p40023,coal,0.0,0.0,0.0,0.0,0.0
p40023,gas,0.0,0.0,0.0,0.0,0.0
p40023,geothermal,0.0,0.0,0.0,0.0,0.0
p40023,h2,0.0,0.0,0.0,0.0,0.0
p40023,hydro,0.0,0.0,0.0,0.0,0.0
p40023,nuclear,0.0,0.0,0.0,0.0,0.0
p40023,pumped-hydro,0.0,0.0,0.0,0.0,0.0
p40023,pv,502.0,502.0,502.0,502.0,502.0
p40023,wind-ofs,0.0,0.0,0.0,0.0,0.0
p40023,wind-ons,0.0,0.0,0.0,0.0,0.0
p40027,battery,400.0,400.0,400.0,400.0,400.0
p40027,biomass,0.0,0.0,0.0,0.0,0.0
p40027,coal,0.0,0.0,0.0,0.0,0.0
p40027,gas,0.0,0.0,0.0,0.0,0.0
p40027,geothermal,0.0,0.0,0.0,0.0,0.0
p40027,h2,0.0,0.0,0.0,0.0,0.0
p40027,hydro,0.0,0.0,0.0,0.0,0.0
p40027,nuclear,0.0,0.0,0.0,0.0,0.0
p40027,pumped-hydro,0.0,0.0,0.0,0.0,0.0
p40027,pv,0.0,0.0,0.0,0.0,0.0
p40027,wind-ofs,0.0,0.0,0.0,0.0,0.0
p40027,wind-ons,0.0,0.0,0.0,0.0,0.0
p40029,battery,150.0,150.0,150.0,150.0,150.0
p40029,biomass,0.0,0.0,0.0,0.0,0.0
p40029,coal,0.0,0.0,0.0,0.0,0.0
p40029,gas,0.0,0.0,0.0,0.0,0.0
p40029,geothermal,0.0,0.0,0.0,0.0,0.0
p40029,h2,0.0,0.0,0.0,0.0,0.0
p40029,hydro,0.0,0.0,0.0,0.0,0.0
p40029,nuclear,0.0,0.0,0.0,0.0,0.0
p40029,pumped-hydro,0.0,0.0,0.0,0.0,0.0
p40029,pv,200.0,200.0,200.0,200.0,200.0
p40029,wind-ofs,0.0,0.0,0.0,0.0,0.0
p40029,wind-ons,0.0,0.0,0.0,0.0,0.0
p40031,battery,200.0,200.0,200.0,200.0,200.0
p40031,biomass,0.0,0.0,0.0,0.0,0.0
p40031,coal,0.0,0.0,0.0,0.0,0.0
p40031,gas,0.0,0.0,0.0,0.0,0.0
p40031,geothermal,0.0,0.0,0.0,0.0,0.0
p40031,h2,0.0,0.0,0.0,0.0,0.0
p40031,hydro,0.0,0.0,0.0,0.0,0.0
p40031,nuclear,0.0,0.0,0.0,0.0,0.0
p40031,pumped-hydro,0.0,0.0,0.0,0.0,0.0
p40031,pv,1000.0,1000.0,1000.0,1000.0,1000.0
p40031,wind-ofs,0.0,0.0,0.0,0.0,0.0
p40031,wind-ons,0.0,0.0,0.0,0.0,0.0
p40033,battery,0.0,0.0,0.0,0.0,0.0
p40033,biomass,0.0,0.0,0.0,0.0,0.0
p40033,coal,0.0,0.0,0.0,0.0,0.0
p40033,gas,0.0,0.0,0.0,0.0,0.0
p40033,geothermal,0.0,0.0,0.0,0.0,0.0
p40033,h2,0.0,0.0,0.0,0.0,0.0
p40033,hydro,0.0,0.0,0.0,0.0,0.0
p40033,nuclear,0.0,0.0,0.0,0.0,0.0
p40033,pumped-hydro,0.0,0.0,0.0,0.0,0.0
p40033,pv,460.0,460.0,460.0,460.0,460.0
p40033,wind-ofs,0.0,0.0,0.0,0.0,0.0
p40033,wind-ons,0.0,0.0,0.0,0.0,0.0
p40035,battery,0.0,0.0,0.0,0.0,0.0
p40035,biomass,0.0,0.0,0.0,0.0,0.0
p40035,coal,0.0,0.0,0.0,0.0,0.0
p40035,gas,0.0,0.0,0.0,0.0,0.0
p40035,geothermal,0.0,0.0,0.0,0.0,0.0
p40035,h2,0.0,0.0,0.0,0.0,0.0
p40035,hydro,0.0,0.0,0.0,0.0,0.0
p40035,nuclear,0.0,0.0,0.0,0.0,0.0
p40035,pumped-hydro,0.0,0.0,0.0,0.0,0.0
p40035,pv,148.0,148.0,148.0,148.0,148.0
p40035,wind-ofs,0.0,0.0,0.0,0.0,0.0
p40035,wind-ons,300.0,300.0,300.0,300.0,300.0
p40037,battery,353.8,353.8,353.8,353.8,353.8
p40037,biomass,0.0,0.0,0.0,0.0,0.0
p40037,coal,0.0,0.0,0.0,0.0,0.0
p40037,gas,920.0,920.0,920.0,920.0,920.0
p40037,geothermal,0.0,0.0,0.0,0.0,0.0
p40037,h2,0.0,0.0,0.0,0.0,0.0
p40037,hydro,0.0,0.0,0.0,0.0,0.0
p40037,nuclear,0.0,0.0,0.0,0.0,0.0
p40037,pumped-hydro,0.0,0.0,0.0,0.0,0.0
p40037,pv,0.0,0.0,0.0,0.0,0.0
p40037,wind-ofs,0.0,0.0,0.0,0.0,0.0
p40037,wind-ons,0.0,0.0,0.0,0.0,0.0
p40039,battery,120.0,120.0,120.0,120.0,120.0
p40039,biomass,0.0,0.0,0.0,0.0,0.0
p40039,coal,0.0,0.0,0.0,0.0,0.0
p40039,gas,0.0,0.0,0.0,0.0,0.0
p40039,geothermal,0.0,0.0,0.0,0.0,0.0
p40039,h2,0.0,0.0,0.0,0.0,0.0
p40039,hydro,0.0,0.0,0.0,0.0,0.0
p40039,nuclear,0.0,0.0,0.0,0.0,0.0
p40039,pumped-hydro,0.0,0.0,0.0,0.0,0.0
p40039,pv,0.0,0.0,0.0,0.0,0.0
p40039,wind-ofs,0.0,0.0,0.0,0.0,0.0
p40039,wind-ons,0.0,0.0,0.0,0.0,0.0
p40041,battery,0.0,0.0,0.0,0.0,0.0
p40041,biomass,0.0,0.0,0.0,0.0,0.0
p40041,coal,0.0,0.0,0.0,0.0,0.0
p40041,gas,0.0,0.0,0.0,0.0,0.0
p40041,geothermal,0.0,0.0,0.0,0.0,0.0
p40041,h2,0.0,0.0,0.0,0.0,0.0
p40041,hydro,0.0,0.0,0.0,0.0,0.0
p40041,nuclear,0.0,0.0,0.0,0.0,0.0
p40041,pumped-hydro,0.0,0.0,0.0,0.0,0.0
p40041,pv,0.0,0.0,0.0,0.0,0.0
p40041,wind-ofs,0.0,0.0,0.0,0.0,0.0
p40041,wind-ons,250.0,250.0,250.0,250.0,250.0
p40043,battery,170.0,170.0,170.0,170.0,170.0
p40043,biomass,0.0,0.0,0.0,0.0,0.0
p40043,coal,0.0,0.0,0.0,0.0,0.0
p40043,gas,0.0,0.0,0.0,0.0,0.0
p40043,geothermal,0.0,0.0,0.0,0.0,0.0
p40043,h2,0.0,0.0,0.0,0.0,0.0
p40043,hydro,0.0,0.0,0.0,0.0,0.0
p40043,nuclear,0.0,0.0,0.0,0.0,0.0
p40043,pumped-hydro,0.0,0.0,0.0,0.0,0.0
p40043,pv,0.0,0.0,0.0,0.0,0.0
p40043,wind-ofs,0.0,0.0,0.0,0.0,0.0
p40043,wind-ons,160.0,160.0,160.0,160.0,160.0
p40045,battery,0.0,0.0,0.0,0.0,0.0
p40045,biomass,0.0,0.0,0.0,0.0,0.0
p40045,coal,0.0,0.0,0.0,0.0,0.0
p40045,gas,0.0,0.0,0.0,0.0,0.0
p40045,geothermal,0.0,0.0,0.0,0.0,0.0
p40045,h2,0.0,0.0,0.0,0.0,0.0
p40045,hydro,0.0,0.0,0.0,0.0,0.0
p40045,nuclear,0.0,0.0,0.0,0.0,0.0
p40045,pumped-hydro,0.0,0.0,0.0,0.0,0.0
p40045,pv,303.6,303.6,303.6,303.6,303.6
p40045,wind-ofs,0.0,0.0,0.0,0.0,0.0
p40045,wind-ons,331.2,331.2,331.2,331.2,331.2
p40047,battery,322.0,322.0,322.0,322.0,322.0
p40047,biomass,0.0,0.0,0.0,0.0,0.0
p40047,coal,0.0,0.0,0.0,0.0,0.0
p40047,gas,0.0,0.0,0.0,0.0,0.0
p40047,geothermal,0.0,0.0,0.0,0.0,0.0
p40047,h2,0.0,0.0,0.0,0.0,0.0
p40047,hydro,0.0,0.0,0.0,0.0,0.0
p40047,nuclear,0.0,0.0,0.0,0.0,0.0
p40047,pumped-hydro,0.0,0.0,0.0,0.0,0.0
p40047,pv,500.0,500.0,500.0,500.0,500.0
p40047,wind-ofs,0.0,0.0,0.0,0.0,0.0
p40047,wind-ons,0.0,0.0,0.0,0.0,0.0
p40049,battery,150.0,150.0,150.0,150.0,150.0
p40049,biomass,0.0,0.0,0.0,0.0,0.0
p40049,coal,0.0,0.0,0.0,0.0,0.0
p40049,gas,0.0,0.0,0.0,0.0,0.0
p40049,geothermal,0.0,0.0,0.0,0.0,0.0
p40049,h2,0.0,0.0,0.0,0.0,0.0
p40049,hydro,0.0,0.0,0.0,0.0,0.0
p40049,nuclear,0.0,0.0,0.0,0.0,0.0
p40049,pumped-hydro,0.0,0.0,0.0,0.0,0.0
p40049,pv,200.0,200.0,200.0,200.0,200.0
p40049,wind-ofs,0.0,0.0,0.0,0.0,0.0
p40049,wind-ons,0.0,0.0,0.0,0.0,0.0
p40051,battery,160.0,160.0,160.0,160.0,160.0
p40051,biomass,0.0,0.0,0.0,0.0,0.0
p40051,coal,0.0,0.0,0.0,0.0,0.0
p40051,gas,0.0,0.0,0.0,0.0,0.0
p40051,geothermal,0.0,0.0,0.0,0.0,0.0
p40051,h2,0.0,0.0,0.0,0.0,0.0
p40051,hydro,0.0,0.0,0.0,0.0,0.0
p40051,nuclear,0.0,0.0,0.0,0.0,0.0
p40051,pumped-hydro,0.0,0.0,0.0,0.0,0.0
p40051,pv,1004.0,1004.0,1004.0,1004.0,1004.0
p40051,wind-ofs,0.0,0.0,0.0,0.0,0.0
p40051,wind-ons,430.0,430.0,430.0,430.0,430.0
p40061,battery,250.0,250.0,250.0,250.0,250.0
p40061,biomass,0.0,0.0,0.0,0.0,0.0
p40061,coal,0.0,0.0,0.0,0.0,0.0
p40061,gas,0.0,0.0,0.0,0.0,0.0
p40061,geothermal,0.0,0.0,0.0,0.0,0.0
p40061,h2,0.0,0.0,0.0,0.0,0.0
p40061,hydro,0.0,0.0,0.0,0.0,0.0
p40061,nuclear,0.0,0.0,0.0,0.0,0.0
p40061,pumped-hydro,0.0,0.0,0.0,0.0,0.0
p40061,pv,0.0,0.0,0.0,0.0,0.0
p40061,wind-ofs,0.0,0.0,0.0,0.0,0.0
p40061,wind-ons,0.0,0.0,0.0,0.0,0.0
p40063,battery,0.0,0.0,0.0,0.0,0.0
p40063,biomass,0.0,0.0,0.0,0.0,0.0
p40063,coal,0.0,0.0,0.0,0.0,0.0
p40063,gas,0.0,0.0,0.0,0.0,0.0
p40063,geothermal,0.0,0.0,0.0,0.0,0.0
p40063,h2,0.0,0.0,0.0,0.0,0.0
p40063,hydro,0.0,0.0,0.0,0.0,0.0
p40063,nuclear,0.0,0.0,0.0,0.0,0.0
p40063,pumped-hydro,0.0,0.0,0.0,0.0,0.0
p40063,pv,180.0,180.0,180.0,180.0,180.0
p40063,wind-ofs,0.0,0.0,0.0,0.0,0.0
p40063,wind-ons,252.0,252.0,252.0,252.0,252.0
p40065,battery,0.0,0.0,0.0,0.0,0.0
p40065,biomass,0.0,0.0,0.0,0.0,0.0
p40065,coal,0.0,0.0,0.0,0.0,0.0
p40065,gas,0.0,0.0,0.0,0.0,0.0
p40065,geothermal,0.0,0.0,0.0,0.0,0.0
p40065,h2,0.0,0.0,0.0,0.0,0.0
p40065,hydro,0.0,0.0,0.0,0.0,0.0
p40065,nuclear,0.0,0.0,0.0,0.0,0.0
p40065,pumped-hydro,0.0,0.0,0.0,0.0,0.0
p40065,pv,233.0,233.0,233.0,233.0,233.0
p40065,wind-ofs,0.0,0.0,0.0,0.0,0.0
p40065,wind-ons,0.0,0.0,0.0,0.0,0.0
p40069,battery,495.0,495.0,495.0,495.0,495.0
p40069,biomass,0.0,0.0,0.0,0.0,0.0
p40069,coal,0.0,0.0,0.0,0.0,0.0
p40069,gas,0.0,0.0,0.0,0.0,0.0
p40069,geothermal,0.0,0.0,0.0,0.0,0.0
p40069,h2,0.0,0.0,0.0,0.0,0.0
p40069,hydro,0.0,0.0,0.0,0.0,0.0
p40069,nuclear,0.0,0.0,0.0,0.0,0.0
p40069,pumped-hydro,0.0,0.0,0.0,0.0,0.0
p40069,pv,600.0,600.0,600.0,600.0,600.0
p40069,wind-ofs,0.0,0.0,0.0,0.0,0.0
p40069,wind-ons,516.0,516.0,516.0,516.0,516.0
p40071,battery,456.6,456.6,456.6,456.6,456.6
p40071,biomass,0.0,0.0,0.0,0.0,0.0
p40071,coal,0.0,0.0,0.0,0.0,0.0
p40071,gas,0.0,0.0,0.0,0.0,0.0
p40071,geothermal,0.0,0.0,0.0,0.0,0.0
p40071,h2,0.0,0.0,0.0,0.0,0.0
p40071,hydro,0.0,0.0,0.0,0.0,0.0
p40071,nuclear,0.0,0.0,0.0,0.0,0.0
p40071,pumped-hydro,0.0,0.0,0.0,0.0,0.0
p40071,pv,250.0,250.0,250.0,250.0,250.0
p40071,wind-ofs,0.0,0.0,0.0,0.0,0.0
p40071,wind-ons,469.2,469.2,469.2,469.2,469.2
p40073,battery,304.1,304.1,304.1,304.1,304.1
p40073,biomass,0.0,0.0,0.0,0.0,0.0
p40073,coal,0.0,0.0,0.0,0.0,0.0
p40073,gas,0.0,0.0,0.0,0.0,0.0
p40073,geothermal,0.0,0.0,0.0,0.0,0.0
p40073,h2,0.0,0.0,0.0,0.0,0.0
p40073,hydro,0.0,0.0,0.0,0.0,0.0
p40073,nuclear,0.0,0.0,0.0,0.0,0.0
p40073,pumped-hydro,0.0,0.0,0.0,0.0,0.0
p40073,pv,0.0,0.0,0.0,0.0,0.0
p40073,wind-ofs,0.0,0.0,0.0,0.0,0.0
p40073,wind-ons,1200.0,1200.0,1200.0,1200.0,1200.0
p40075,battery,0.0,0.0,0.0,0.0,0.0
p40075,biomass,0.0,0.0,0.0,0.0,0.0
p40075,coal,0.0,0.0,0.0,0.0,0.0
p40075,gas,0.0,0.0,0.0,0.0,0.0
p40075,geothermal,0.0,0.0,0.0,0.0,0.0
p40075,h2,0.0,0.0,0.0,0.0,0.0
p40075,hydro,0.0,0.0,0.0,0.0,0.0
p40075,nuclear,0.0,0.0,0.0,0.0,0.0
p40075,pumped-hydro,0.0,0.0,0.0,0.0,0.0
p40075,pv,200.0,200.0,200.0,200.0,200.0
p40075,wind-ofs,0.0,0.0,0.0,0.0,0.0
p40075,wind-ons,0.0,0.0,0.0,0.0,0.0
p40079,battery,0.0,0.0,0.0,0.0,0.0
p40079,biomass,0.0,0.0,0.0,0.0,0.0
p40079,coal,0.0,0.0,0.0,0.0,0.0
p40079,gas,0.0,0.0,0.0,0.0,0.0
p40079,geothermal,0.0,0.0,0.0,0.0,0.0
p40079,h2,0.0,0.0,0.0,0.0,0.0
p40079,hydro,0.0,0.0,0.0,0.0,0.0
p40079,nuclear,0.0,0.0,0.0,0.0,0.0
p40079,pumped-hydro,0.0,0.0,0.0,0.0,0.0
p40079,pv,200.0,200.0,200.0,200.0,200.0
p40079,wind-ofs,0.0,0.0,0.0,0.0,0.0
p40079,wind-ons,0.0,0.0,0.0,0.0,0.0
p40081,battery,145.0,145.0,145.0,145.0,145.0
p40081,biomass,0.0,0.0,0.0,0.0,0.0
p40081,coal,0.0,0.0,0.0,0.0,0.0
p40081,gas,0.0,0.0,0.0,0.0,0.0
p40081,geothermal,0.0,0.0,0.0,0.0,0.0
p40081,h2,0.0,0.0,0.0,0.0,0.0
p40081,hydro,0.0,0.0,0.0,0.0,0.0
p40081,nuclear,0.0,0.0,0.0,0.0,0.0
p40081,pumped-hydro,0.0,0.0,0.0,0.0,0.0
p40081,pv,263.5,263.5,263.5,263.5,263.5
p40081,wind-ofs,0.0,0.0,0.0,0.0,0.0
p40081,wind-ons,195.0,195.0,195.0,195.0,195.0
p40083,battery,150.0,150.0,150.0,150.0,150.0
p40083,biomass,0.0,0.0,0.0,0.0,0.0
p40083,coal,0.0,0.0,0.0,0.0,0.0
p40083,gas,0.0,0.0,0.0,0.0,0.0
p40083,geothermal,0.0,0.0,0.0,0.0,0.0
p40083,h2,0.0,0.0,0.0,0.0,0.0
p40083,hydro,0.0,0.0,0.0,0.0,0.0
p40083,nuclear,0.0,0.0,0.0,0.0,0.0
p40083,pumped-hydro,0.0,0.0,0.0,0.0,0.0
p40083,pv,166.0,166.0,166.0,166.0,166.0
p40083,wind-ofs,0.0,0.0,0.0,0.0,0.0
p40083,wind-ons,0.0,0.0,0.0,0.0,0.0
p40087,battery,0.0,0.0,0.0,0.0,0.0
p40087,biomass,0.0,0.0,0.0,0.0,0.0
p40087,coal,0.0,0.0,0.0,0.0,0.0
p40087,gas,495.6,495.6,495.6,495.6,495.6
p40087,geothermal,0.0,0.0,0.0,0.0,0.0
p40087,h2,0.0,0.0,0.0,0.0,0.0
p40087,hydro,0.0,0.0,0.0,0.0,0.0
p40087,nuclear,0.0,0.0,0.0,0.0,0.0
p40087,pumped-hydro,0.0,0.0,0.0,0.0,0.0
p40087,pv,0.0,0.0,0.0,0.0,0.0
p40087,wind-ofs,0.0,0.0,0.0,0.0,0.0
p40087,wind-ons,0.0,0.0,0.0,0.0,0.0
p40089,battery,150.0,150.0,150.0,150.0,150.0
p40089,biomass,0.0,0.0,0.0,0.0,0.0
p40089,coal,0.0,0.0,0.0,0.0,0.0
p40089,gas,0.0,0.0,0.0,0.0,0.0
p40089,geothermal,0.0,0.0,0.0,0.0,0.0
p40089,h2,0.0,0.0,0.0,0.0,0.0
p40089,hydro,0.0,0.0,0.0,0.0,0.0
p40089,nuclear,0.0,0.0,0.0,0.0,0.0
p40089,pumped-hydro,0.0,0.0,0.0,0.0,0.0
p40089,pv,506.6,506.6,506.6,506.6,506.6
p40089,wind-ofs,0.0,0.0,0.0,0.0,0.0
p40089,wind-ons,0.0,0.0,0.0,0.0,0.0
p40091,battery,0.0,0.0,0.0,0.0,0.0
p40091,biomass,0.0,0.0,0.0,0.0,0.0
p40091,coal,0.0,0.0,0.0,0.0,0.0
p40091,gas,0.0,0.0,0.0,0.0,0.0
p40091,geothermal,0.0,0.0,0.0,0.0,0.0
p40091,h2,0.0,0.0,0.0,0.0,0.0
p40091,hydro,0.0,0.0,0.0,0.0,0.0
p40091,nuclear,0.0,0.0,0.0,0.0,0.0
p40091,pumped-hydro,0.0,0.0,0.0,0.0,0.0
p40091,pv,0.0,0.0,0.0,0.0,0.0
p40091,wind-ofs,0.0,0.0,0.0,0.0,0.0
p40091,wind-ons,470.86,470.86,470.86,470.86,470.86
p40095,battery,200.0,200.0,200.0,200.0,200.0
p40095,biomass,0.0,0.0,0.0,0.0,0.0
p40095,coal,0.0,0.0,0.0,0.0,0.0
p40095,gas,0.0,0.0,0.0,0.0,0.0
p40095,geothermal,0.0,0.0,0.0,0.0,0.0
p40095,h2,0.0,0.0,0.0,0.0,0.0
p40095,hydro,0.0,0.0,0.0,0.0,0.0
p40095,nuclear,0.0,0.0,0.0,0.0,0.0
p40095,pumped-hydro,0.0,0.0,0.0,0.0,0.0
p40095,pv,220.0,220.0,220.0,220.0,220.0
p40095,wind-ofs,0.0,0.0,0.0,0.0,0.0
p40095,wind-ons,0.0,0.0,0.0,0.0,0.0
p40097,battery,571.2,571.2,571.2,571.2,571.2
p40097,biomass,0.0,0.0,0.0,0.0,0.0
p40097,coal,0.0,0.0,0.0,0.0,0.0
p40097,gas,204.0,204.0,204.0,204.0,204.0
p40097,geothermal,0.0,0.0,0.0,0.0,0.0
p40097,h2,0.0,0.0,0.0,0.0,0.0
p40097,hydro,0.0,0.0,0.0,0.0,0.0
p40097,nuclear,0.0,0.0,0.0,0.0,0.0
p40097,pumped-hydro,0.0,0.0,0.0,0.0,0.0
p40097,pv,1432.2,1432.2,1432.2,1432.2,1432.2
p40097,wind-ofs,0.0,0.0,0.0,0.0,0.0
p40097,wind-ons,0.0,0.0,0.0,0.0,0.0
p40101,battery,200.0,200.0,200.0,200.0,200.0
p40101,biomass,0.0,0.0,0.0,0.0,0.0
p40101,coal,0.0,0.0,0.0,0.0,0.0
p40101,gas,0.0,0.0,0.0,0.0,0.0
p40101,geothermal,0.0,0.0,0.0,0.0,0.0
p40101,h2,0.0,0.0,0.0,0.0,0.0
p40101,hydro,0.0,0.0,0.0,0.0,0.0
p40101,nuclear,0.0,0.0,0.0,0.0,0.0
p40101,pumped-hydro,0.0,0.0,0.0,0.0,0.0
p40101,pv,500.0,500.0,500.0,500.0,500.0
p40101,wind-ofs,0.0,0.0,0.0,0.0,0.0
p40101,wind-ons,0.0,0.0,0.0,0.0,0.0
p40103,battery,74.9,74.9,74.9,74.9,74.9
p40103,biomass,0.0,0.0,0.0,0.0,0.0
p40103,coal,0.0,0.0,0.0,0.0,0.0
p40103,gas,0.0,0.0,0.0,0.0,0.0
p40103,geothermal,0.0,0.0,0.0,0.0,0.0
p40103,h2,0.0,0.0,0.0,0.0,0.0
p40103,hydro,0.0,0.0,0.0,0.0,0.0
p40103,nuclear,0.0,0.0,0.0,0.0,0.0
p40103,pumped-hydro,0.0,0.0,0.0,0.0,0.0
p40103,pv,351.0,351.0,351.0,351.0,351.0
p40103,wind-ofs,0.0,0.0,0.0,0.0,0.0
p40103,wind-ons,0.0,0.0,0.0,0.0,0.0
p40105,battery,0.0,0.0,0.0,0.0,0.0
p40105,biomass,0.0,0.0,0.0,0.0,0.0
p40105,coal,0.0,0.0,0.0,0.0,0.0
p40105,gas,0.0,0.0,0.0,0.0,0.0
p40105,geothermal,0.0,0.0,0.0,0.0,0.0
p40105,h2,0.0,0.0,0.0,0.0,0.0
p40105,hydro,0.0,0.0,0.0,0.0,0.0
p40105,nuclear,0.0,0.0,0.0,0.0,0.0
p40105,pumped-hydro,0.0,0.0,0.0,0.0,0.0
p40105,pv,0.0,0.0,0.0,0.0,0.0
p40105,wind-ofs,0.0,0.0,0.0,0.0,0.0
p40105,wind-ons,1264.2,1264.2,1264.2,1264.2,1264.2
p40107,battery,0.0,0.0,0.0,0.0,0.0
p40107,biomass,0.0,0.0,0.0,0.0,0.0
p40107,coal,0.0,0.0,0.0,0.0,0.0
p40107,gas,0.0,0.0,0.0,0.0,0.0
p40107,geothermal,0.0,0.0,0.0,0.0,0.0
p40107,h2,0.0,0.0,0.0,0.0,0.0
p40107,hydro,0.0,0.0,0.0,0.0,0.0
p40107,nuclear,0.0,0.0,0.0,0.0,0.0
p40107,pumped-hydro,0.0,0.0,0.0,0.0,0.0
p40107,pv,0.0,0.0,0.0,0.0,0.0
p40107,wind-ofs,0.0,0.0,0.0,0.0,0.0
p40107,wind-ons,542.9,542.9,542.9,542.9,542.9
p40109,battery,875.0,875.0,875.0,875.0,875.0
p40109,biomass,0.0,0.0,0.0,0.0,0.0
p40109,coal,0.0,0.0,0.0,0.0,0.0
p40109,gas,1081.842,1081.842,1081.842,1081.842,1081.842
p40109,geothermal,0.0,0.0,0.0,0.0,0.0
p40109,h2,0.0,0.0,0.0,0.0,0.0
p40109,hydro,0.0,0.0,0.0,0.0,0.0
p40109,nuclear,0.0,0.0,0.0,0.0,0.0
p40109,pumped-hydro,0.0,0.0,0.0,0.0,0.0
p40109,pv,0.0,0.0,0.0,0.0,0.0
p40109,wind-ofs,0.0,0.0,0.0,0.0,0.0
p40109,wind-ons,1490.0,1490.0,1490.0,1490.0,1490.0
p40113,battery,200.0,200.0,200.0,200.0,200.0
p40113,biomass,0.0,0.0,0.0,0.0,0.0
p40113,coal,0.0,0.0,0.0,0.0,0.0
p40113,gas,0.0,0.0,0.0,0.0,0.0
p40113,geothermal,0.0,0.0,0.0,0.0,0.0
p40113,h2,0.0,0.0,0.0,0.0,0.0
p40113,hydro,0.0,0.0,0.0,0.0,0.0
p40113,nuclear,0.0,0.0,0.0,0.0,0.0
p40113,pumped-hydro,0.0,0.0,0.0,0.0,0.0
p40113,pv,0.0,0.0,0.0,0.0,0.0
p40113,wind-ofs,0.0,0.0,0.0,0.0,0.0
p40113,wind-ons,0.0,0.0,0.0,0.0,0.0
p40117,battery,150.0,150.0,150.0,150.0,150.0
p40117,biomass,0.0,0.0,0.0,0.0,0.0
p40117,coal,0.0,0.0,0.0,0.0,0.0
p40117,gas,0.0,0.0,0.0,0.0,0.0
p40117,geothermal,0.0,0.0,0.0,0.0,0.0
p40117,h2,0.0,0.0,0.0,0.0,0.0
p40117,hydro,0.0,0.0,0.0,0.0,0.0
p40117,nuclear,0.0,0.0,0.0,0.0,0.0
p40117,pumped-hydro,0.0,0.0,0.0,0.0,0.0
p40117,pv,0.0,0.0,0.0,0.0,0.0
p40117,wind-ofs,0.0,0.0,0.0,0.0,0.0
p40117,wind-ons,496.8,496.8,496.8,496.8,496.8
p40119,battery,0.0,0.0,0.0,0.0,0.0
p40119,biomass,0.0,0.0,0.0,0.0,0.0
p40119,coal,0.0,0.0,0.0,0.0,0.0
p40119,gas,920.0,920.0,920.0,920.0,920.0
p40119,geothermal,0.0,0.0,0.0,0.0,0.0
p40119,h2,0.0,0.0,0.0,0.0,0.0
p40119,hydro,0.0,0.0,0.0,0.0,0.0
p40119,nuclear,0.0,0.0,0.0,0.0,0.0
p40119,pumped-hydro,0.0,0.0,0.0,0.0,0.0
p40119,pv,353.8,353.8,353.8,353.8,353.8
p40119,wind-ofs,0.0,0.0,0.0,0.0,0.0
p40119,wind-ons,0.0,0.0,0.0,0.0,0.0
p40121,battery,0.0,0.0,0.0,0.0,0.0
p40121,biomass,0.0,0.0,0.0,0.0,0.0
p40121,coal,0.0,0.0,0.0,0.0,0.0
p40121,gas,0.0,0.0,0.0,0.0,0.0
p40121,geothermal,0.0,0.0,0.0,0.0,0.0
p40121,h2,0.0,0.0,0.0,0.0,0.0
p40121,hydro,0.0,0.0,0.0,0.0,0.0
p40121,nuclear,0.0,0.0,0.0,0.0,0.0
p40121,pumped-hydro,0.0,0.0,0.0,0.0,0.0
p40121,pv,90.824,90.824,90.824,90.824,90.824
p40121,wind-ofs,0.0,0.0,0.0,0.0,0.0
p40121,wind-ons,430.0,430.0,430.0,430.0,430.0
p40123,battery,0.0,0.0,0.0,0.0,0.0
p40123,biomass,0.0,0.0,0.0,0.0,0.0
p40123,coal,0.0,0.0,0.0,0.0,0.0
p40123,gas,0.0,0.0,0.0,0.0,0.0
p40123,geothermal,0.0,0.0,0.0,0.0,0.0
p40123,h2,0.0,0.0,0.0,0.0,0.0
p40123,hydro,0.0,0.0,0.0,0.0,0.0
p40123,nuclear,0.0,0.0,0.0,0.0,0.0
p40123,pumped-hydro,0.0,0.0,0.0,0.0,0.0
p40123,pv,0.0,0.0,0.0,0.0,0.0
p40123,wind-ofs,0.0,0.0,0.0,0.0,0.0
p40123,wind-ons,301.8,301.8,301.8,301.8,301.8
p40125,battery,150.0,150.0,150.0,150.0,150.0
p40125,biomass,0.0,0.0,0.0,0.0,0.0
p40125,coal,0.0,0.0,0.0,0.0,0.0
p40125,gas,0.0,0.0,0.0,0.0,0.0
p40125,geothermal,0.0,0.0,0.0,0.0,0.0
p40125,h2,0.0,0.0,0.0,0.0,0.0
p40125,hydro,0.0,0.0,0.0,0.0,0.0
p40125,nuclear,0.0,0.0,0.0,0.0,0.0
p40125,pumped-hydro,0.0,0.0,0.0,0.0,0.0
p40125,pv,150.0,150.0,150.0,150.0,150.0
p40125,wind-ofs,0.0,0.0,0.0,0.0,0.0
p40125,wind-ons,0.0,0.0,0.0,0.0,0.0
p40129,battery,300.0,300.0,300.0,300.0,300.0
p40129,biomass,0.0,0.0,0.0,0.0,0.0
p40129,coal,0.0,0.0,0.0,0.0,0.0
p40129,gas,0.0,0.0,0.0,0.0,0.0
p40129,geothermal,0.0,0.0,0.0,0.0,0.0
p40129,h2,0.0,0.0,0.0,0.0,0.0
p40129,hydro,0.0,0.0,0.0,0.0,0.0
p40129,nuclear,0.0,0.0,0.0,0.0,0.0
p40129,pumped-hydro,0.0,0.0,0.0,0.0,0.0
p40129,pv,0.0,0.0,0.0,0.0,0.0
p40129,wind-ofs,0.0,0.0,0.0,0.0,0.0
p40129,wind-ons,0.0,0.0,0.0,0.0,0.0
p40131,battery,200.0,200.0,200.0,200.0,200.0
p40131,biomass,0.0,0.0,0.0,0.0,0.0
p40131,coal,0.0,0.0,0.0,0.0,0.0
p40131,gas,510.0,510.0,510.0,510.0,510.0
p40131,geothermal,0.0,0.0,0.0,0.0,0.0
p40131,h2,0.0,0.0,0.0,0.0,0.0
p40131,hydro,0.0,0.0,0.0,0.0,0.0
p40131,nuclear,0.0,0.0,0.0,0.0,0.0
p40131,pumped-hydro,0.0,0.0,0.0,0.0,0.0
p40131,pv,335.0,335.0,335.0,335.0,335.0
p40131,wind-ofs,0.0,0.0,0.0,0.0,0.0
p40131,wind-ons,0.0,0.0,0.0,0.0,0.0
p40139,battery,0.0,0.0,0.0,0.0,0.0
p40139,biomass,0.0,0.0,0.0,0.0,0.0
p40139,coal,0.0,0.0,0.0,0.0,0.0
p40139,gas,0.0,0.0,0.0,0.0,0.0
p40139,geothermal,0.0,0.0,0.0,0.0,0.0
p40139,h2,0.0,0.0,0.0,0.0,0.0
p40139,hydro,0.0,0.0,0.0,0.0,0.0
p40139,nuclear,0.0,0.0,0.0,0.0,0.0
p40139,pumped-hydro,0.0,0.0,0.0,0.0,0.0
p40139,pv,205.2,205.2,205.2,205.2,205.2
p40139,wind-ofs,0.0,0.0,0.0,0.0,0.0
p40139,wind-ons,3800.0,3800.0,3800.0,3800.0,3800.0
p40141,battery,200.0,200.0,200.0,200.0,200.0
p40141,biomass,0.0,0.0,0.0,0.0,0.0
p40141,coal,0.0,0.0,0.0,0.0,0.0
p40141,gas,0.0,0.0,0.0,0.0,0.0
p40141,geothermal,0.0,0.0,0.0,0.0,0.0
p40141,h2,0.0,0.0,0.0,0.0,0.0
p40141,hydro,0.0,0.0,0.0,0.0,0.0
p40141,nuclear,0.0,0.0,0.0,0.0,0.0
p40141,pumped-hydro,0.0,0.0,0.0,0.0,0.0
p40141,pv,1374.0,1374.0,1374.0,1374.0,1374.0
p40141,wind-ofs,0.0,0.0,0.0,0.0,0.0
p40141,wind-ons,250.0,250.0,250.0,250.0,250.0
p40143,battery,600.0,600.0,600.0,600.0,600.0
p40143,biomass,0.0,0.0,0.0,0.0,0.0
p40143,coal,0.0,0.0,0.0,0.0,0.0
p40143,gas,0.0,0.0,0.0,0.0,0.0
p40143,geothermal,0.0,0.0,0.0,0.0,0.0
p40143,h2,0.0,0.0,0.0,0.0,0.0
p40143,hydro,0.0,0.0,0.0,0.0,0.0
p40143,nuclear,0.0,0.0,0.0,0.0,0.0
p40143,pumped-hydro,0.0,0.0,0.0,0.0,0.0
p40143,pv,250.0,250.0,250.0,250.0,250.0
p40143,wind-ofs,0.0,0.0,0.0,0.0,0.0
p40143,wind-ons,0.0,0.0,0.0,0.0,0.0
p40145,battery,0.0,0.0,0.0,0.0,0.0
p40145,biomass,0.0,0.0,0.0,0.0,0.0
p40145,coal,0.0,0.0,0.0,0.0,0.0
p40145,gas,0.0,0.0,0.0,0.0,0.0
p40145,geothermal,0.0,0.0,0.0,0.0,0.0
p40145,h2,0.0,0.0,0.0,0.0,0.0
p40145,hydro,0.0,0.0,0.0,0.0,0.0
p40145,nuclear,0.0,0.0,0.0,0.0,0.0
p40145,pumped-hydro,0.0,0.0,0.0,0.0,0.0
p40145,pv,803.4,803.4,803.4,803.4,803.4
p40145,wind-ofs,0.0,0.0,0.0,0.0,0.0
p40145,wind-ons,0.0,0.0,0.0,0.0,0.0
p40149,battery,0.0,0.0,0.0,0.0,0.0
p40149,biomass,0.0,0.0,0.0,0.0,0.0
p40149,coal,0.0,0.0,0.0,0.0,0.0
p40149,gas,0.0,0.0,0.0,0.0,0.0
p40149,geothermal,0.0,0.0,0.0,0.0,0.0
p40149,h2,0.0,0.0,0.0,0.0,0.0
p40149,hydro,0.0,0.0,0.0,0.0,0.0
p40149,nuclear,0.0,0.0,0.0,0.0,0.0
p40149,pumped-hydro,0.0,0.0,0.0,0.0,0.0
p40149,pv,74.1,74.1,74.1,74.1,74.1
p40149,wind-ofs,0.0,0.0,0.0,0.0,0.0
p40149,wind-ons,0.0,0.0,0.0,0.0,0.0
p40151,battery,0.0,0.0,0.0,0.0,0.0
p40151,biomass,0.0,0.0,0.0,0.0,0.0
p40151,coal,0.0,0.0,0.0,0.0,0.0
p40151,gas,0.0,0.0,0.0,0.0,0.0
p40151,geothermal,0.0,0.0,0.0,0.0,0.0
p40151,h2,0.0,0.0,0.0,0.0,0.0
p40151,hydro,0.0,0.0,0.0,0.0,0.0
p40151,nuclear,0.0,0.0,0.0,0.0,0.0
p40151,pumped-hydro,0.0,0.0,0.0,0.0,0.0
p40151,pv,1030.0,1030.0,1030.0,1030.0,1030.0
p40151,wind-ofs,0.0,0.0,0.0,0.0,0.0
p40151,wind-ons,0.0,0.0,0.0,0.0,0.0
p40153,battery,520.0,520.0,520.0,520.0,520.0
p40153,biomass,0.0,0.0,0.0,0.0,0.0
p40153,coal,0.0,0.0,0.0,0.0,0.0
p40153,gas,0.0,0.0,0.0,0.0,0.0
p40153,geothermal,0.0,0.0,0.0,0.0,0.0
p40153,h2,0.0,0.0,0.0,0.0,0.0
p40153,hydro,0.0,0.0,0.0,0.0,0.0
p40153,nuclear,0.0,0.0,0.0,0.0,0.0
p40153,pumped-hydro,0.0,0.0,0.0,0.0,0.0
p40153,pv,873.0,873.0,873.0,873.0,873.0
p40153,wind-ofs,0.0,0.0,0.0,0.0,0.0
p40153,wind-ons,628.04,628.04,628.04,628.04,628.04
p41001,battery,0.0,0.0,0.0,0.0,0.0
p41001,biomass,0.0,0.0,0.0,0.0,0.0
p41001,coal,0.0,0.0,0.0,0.0,0.0
p41001,gas,0.0,0.0,0.0,0.0,0.0
p41001,geothermal,0.0,0.0,0.0,0.0,0.0
p41001,h2,0.0,0.0,0.0,0.0,0.0
p41001,hydro,0.0,0.0,0.0,0.0,0.0
p41001,nuclear,0.0,0.0,0.0,0.0,0.0
p41001,pumped-hydro,0.0,0.0,0.0,0.0,0.0
p41001,pv,206.0,206.0,206.0,206.0,206.0
p41001,wind-ofs,0.0,0.0,0.0,0.0,0.0
p41001,wind-ons,0.0,0.0,0.0,0.0,0.0
p41003,battery,0.0,0.0,0.0,0.0,0.0
p41003,biomass,0.0,0.0,0.0,0.0,0.0
p41003,coal,0.0,0.0,0.0,0.0,0.0
p41003,gas,0.0,0.0,0.0,0.0,0.0
p41003,geothermal,0.0,0.0,0.0,0.0,0.0
p41003,h2,0.0,0.0,0.0,0.0,0.0
p41003,hydro,0.0,0.0,0.0,0.0,0.0
p41003,nuclear,0.0,0.0,0.0,0.0,0.0
p41003,pumped-hydro,0.0,0.0,0.0,0.0,0.0
p41003,pv,2.5,2.5,2.5,2.5,2.5
p41003,wind-ofs,0.0,0.0,0.0,0.0,0.0
p41003,wind-ons,0.0,0.0,0.0,0.0,0.0
p41005,battery,200.0,200.0,200.0,200.0,200.0
p41005,biomass,0.0,0.0,0.0,0.0,0.0
p41005,coal,0.0,0.0,0.0,0.0,0.0
p41005,gas,0.0,0.0,0.0,0.0,0.0
p41005,geothermal,0.0,0.0,0.0,0.0,0.0
p41005,h2,0.0,0.0,0.0,0.0,0.0
p41005,hydro,0.0,0.0,0.0,0.0,0.0
p41005,nuclear,0.0,0.0,0.0,0.0,0.0
p41005,pumped-hydro,0.0,0.0,0.0,0.0,0.0
p41005,pv,0.0,0.0,0.0,0.0,0.0
p41005,wind-ofs,0.0,0.0,0.0,0.0,0.0
p41005,wind-ons,0.0,0.0,0.0,0.0,0.0
p41009,battery,300.0,300.0,300.0,300.0,300.0
p41009,biomass,0.0,0.0,0.0,0.0,0.0
p41009,coal,0.0,0.0,0.0,0.0,0.0
p41009,gas,0.0,0.0,0.0,0.0,0.0
p41009,geothermal,0.0,0.0,0.0,0.0,0.0
p41009,h2,0.0,0.0,0.0,0.0,0.0
p41009,hydro,0.0,0.0,0.0,0.0,0.0
p41009,nuclear,0.0,0.0,0.0,0.0,0.0
p41009,pumped-hydro,0.0,0.0,0.0,0.0,0.0
p41009,pv,0.0,0.0,0.0,0.0,0.0
p41009,wind-ofs,0.0,0.0,0.0,0.0,0.0
p41009,wind-ons,600.0,600.0,600.0,600.0,600.0
p41011,battery,800.0,800.0,800.0,800.0,800.0
p41011,biomass,0.0,0.0,0.0,0.0,0.0
p41011,coal,0.0,0.0,0.0,0.0,0.0
p41011,gas,0.0,0.0,0.0,0.0,0.0
p41011,geothermal,0.0,0.0,0.0,0.0,0.0
p41011,h2,0.0,0.0,0.0,0.0,0.0
p41011,hydro,0.0,0.0,0.0,0.0,0.0
p41011,nuclear,0.0,0.0,0.0,0.0,0.0
p41011,pumped-hydro,0.0,0.0,0.0,0.0,0.0
p41011,pv,0.0,0.0,0.0,0.0,0.0
p41011,wind-ofs,0.0,0.0,0.0,0.0,0.0
p41011,wind-ons,0.0,0.0,0.0,0.0,0.0
p41013,battery,7514.55,7514.55,7514.55,7514.55,7514.55
p41013,biomass,1200.0,1200.0,1200.0,1200.0,1200.0
p41013,coal,0.0,0.0,0.0,0.0,0.0
p41013,gas,0.0,0.0,0.0,0.0,0.0
p41013,geothermal,0.0,0.0,0.0,0.0,0.0
p41013,h2,0.0,0.0,0.0,0.0,0.0
p41013,hydro,0.0,0.0,0.0,0.0,0.0
p41013,nuclear,0.0,0.0,0.0,0.0,0.0
p41013,pumped-hydro,2400.0,2400.0,2400.0,2400.0,2400.0
p41013,pv,4760.66,4760.66,4760.66,4760.66,4760.66
p41013,wind-ofs,0.0,0.0,0.0,0.0,0.0
p41013,wind-ons,0.0,0.0,0.0,0.0,0.0
p41015,battery,600.0,600.0,600.0,600.0,600.0
p41015,biomass,0.0,0.0,0.0,0.0,0.0
p41015,coal,0.0,0.0,0.0,0.0,0.0
p41015,gas,0.0,0.0,0.0,0.0,0.0
p41015,geothermal,0.0,0.0,0.0,0.0,0.0
p41015,h2,0.0,0.0,0.0,0.0,0.0
p41015,hydro,0.0,0.0,0.0,0.0,0.0
p41015,nuclear,0.0,0.0,0.0,0.0,0.0
p41015,pumped-hydro,0.0,0.0,0.0,0.0,0.0
p41015,pv,0.0,0.0,0.0,0.0,0.0
p41015,wind-ofs,0.0,0.0,0.0,0.0,0.0
p41015,wind-ons,1000.0,1000.0,1000.0,1000.0,1000.0
p41017,battery,4700.0,4700.0,4700.0,4700.0,4700.0
p41017,biomass,0.0,0.0,0.0,0.0,0.0
p41017,coal,0.0,0.0,0.0,0.0,0.0
p41017,gas,0.0,0.0,0.0,0.0,0.0
p41017,geothermal,0.0,0.0,0.0,0.0,0.0
p41017,h2,0.0,0.0,0.0,0.0,0.0
p41017,hydro,0.0,0.0,0.0,0.0,0.0
p41017,nuclear,0.0,0.0,0.0,0.0,0.0
p41017,pumped-hydro,0.0,0.0,0.0,0.0,0.0
p41017,pv,4311.0599999999995,4311.0599999999995,4311.0599999999995,4311.0599999999995,4311.0599999999995
p41017,wind-ofs,0.0,0.0,0.0,0.0,0.0
p41017,wind-ons,500.0,500.0,500.0,500.0,500.0
p41019,battery,0.0,0.0,0.0,0.0,0.0
p41019,biomass,0.0,0.0,0.0,0.0,0.0
p41019,coal,0.0,0.0,0.0,0.0,0.0
p41019,gas,0.0,0.0,0.0,0.0,0.0
p41019,geothermal,0.0,0.0,0.0,0.0,0.0
p41019,h2,0.0,0.0,0.0,0.0,0.0
p41019,hydro,0.0,0.0,0.0,0.0,0.0
p41019,nuclear,0.0,0.0,0.0,0.0,0.0
p41019,pumped-hydro,1200.0,1200.0,1200.0,1200.0,1200.0
p41019,pv,400.0,400.0,400.0,400.0,400.0
p41019,wind-ofs,0.0,0.0,0.0,0.0,0.0
p41019,wind-ons,120.0,120.0,120.0,120.0,120.0
p41021,battery,1554.0,1554.0,1554.0,1554.0,1554.0
p41021,biomass,0.0,0.0,0.0,0.0,0.0
p41021,coal,0.0,0.0,0.0,0.0,0.0
p41021,gas,0.0,0.0,0.0,0.0,0.0
p41021,geothermal,0.0,0.0,0.0,0.0,0.0
p41021,h2,0.0,0.0,0.0,0.0,0.0
p41021,hydro,0.0,0.0,0.0,0.0,0.0
p41021,nuclear,0.0,0.0,0.0,0.0,0.0
p41021,pumped-hydro,0.0,0.0,0.0,0.0,0.0
p41021,pv,475.0,475.0,475.0,475.0,475.0
p41021,wind-ofs,0.0,0.0,0.0,0.0,0.0
p41021,wind-ons,1286.3,1286.3,1286.3,1286.3,1286.3
p41025,battery,650.0,650.0,650.0,650.0,650.0
p41025,biomass,0.0,0.0,0.0,0.0,0.0
p41025,coal,0.0,0.0,0.0,0.0,0.0
p41025,gas,0.0,0.0,0.0,0.0,0.0
p41025,geothermal,0.0,0.0,0.0,0.0,0.0
p41025,h2,0.0,0.0,0.0,0.0,0.0
p41025,hydro,0.0,0.0,0.0,0.0,0.0
p41025,nuclear,0.0,0.0,0.0,0.0,0.0
p41025,pumped-hydro,0.0,0.0,0.0,0.0,0.0
p41025,pv,2855.0,2855.0,2855.0,2855.0,2855.0
p41025,wind-ofs,0.0,0.0,0.0,0.0,0.0
p41025,wind-ons,0.0,0.0,0.0,0.0,0.0
p41027,battery,0.0,0.0,0.0,0.0,0.0
p41027,biomass,0.0,0.0,0.0,0.0,0.0
p41027,coal,0.0,0.0,0.0,0.0,0.0
p41027,gas,0.0,0.0,0.0,0.0,0.0
p41027,geothermal,0.0,0.0,0.0,0.0,0.0
p41027,h2,0.0,0.0,0.0,0.0,0.0
p41027,hydro,0.0,0.0,0.0,0.0,0.0
p41027,nuclear,0.0,0.0,0.0,0.0,0.0
p41027,pumped-hydro,0.0,0.0,0.0,0.0,0.0
p41027,pv,0.0,0.0,0.0,0.0,0.0
p41027,wind-ofs,0.0,0.0,0.0,0.0,0.0
p41027,wind-ons,234.0,234.0,234.0,234.0,234.0
p41029,battery,250.0,250.0,250.0,250.0,250.0
p41029,biomass,0.0,0.0,0.0,0.0,0.0
p41029,coal,0.0,0.0,0.0,0.0,0.0
p41029,gas,0.0,0.0,0.0,0.0,0.0
p41029,geothermal,0.0,0.0,0.0,0.0,0.0
p41029,h2,0.0,0.0,0.0,0.0,0.0
p41029,hydro,0.0,0.0,0.0,0.0,0.0
p41029,nuclear,0.0,0.0,0.0,0.0,0.0
p41029,pumped-hydro,0.0,0.0,0.0,0.0,0.0
p41029,pv,3.0,3.0,3.0,3.0,3.0
p41029,wind-ofs,0.0,0.0,0.0,0.0,0.0
p41029,wind-ons,0.0,0.0,0.0,0.0,0.0
p41031,battery,900.0,900.0,900.0,900.0,900.0
p41031,biomass,0.0,0.0,0.0,0.0,0.0
p41031,coal,0.0,0.0,0.0,0.0,0.0
p41031,gas,400.0,400.0,400.0,400.0,400.0
p41031,geothermal,0.0,0.0,0.0,0.0,0.0
p41031,h2,0.0,0.0,0.0,0.0,0.0
p41031,hydro,0.0,0.0,0.0,0.0,0.0
p41031,nuclear,0.0,0.0,0.0,0.0,0.0
p41031,pumped-hydro,0.0,0.0,0.0,0.0,0.0
p41031,pv,6525.99,6525.99,6525.99,6525.99,6525.99
p41031,wind-ofs,0.0,0.0,0.0,0.0,0.0
p41031,wind-ons,1250.0,1250.0,1250.0,1250.0,1250.0
p41035,battery,4741.5,4741.5,4741.5,4741.5,4741.5
p41035,biomass,0.0,0.0,0.0,0.0,0.0
p41035,coal,0.0,0.0,0.0,0.0,0.0
p41035,gas,1100.0,1100.0,1100.0,1100.0,1100.0
p41035,geothermal,0.9,0.9,0.9,0.9,0.9
p41035,h2,0.0,0.0,0.0,0.0,0.0
p41035,hydro,0.0,0.0,0.0,0.0,0.0
p41035,nuclear,0.0,0.0,0.0,0.0,0.0
p41035,pumped-hydro,0.0,0.0,0.0,0.0,0.0
p41035,pv,6153.0,6153.0,6153.0,6153.0,6153.0
p41035,wind-ofs,0.0,0.0,0.0,0.0,0.0
p41035,wind-ons,239.0,239.0,239.0,239.0,239.0
p41037,battery,2028.0,2028.0,2028.0,2028.0,2028.0
p41037,biomass,0.0,0.0,0.0,0.0,0.0
p41037,coal,0.0,0.0,0.0,0.0,0.0
p41037,gas,0.0,0.0,0.0,0.0,0.0
p41037,geothermal,0.0,0.0,0.0,0.0,0.0
p41037,h2,0.0,0.0,0.0,0.0,0.0
p41037,hydro,0.0,0.0,0.0,0.0,0.0
p41037,nuclear,0.0,0.0,0.0,0.0,0.0
p41037,pumped-hydro,0.0,0.0,0.0,0.0,0.0
p41037,pv,4257.5,4257.5,4257.5,4257.5,4257.5
p41037,wind-ofs,0.0,0.0,0.0,0.0,0.0
p41037,wind-ons,1000.0,1000.0,1000.0,1000.0,1000.0
p41039,battery,1241.0,1241.0,1241.0,1241.0,1241.0
p41039,biomass,640.0,640.0,640.0,640.0,640.0
p41039,coal,0.0,0.0,0.0,0.0,0.0
p41039,gas,0.0,0.0,0.0,0.0,0.0
p41039,geothermal,0.0,0.0,0.0,0.0,0.0
p41039,h2,0.0,0.0,0.0,0.0,0.0
p41039,hydro,0.0,0.0,0.0,0.0,0.0
p41039,nuclear,0.0,0.0,0.0,0.0,0.0
p41039,pumped-hydro,0.0,0.0,0.0,0.0,0.0
p41039,pv,882.0,882.0,882.0,882.0,882.0
p41039,wind-ofs,0.0,0.0,0.0,0.0,0.0
p41039,wind-ons,300.0,300.0,300.0,300.0,300.0
p41041,battery,0.0,0.0,0.0,0.0,0.0
p41041,biomass,0.0,0.0,0.0,0.0,0.0
p41041,coal,0.0,0.0,0.0,0.0,0.0
p41041,gas,0.0,0.0,0.0,0.0,0.0
p41041,geothermal,0.0,0.0,0.0,0.0,0.0
p41041,h2,0.0,0.0,0.0,0.0,0.0
p41041,hydro,0.0,0.0,0.0,0.0,0.0
p41041,nuclear,0.0,0.0,0.0,0.0,0.0
p41041,pumped-hydro,0.0,0.0,0.0,0.0,0.0
p41041,pv,0.0,0.0,0.0,0.0,0.0
p41041,wind-ofs,0.0,0.0,0.0,0.0,0.0
p41041,wind-ons,0.0,0.0,0.0,0.0,0.0
p41043,battery,825.0,825.0,825.0,825.0,825.0
p41043,biomass,680.0,680.0,680.0,680.0,680.0
p41043,coal,0.0,0.0,0.0,0.0,0.0
p41043,gas,0.0,0.0,0.0,0.0,0.0
p41043,geothermal,0.0,0.0,0.0,0.0,0.0
p41043,h2,0.0,0.0,0.0,0.0,0.0
p41043,hydro,0.0,0.0,0.0,0.0,0.0
p41043,nuclear,0.0,0.0,0.0,0.0,0.0
p41043,pumped-hydro,0.0,0.0,0.0,0.0,0.0
p41043,pv,179.0,179.0,179.0,179.0,179.0
p41043,wind-ofs,0.0,0.0,0.0,0.0,0.0
p41043,wind-ons,0.0,0.0,0.0,0.0,0.0
p41045,battery,0.0,0.0,0.0,0.0,0.0
p41045,biomass,0.0,0.0,0.0,0.0,0.0
p41045,coal,0.0,0.0,0.0,0.0,0.0
p41045,gas,0.0,0.0,0.0,0.0,0.0
p41045,geothermal,0.0,0.0,0.0,0.0,0.0
p41045,h2,0.0,0.0,0.0,0.0,0.0
p41045,hydro,0.0,0.0,0.0,0.0,0.0
p41045,nuclear,0.0,0.0,0.0,0.0,0.0
p41045,pumped-hydro,0.0,0.0,0.0,0.0,0.0
p41045,pv,8.4,8.4,8.4,8.4,8.4
p41045,wind-ofs,0.0,0.0,0.0,0.0,0.0
p41045,wind-ons,0.0,0.0,0.0,0.0,0.0
p41047,battery,1349.0,1349.0,1349.0,1349.0,1349.0
p41047,biomass,0.0,0.0,0.0,0.0,0.0
p41047,coal,0.0,0.0,0.0,0.0,0.0
p41047,gas,0.0,0.0,0.0,0.0,0.0
p41047,geothermal,0.0,0.0,0.0,0.0,0.0
p41047,h2,0.0,0.0,0.0,0.0,0.0
p41047,hydro,0.0,0.0,0.0,0.0,0.0
p41047,nuclear,0.0,0.0,0.0,0.0,0.0
p41047,pumped-hydro,0.0,0.0,0.0,0.0,0.0
p41047,pv,1000.4,1000.4,1000.4,1000.4,1000.4
p41047,wind-ofs,0.0,0.0,0.0,0.0,0.0
p41047,wind-ons,0.0,0.0,0.0,0.0,0.0
p41049,battery,1719.9,1719.9,1719.9,1719.9,1719.9
p41049,biomass,0.0,0.0,0.0,0.0,0.0
p41049,coal,0.0,0.0,0.0,0.0,0.0
p41049,gas,340.0,340.0,340.0,340.0,340.0
p41049,geothermal,0.0,0.0,0.0,0.0,0.0
p41049,h2,0.0,0.0,0.0,0.0,0.0
p41049,hydro,0.0,0.0,0.0,0.0,0.0
p41049,nuclear,0.0,0.0,0.0,0.0,0.0
p41049,pumped-hydro,0.0,0.0,0.0,0.0,0.0
p41049,pv,5287.6,5287.6,5287.6,5287.6,5287.6
p41049,wind-ofs,0.0,0.0,0.0,0.0,0.0
p41049,wind-ons,540.0,540.0,540.0,540.0,540.0
p41051,battery,1170.0,1170.0,1170.0,1170.0,1170.0
p41051,biomass,0.0,0.0,0.0,0.0,0.0
p41051,coal,0.0,0.0,0.0,0.0,0.0
p41051,gas,0.0,0.0,0.0,0.0,0.0
p41051,geothermal,0.0,0.0,0.0,0.0,0.0
p41051,h2,0.0,0.0,0.0,0.0,0.0
p41051,hydro,0.0,0.0,0.0,0.0,0.0
p41051,nuclear,0.0,0.0,0.0,0.0,0.0
p41051,pumped-hydro,0.0,0.0,0.0,0.0,0.0
p41051,pv,3.4000000000000004,3.4000000000000004,3.4000000000000004,3.4000000000000004,3.4000000000000004
p41051,wind-ofs,0.0,0.0,0.0,0.0,0.0
p41051,wind-ons,0.0,0.0,0.0,0.0,0.0
p41053,battery,130.0,130.0,130.0,130.0,130.0
p41053,biomass,80.0,80.0,80.0,80.0,80.0
p41053,coal,0.0,0.0,0.0,0.0,0.0
p41053,gas,0.0,0.0,0.0,0.0,0.0
p41053,geothermal,0.0,0.0,0.0,0.0,0.0
p41053,h2,0.0,0.0,0.0,0.0,0.0
p41053,hydro,0.0,0.0,0.0,0.0,0.0
p41053,nuclear,0.0,0.0,0.0,0.0,0.0
p41053,pumped-hydro,0.0,0.0,0.0,0.0,0.0
p41053,pv,0.0,0.0,0.0,0.0,0.0
p41053,wind-ofs,0.0,0.0,0.0,0.0,0.0
p41053,wind-ons,0.0,0.0,0.0,0.0,0.0
p41055,battery,9410.0,9410.0,9410.0,9410.0,9410.0
p41055,biomass,0.0,0.0,0.0,0.0,0.0
p41055,coal,0.0,0.0,0.0,0.0,0.0
p41055,gas,0.0,0.0,0.0,0.0,0.0
p41055,geothermal,0.0,0.0,0.0,0.0,0.0
p41055,h2,0.0,0.0,0.0,0.0,0.0
p41055,hydro,0.0,0.0,0.0,0.0,0.0
p41055,nuclear,0.0,0.0,0.0,0.0,0.0
p41055,pumped-hydro,0.0,0.0,0.0,0.0,0.0
p41055,pv,8318.0,8318.0,8318.0,8318.0,8318.0
p41055,wind-ofs,0.0,0.0,0.0,0.0,0.0
p41055,wind-ons,2716.0,2716.0,2716.0,2716.0,2716.0
p41059,battery,2087.0,2087.0,2087.0,2087.0,2087.0
p41059,biomass,0.0,0.0,0.0,0.0,0.0
p41059,coal,0.0,0.0,0.0,0.0,0.0
p41059,gas,40.0,40.0,40.0,40.0,40.0
p41059,geothermal,0.0,0.0,0.0,0.0,0.0
p41059,h2,0.0,0.0,0.0,0.0,0.0
p41059,hydro,0.0,0.0,0.0,0.0,0.0
p41059,nuclear,0.0,0.0,0.0,0.0,0.0
p41059,pumped-hydro,0.0,0.0,0.0,0.0,0.0
p41059,pv,1914.97,1914.97,1914.97,1914.97,1914.97
p41059,wind-ofs,0.0,0.0,0.0,0.0,0.0
p41059,wind-ons,1336.1,1336.1,1336.1,1336.1,1336.1
p41063,battery,0.0,0.0,0.0,0.0,0.0
p41063,biomass,0.0,0.0,0.0,0.0,0.0
p41063,coal,0.0,0.0,0.0,0.0,0.0
p41063,gas,0.0,0.0,0.0,0.0,0.0
p41063,geothermal,0.0,0.0,0.0,0.0,0.0
p41063,h2,0.0,0.0,0.0,0.0,0.0
p41063,hydro,0.0,0.0,0.0,0.0,0.0
p41063,nuclear,0.0,0.0,0.0,0.0,0.0
p41063,pumped-hydro,0.0,0.0,0.0,0.0,0.0
p41063,pv,90.0,90.0,90.0,90.0,90.0
p41063,wind-ofs,0.0,0.0,0.0,0.0,0.0
p41063,wind-ons,0.0,0.0,0.0,0.0,0.0
p41065,battery,3200.0,3200.0,3200.0,3200.0,3200.0
p41065,biomass,0.0,0.0,0.0,0.0,0.0
p41065,coal,0.0,0.0,0.0,0.0,0.0
p41065,gas,0.0,0.0,0.0,0.0,0.0
p41065,geothermal,0.0,0.0,0.0,0.0,0.0
p41065,h2,0.0,0.0,0.0,0.0,0.0
p41065,hydro,0.0,0.0,0.0,0.0,0.0
p41065,nuclear,0.0,0.0,0.0,0.0,0.0
p41065,pumped-hydro,600.0,600.0,600.0,600.0,600.0
p41065,pv,1106.0,1106.0,1106.0,1106.0,1106.0
p41065,wind-ofs,0.0,0.0,0.0,0.0,0.0
p41065,wind-ons,1351.0,1351.0,1351.0,1351.0,1351.0
p41067,battery,2265.0,2265.0,2265.0,2265.0,2265.0
p41067,biomass,0.0,0.0,0.0,0.0,0.0
p41067,coal,0.0,0.0,0.0,0.0,0.0
p41067,gas,0.0,0.0,0.0,0.0,0.0
p41067,geothermal,0.0,0.0,0.0,0.0,0.0
p41067,h2,0.0,0.0,0.0,0.0,0.0
p41067,hydro,0.0,0.0,0.0,0.0,0.0
p41067,nuclear,0.0,0.0,0.0,0.0,0.0
p41067,pumped-hydro,0.0,0.0,0.0,0.0,0.0
p41067,pv,0.0,0.0,0.0,0.0,0.0
p41067,wind-ofs,0.0,0.0,0.0,0.0,0.0
p41067,wind-ons,600.0,600.0,600.0,600.0,600.0
p41071,battery,0.0,0.0,0.0,0.0,0.0
p41071,biomass,0.0,0.0,0.0,0.0,0.0
p41071,coal,0.0,0.0,0.0,0.0,0.0
p41071,gas,0.0,0.0,0.0,0.0,0.0
p41071,geothermal,0.0,0.0,0.0,0.0,0.0
p41071,h2,0.0,0.0,0.0,0.0,0.0
p41071,hydro,0.0,0.0,0.0,0.0,0.0
p41071,nuclear,0.0,0.0,0.0,0.0,0.0
p41071,pumped-hydro,0.0,0.0,0.0,0.0,0.0
p41071,pv,105.0,105.0,105.0,105.0,105.0
p41071,wind-ofs,0.0,0.0,0.0,0.0,0.0
p41071,wind-ons,0.0,0.0,0.0,0.0,0.0
p42001,battery,215.0,215.0,215.0,215.0,215.0
p42001,biomass,0.0,0.0,0.0,0.0,0.0
p42001,coal,0.0,0.0,0.0,0.0,0.0
p42001,gas,0.0,0.0,0.0,0.0,0.0
p42001,geothermal,0.0,0.0,0.0,0.0,0.0
p42001,h2,0.0,0.0,0.0,0.0,0.0
p42001,hydro,0.0,0.0,0.0,0.0,0.0
p42001,nuclear,0.0,0.0,0.0,0.0,0.0
p42001,pumped-hydro,0.0,0.0,0.0,0.0,0.0
p42001,pv,160.0,160.0,160.0,160.0,160.0
p42001,wind-ofs,0.0,0.0,0.0,0.0,0.0
p42001,wind-ons,0.0,0.0,0.0,0.0,0.0
p42003,battery,365.0,365.0,365.0,365.0,365.0
p42003,biomass,0.0,0.0,0.0,0.0,0.0
p42003,coal,0.0,0.0,0.0,0.0,0.0
p42003,gas,0.0,0.0,0.0,0.0,0.0
p42003,geothermal,0.0,0.0,0.0,0.0,0.0
p42003,h2,0.0,0.0,0.0,0.0,0.0
p42003,hydro,22.05,22.05,22.05,22.05,22.05
p42003,nuclear,0.0,0.0,0.0,0.0,0.0
p42003,pumped-hydro,0.0,0.0,0.0,0.0,0.0
p42003,pv,25.88,25.88,25.88,25.88,25.88
p42003,wind-ofs,0.0,0.0,0.0,0.0,0.0
p42003,wind-ons,109.8,109.8,109.8,109.8,109.8
p42005,battery,500.0,500.0,500.0,500.0,500.0
p42005,biomass,0.0,0.0,0.0,0.0,0.0
p42005,coal,0.0,0.0,0.0,0.0,0.0
p42005,gas,0.0,0.0,0.0,0.0,0.0
p42005,geothermal,0.0,0.0,0.0,0.0,0.0
p42005,h2,0.0,0.0,0.0,0.0,0.0
p42005,hydro,0.0,0.0,0.0,0.0,0.0
p42005,nuclear,0.0,0.0,0.0,0.0,0.0
p42005,pumped-hydro,0.0,0.0,0.0,0.0,0.0
p42005,pv,175.93,175.93,175.93,175.93,175.93
p42005,wind-ofs,0.0,0.0,0.0,0.0,0.0
p42005,wind-ons,0.0,0.0,0.0,0.0,0.0
p42007,battery,150.0,150.0,150.0,150.0,150.0
p42007,biomass,0.0,0.0,0.0,0.0,0.0
p42007,coal,0.0,0.0,0.0,0.0,0.0
p42007,gas,0.0,0.0,0.0,0.0,0.0
p42007,geothermal,0.0,0.0,0.0,0.0,0.0
p42007,h2,0.0,0.0,0.0,0.0,0.0
p42007,hydro,0.0,0.0,0.0,0.0,0.0
p42007,nuclear,0.0,0.0,0.0,0.0,0.0
p42007,pumped-hydro,0.0,0.0,0.0,0.0,0.0
p42007,pv,100.0,100.0,100.0,100.0,100.0
p42007,wind-ofs,0.0,0.0,0.0,0.0,0.0
p42007,wind-ons,0.0,0.0,0.0,0.0,0.0
p42009,battery,50.0,50.0,50.0,50.0,50.0
p42009,biomass,0.0,0.0,0.0,0.0,0.0
p42009,coal,0.0,0.0,0.0,0.0,0.0
p42009,gas,0.0,0.0,0.0,0.0,0.0
p42009,geothermal,0.0,0.0,0.0,0.0,0.0
p42009,h2,0.0,0.0,0.0,0.0,0.0
p42009,hydro,0.0,0.0,0.0,0.0,0.0
p42009,nuclear,0.0,0.0,0.0,0.0,0.0
p42009,pumped-hydro,0.0,0.0,0.0,0.0,0.0
p42009,pv,36.34,36.34,36.34,36.34,36.34
p42009,wind-ofs,0.0,0.0,0.0,0.0,0.0
p42009,wind-ons,0.0,0.0,0.0,0.0,0.0
p42011,battery,40.0,40.0,40.0,40.0,40.0
p42011,biomass,0.0,0.0,0.0,0.0,0.0
p42011,coal,0.0,0.0,0.0,0.0,0.0
p42011,gas,0.0,0.0,0.0,0.0,0.0
p42011,geothermal,0.0,0.0,0.0,0.0,0.0
p42011,h2,0.0,0.0,0.0,0.0,0.0
p42011,hydro,0.0,0.0,0.0,0.0,0.0
p42011,nuclear,0.0,0.0,0.0,0.0,0.0
p42011,pumped-hydro,0.0,0.0,0.0,0.0,0.0
p42011,pv,70.5,70.5,70.5,70.5,70.5
p42011,wind-ofs,0.0,0.0,0.0,0.0,0.0
p42011,wind-ons,0.0,0.0,0.0,0.0,0.0
p42013,battery,0.0,0.0,0.0,0.0,0.0
p42013,biomass,0.0,0.0,0.0,0.0,0.0
p42013,coal,0.0,0.0,0.0,0.0,0.0
p42013,gas,0.0,0.0,0.0,0.0,0.0
p42013,geothermal,0.0,0.0,0.0,0.0,0.0
p42013,h2,0.0,0.0,0.0,0.0,0.0
p42013,hydro,0.0,0.0,0.0,0.0,0.0
p42013,nuclear,0.0,0.0,0.0,0.0,0.0
p42013,pumped-hydro,0.0,0.0,0.0,0.0,0.0
p42013,pv,40.0,40.0,40.0,40.0,40.0
p42013,wind-ofs,0.0,0.0,0.0,0.0,0.0
p42013,wind-ons,6.8,6.8,6.8,6.8,6.8
p42015,battery,3.08,3.08,3.08,3.08,3.08
p42015,biomass,0.0,0.0,0.0,0.0,0.0
p42015,coal,0.0,0.0,0.0,0.0,0.0
p42015,gas,60.0,60.0,60.0,60.0,60.0
p42015,geothermal,0.0,0.0,0.0,0.0,0.0
p42015,h2,0.0,0.0,0.0,0.0,0.0
p42015,hydro,0.0,0.0,0.0,0.0,0.0
p42015,nuclear,0.0,0.0,0.0,0.0,0.0
p42015,pumped-hydro,0.0,0.0,0.0,0.0,0.0
p42015,pv,201.99,201.99,201.99,201.99,201.99
p42015,wind-ofs,0.0,0.0,0.0,0.0,0.0
p42015,wind-ons,0.0,0.0,0.0,0.0,0.0
p42019,battery,0.0,0.0,0.0,0.0,0.0
p42019,biomass,0.0,0.0,0.0,0.0,0.0
p42019,coal,0.0,0.0,0.0,0.0,0.0
p42019,gas,0.0,0.0,0.0,0.0,0.0
p42019,geothermal,0.0,0.0,0.0,0.0,0.0
p42019,h2,0.0,0.0,0.0,0.0,0.0
p42019,hydro,0.0,0.0,0.0,0.0,0.0
p42019,nuclear,0.0,0.0,0.0,0.0,0.0
p42019,pumped-hydro,0.0,0.0,0.0,0.0,0.0
p42019,pv,48.3,48.3,48.3,48.3,48.3
p42019,wind-ofs,0.0,0.0,0.0,0.0,0.0
p42019,wind-ons,0.0,0.0,0.0,0.0,0.0
p42021,battery,100.0,100.0,100.0,100.0,100.0
p42021,biomass,0.0,0.0,0.0,0.0,0.0
p42021,coal,0.0,0.0,0.0,0.0,0.0
p42021,gas,0.0,0.0,0.0,0.0,0.0
p42021,geothermal,0.0,0.0,0.0,0.0,0.0
p42021,h2,0.0,0.0,0.0,0.0,0.0
p42021,hydro,0.0,0.0,0.0,0.0,0.0
p42021,nuclear,0.0,0.0,0.0,0.0,0.0
p42021,pumped-hydro,0.0,0.0,0.0,0.0,0.0
p42021,pv,424.9,424.9,424.9,424.9,424.9
p42021,wind-ofs,0.0,0.0,0.0,0.0,0.0
p42021,wind-ons,326.7764,326.7764,326.7764,326.7764,326.7764
p42023,battery,0.0,0.0,0.0,0.0,0.0
p42023,biomass,0.0,0.0,0.0,0.0,0.0
p42023,coal,0.0,0.0,0.0,0.0,0.0
p42023,gas,0.0,0.0,0.0,0.0,0.0
p42023,geothermal,0.0,0.0,0.0,0.0,0.0
p42023,h2,0.0,0.0,0.0,0.0,0.0
p42023,hydro,0.0,0.0,0.0,0.0,0.0
p42023,nuclear,0.0,0.0,0.0,0.0,0.0
p42023,pumped-hydro,0.0,0.0,0.0,0.0,0.0
p42023,pv,0.0,0.0,0.0,0.0,0.0
p42023,wind-ofs,0.0,0.0,0.0,0.0,0.0
p42023,wind-ons,500.0,500.0,500.0,500.0,500.0
p42025,battery,0.0,0.0,0.0,0.0,0.0
p42025,biomass,0.0,0.0,0.0,0.0,0.0
p42025,coal,0.0,0.0,0.0,0.0,0.0
p42025,gas,0.0,0.0,0.0,0.0,0.0
p42025,geothermal,0.0,0.0,0.0,0.0,0.0
p42025,h2,0.0,0.0,0.0,0.0,0.0
p42025,hydro,0.0,0.0,0.0,0.0,0.0
p42025,nuclear,0.0,0.0,0.0,0.0,0.0
p42025,pumped-hydro,0.0,0.0,0.0,0.0,0.0
p42025,pv,212.1,212.1,212.1,212.1,212.1
p42025,wind-ofs,0.0,0.0,0.0,0.0,0.0
p42025,wind-ons,0.0,0.0,0.0,0.0,0.0
p42027,battery,0.0,0.0,0.0,0.0,0.0
p42027,biomass,0.0,0.0,0.0,0.0,0.0
p42027,coal,0.0,0.0,0.0,0.0,0.0
p42027,gas,0.0,0.0,0.0,0.0,0.0
p42027,geothermal,0.0,0.0,0.0,0.0,0.0
p42027,h2,0.0,0.0,0.0,0.0,0.0
p42027,hydro,0.0,0.0,0.0,0.0,0.0
p42027,nuclear,0.0,0.0,0.0,0.0,0.0
p42027,pumped-hydro,0.0,0.0,0.0,0.0,0.0
p42027,pv,598.78,598.78,598.78,598.78,598.78
p42027,wind-ofs,0.0,0.0,0.0,0.0,0.0
p42027,wind-ons,49.4,49.4,49.4,49.4,49.4
p42029,battery,0.0,0.0,0.0,0.0,0.0
p42029,biomass,0.0,0.0,0.0,0.0,0.0
p42029,coal,0.0,0.0,0.0,0.0,0.0
p42029,gas,0.0,0.0,0.0,0.0,0.0
p42029,geothermal,0.0,0.0,0.0,0.0,0.0
p42029,h2,0.0,0.0,0.0,0.0,0.0
p42029,hydro,0.0,0.0,0.0,0.0,0.0
p42029,nuclear,0.0,0.0,0.0,0.0,0.0
p42029,pumped-hydro,0.0,0.0,0.0,0.0,0.0
p42029,pv,5.0,5.0,5.0,5.0,5.0
p42029,wind-ofs,0.0,0.0,0.0,0.0,0.0
p42029,wind-ons,0.0,0.0,0.0,0.0,0.0
p42031,battery,0.0,0.0,0.0,0.0,0.0
p42031,biomass,0.0,0.0,0.0,0.0,0.0
p42031,coal,0.0,0.0,0.0,0.0,0.0
p42031,gas,0.0,0.0,0.0,0.0,0.0
p42031,geothermal,0.0,0.0,0.0,0.0,0.0
p42031,h2,0.0,0.0,0.0,0.0,0.0
p42031,hydro,0.0,0.0,0.0,0.0,0.0
p42031,nuclear,0.0,0.0,0.0,0.0,0.0
p42031,pumped-hydro,0.0,0.0,0.0,0.0,0.0
p42031,pv,159.28,159.28,159.28,159.28,159.28
p42031,wind-ofs,0.0,0.0,0.0,0.0,0.0
p42031,wind-ons,0.0,0.0,0.0,0.0,0.0
p42033,battery,400.0,400.0,400.0,400.0,400.0
p42033,biomass,0.0,0.0,0.0,0.0,0.0
p42033,coal,0.0,0.0,0.0,0.0,0.0
p42033,gas,0.0,0.0,0.0,0.0,0.0
p42033,geothermal,0.0,0.0,0.0,0.0,0.0
p42033,h2,0.0,0.0,0.0,0.0,0.0
p42033,hydro,0.0,0.0,0.0,0.0,0.0
p42033,nuclear,0.0,0.0,0.0,0.0,0.0
p42033,pumped-hydro,0.0,0.0,0.0,0.0,0.0
p42033,pv,1276.06,1276.06,1276.06,1276.06,1276.06
p42033,wind-ofs,0.0,0.0,0.0,0.0,0.0
p42033,wind-ons,219.8,219.8,219.8,219.8,219.8
p42035,battery,0.0,0.0,0.0,0.0,0.0
p42035,biomass,0.0,0.0,0.0,0.0,0.0
p42035,coal,0.0,0.0,0.0,0.0,0.0
p42035,gas,0.0,0.0,0.0,0.0,0.0
p42035,geothermal,0.0,0.0,0.0,0.0,0.0
p42035,h2,0.0,0.0,0.0,0.0,0.0
p42035,hydro,0.0,0.0,0.0,0.0,0.0
p42035,nuclear,0.0,0.0,0.0,0.0,0.0
p42035,pumped-hydro,0.0,0.0,0.0,0.0,0.0
p42035,pv,120.0,120.0,120.0,120.0,120.0
p42035,wind-ofs,0.0,0.0,0.0,0.0,0.0
p42035,wind-ons,0.0,0.0,0.0,0.0,0.0
p42037,battery,0.0,0.0,0.0,0.0,0.0
p42037,biomass,0.0,0.0,0.0,0.0,0.0
p42037,coal,0.0,0.0,0.0,0.0,0.0
p42037,gas,0.0,0.0,0.0,0.0,0.0
p42037,geothermal,0.0,0.0,0.0,0.0,0.0
p42037,h2,0.0,0.0,0.0,0.0,0.0
p42037,hydro,0.0,0.0,0.0,0.0,0.0
p42037,nuclear,0.0,0.0,0.0,0.0,0.0
p42037,pumped-hydro,0.0,0.0,0.0,0.0,0.0
p42037,pv,79.2,79.2,79.2,79.2,79.2
p42037,wind-ofs,0.0,0.0,0.0,0.0,0.0
p42037,wind-ons,0.0,0.0,0.0,0.0,0.0
p42039,battery,50.0,50.0,50.0,50.0,50.0
p42039,biomass,0.0,0.0,0.0,0.0,0.0
p42039,coal,0.0,0.0,0.0,0.0,0.0
p42039,gas,0.0,0.0,0.0,0.0,0.0
p42039,geothermal,0.0,0.0,0.0,0.0,0.0
p42039,h2,0.0,0.0,0.0,0.0,0.0
p42039,hydro,0.0,0.0,0.0,0.0,0.0
p42039,nuclear,0.0,0.0,0.0,0.0,0.0
p42039,pumped-hydro,0.0,0.0,0.0,0.0,0.0
p42039,pv,367.86,367.86,367.86,367.86,367.86
p42039,wind-ofs,0.0,0.0,0.0,0.0,0.0
p42039,wind-ons,0.0,0.0,0.0,0.0,0.0
p42041,battery,0.0,0.0,0.0,0.0,0.0
p42041,biomass,0.0,0.0,0.0,0.0,0.0
p42041,coal,0.0,0.0,0.0,0.0,0.0
p42041,gas,0.0,0.0,0.0,0.0,0.0
p42041,geothermal,0.0,0.0,0.0,0.0,0.0
p42041,h2,0.0,0.0,0.0,0.0,0.0
p42041,hydro,0.0,0.0,0.0,0.0,0.0
p42041,nuclear,0.0,0.0,0.0,0.0,0.0
p42041,pumped-hydro,0.0,0.0,0.0,0.0,0.0
p42041,pv,40.0,40.0,40.0,40.0,40.0
p42041,wind-ofs,0.0,0.0,0.0,0.0,0.0
p42041,wind-ons,0.0,0.0,0.0,0.0,0.0
p42043,battery,0.0,0.0,0.0,0.0,0.0
p42043,biomass,0.0,0.0,0.0,0.0,0.0
p42043,coal,0.0,0.0,0.0,0.0,0.0
p42043,gas,0.0,0.0,0.0,0.0,0.0
p42043,geothermal,0.0,0.0,0.0,0.0,0.0
p42043,h2,0.0,0.0,0.0,0.0,0.0
p42043,hydro,0.0,0.0,0.0,0.0,0.0
p42043,nuclear,0.0,0.0,0.0,0.0,0.0
p42043,pumped-hydro,0.0,0.0,0.0,0.0,0.0
p42043,pv,110.0,110.0,110.0,110.0,110.0
p42043,wind-ofs,0.0,0.0,0.0,0.0,0.0
p42043,wind-ons,0.0,0.0,0.0,0.0,0.0
p42045,battery,0.0,0.0,0.0,0.0,0.0
p42045,biomass,0.0,0.0,0.0,0.0,0.0
p42045,coal,0.0,0.0,0.0,0.0,0.0
p42045,gas,0.0,0.0,0.0,0.0,0.0
p42045,geothermal,0.0,0.0,0.0,0.0,0.0
p42045,h2,0.0,0.0,0.0,0.0,0.0
p42045,hydro,0.0,0.0,0.0,0.0,0.0
p42045,nuclear,0.0,0.0,0.0,0.0,0.0
p42045,pumped-hydro,0.0,0.0,0.0,0.0,0.0
p42045,pv,19.8,19.8,19.8,19.8,19.8
p42045,wind-ofs,0.0,0.0,0.0,0.0,0.0
p42045,wind-ons,0.0,0.0,0.0,0.0,0.0
p42047,battery,0.0,0.0,0.0,0.0,0.0
p42047,biomass,0.0,0.0,0.0,0.0,0.0
p42047,coal,0.0,0.0,0.0,0.0,0.0
p42047,gas,0.0,0.0,0.0,0.0,0.0
p42047,geothermal,0.0,0.0,0.0,0.0,0.0
p42047,h2,0.0,0.0,0.0,0.0,0.0
p42047,hydro,0.0,0.0,0.0,0.0,0.0
p42047,nuclear,0.0,0.0,0.0,0.0,0.0
p42047,pumped-hydro,0.0,0.0,0.0,0.0,0.0
p42047,pv,764.0,764.0,764.0,764.0,764.0
p42047,wind-ofs,0.0,0.0,0.0,0.0,0.0
p42047,wind-ons,0.0,0.0,0.0,0.0,0.0
p42049,battery,130.0,130.0,130.0,130.0,130.0
p42049,biomass,0.0,0.0,0.0,0.0,0.0
p42049,coal,0.0,0.0,0.0,0.0,0.0
p42049,gas,0.0,0.0,0.0,0.0,0.0
p42049,geothermal,0.0,0.0,0.0,0.0,0.0
p42049,h2,0.0,0.0,0.0,0.0,0.0
p42049,hydro,0.0,0.0,0.0,0.0,0.0
p42049,nuclear,0.0,0.0,0.0,0.0,0.0
p42049,pumped-hydro,0.0,0.0,0.0,0.0,0.0
p42049,pv,473.53,473.53,473.53,473.53,473.53
p42049,wind-ofs,0.0,0.0,0.0,0.0,0.0
p42049,wind-ons,0.0,0.0,0.0,0.0,0.0
p42051,battery,360.0,360.0,360.0,360.0,360.0
p42051,biomass,0.0,0.0,0.0,0.0,0.0
p42051,coal,0.0,0.0,0.0,0.0,0.0
p42051,gas,0.0,0.0,0.0,0.0,0.0
p42051,geothermal,0.0,0.0,0.0,0.0,0.0
p42051,h2,0.0,0.0,0.0,0.0,0.0
p42051,hydro,0.0,0.0,0.0,0.0,0.0
p42051,nuclear,0.0,0.0,0.0,0.0,0.0
p42051,pumped-hydro,0.0,0.0,0.0,0.0,0.0
p42051,pv,97.1,97.1,97.1,97.1,97.1
p42051,wind-ofs,0.0,0.0,0.0,0.0,0.0
p42051,wind-ons,0.0,0.0,0.0,0.0,0.0
p42055,battery,20.0,20.0,20.0,20.0,20.0
p42055,biomass,0.0,0.0,0.0,0.0,0.0
p42055,coal,0.0,0.0,0.0,0.0,0.0
p42055,gas,0.0,0.0,0.0,0.0,0.0
p42055,geothermal,0.0,0.0,0.0,0.0,0.0
p42055,h2,0.0,0.0,0.0,0.0,0.0
p42055,hydro,0.0,0.0,0.0,0.0,0.0
p42055,nuclear,0.0,0.0,0.0,0.0,0.0
p42055,pumped-hydro,0.0,0.0,0.0,0.0,0.0
p42055,pv,267.1,267.1,267.1,267.1,267.1
p42055,wind-ofs,0.0,0.0,0.0,0.0,0.0
p42055,wind-ons,0.0,0.0,0.0,0.0,0.0
p42057,battery,0.0,0.0,0.0,0.0,0.0
p42057,biomass,0.0,0.0,0.0,0.0,0.0
p42057,coal,0.0,0.0,0.0,0.0,0.0
p42057,gas,0.0,0.0,0.0,0.0,0.0
p42057,geothermal,0.0,0.0,0.0,0.0,0.0
p42057,h2,0.0,0.0,0.0,0.0,0.0
p42057,hydro,0.0,0.0,0.0,0.0,0.0
p42057,nuclear,0.0,0.0,0.0,0.0,0.0
p42057,pumped-hydro,0.0,0.0,0.0,0.0,0.0
p42057,pv,39.11,39.11,39.11,39.11,39.11
p42057,wind-ofs,0.0,0.0,0.0,0.0,0.0
p42057,wind-ons,0.0,0.0,0.0,0.0,0.0
p42059,battery,150.0,150.0,150.0,150.0,150.0
p42059,biomass,0.0,0.0,0.0,0.0,0.0
p42059,coal,0.0,0.0,0.0,0.0,0.0
p42059,gas,0.0,0.0,0.0,0.0,0.0
p42059,geothermal,0.0,0.0,0.0,0.0,0.0
p42059,h2,0.0,0.0,0.0,0.0,0.0
p42059,hydro,0.0,0.0,0.0,0.0,0.0
p42059,nuclear,0.0,0.0,0.0,0.0,0.0
p42059,pumped-hydro,0.0,0.0,0.0,0.0,0.0
p42059,pv,559.25,559.25,559.25,559.25,559.25
p42059,wind-ofs,0.0,0.0,0.0,0.0,0.0
p42059,wind-ons,0.0,0.0,0.0,0.0,0.0
p42061,battery,0.0,0.0,0.0,0.0,0.0
p42061,biomass,0.0,0.0,0.0,0.0,0.0
p42061,coal,0.0,0.0,0.0,0.0,0.0
p42061,gas,0.0,0.0,0.0,0.0,0.0
p42061,geothermal,0.0,0.0,0.0,0.0,0.0
p42061,h2,0.0,0.0,0.0,0.0,0.0
p42061,hydro,0.0,0.0,0.0,0.0,0.0
p42061,nuclear,0.0,0.0,0.0,0.0,0.0
p42061,pumped-hydro,0.0,0.0,0.0,0.0,0.0
p42061,pv,80.0,80.0,80.0,80.0,80.0
p42061,wind-ofs,0.0,0.0,0.0,0.0,0.0
p42061,wind-ons,0.0,0.0,0.0,0.0,0.0
p42063,battery,40.45,40.45,40.45,40.45,40.45
p42063,biomass,0.0,0.0,0.0,0.0,0.0
p42063,coal,0.0,0.0,0.0,0.0,0.0
p42063,gas,0.0,0.0,0.0,0.0,0.0
p42063,geothermal,0.0,0.0,0.0,0.0,0.0
p42063,h2,0.0,0.0,0.0,0.0,0.0
p42063,hydro,0.0,0.0,0.0,0.0,0.0
p42063,nuclear,0.0,0.0,0.0,0.0,0.0
p42063,pumped-hydro,0.0,0.0,0.0,0.0,0.0
p42063,pv,304.99,304.99,304.99,304.99,304.99
p42063,wind-ofs,0.0,0.0,0.0,0.0,0.0
p42063,wind-ons,0.0,0.0,0.0,0.0,0.0
p42065,battery,0.0,0.0,0.0,0.0,0.0
p42065,biomass,0.0,0.0,0.0,0.0,0.0
p42065,coal,0.0,0.0,0.0,0.0,0.0
p42065,gas,0.0,0.0,0.0,0.0,0.0
p42065,geothermal,0.0,0.0,0.0,0.0,0.0
p42065,h2,0.0,0.0,0.0,0.0,0.0
p42065,hydro,0.0,0.0,0.0,0.0,0.0
p42065,nuclear,0.0,0.0,0.0,0.0,0.0
p42065,pumped-hydro,0.0,0.0,0.0,0.0,0.0
p42065,pv,722.0,722.0,722.0,722.0,722.0
p42065,wind-ofs,0.0,0.0,0.0,0.0,0.0
p42065,wind-ons,0.0,0.0,0.0,0.0,0.0
p42067,battery,0.0,0.0,0.0,0.0,0.0
p42067,biomass,0.0,0.0,0.0,0.0,0.0
p42067,coal,0.0,0.0,0.0,0.0,0.0
p42067,gas,0.0,0.0,0.0,0.0,0.0
p42067,geothermal,0.0,0.0,0.0,0.0,0.0
p42067,h2,0.0,0.0,0.0,0.0,0.0
p42067,hydro,0.0,0.0,0.0,0.0,0.0
p42067,nuclear,0.0,0.0,0.0,0.0,0.0
p42067,pumped-hydro,0.0,0.0,0.0,0.0,0.0
p42067,pv,160.0,160.0,160.0,160.0,160.0
p42067,wind-ofs,0.0,0.0,0.0,0.0,0.0
p42067,wind-ons,0.0,0.0,0.0,0.0,0.0
p42069,battery,0.0,0.0,0.0,0.0,0.0
p42069,biomass,0.0,0.0,0.0,0.0,0.0
p42069,coal,0.0,0.0,0.0,0.0,0.0
p42069,gas,0.0,0.0,0.0,0.0,0.0
p42069,geothermal,0.0,0.0,0.0,0.0,0.0
p42069,h2,0.0,0.0,0.0,0.0,0.0
p42069,hydro,0.0,0.0,0.0,0.0,0.0
p42069,nuclear,0.0,0.0,0.0,0.0,0.0
p42069,pumped-hydro,0.0,0.0,0.0,0.0,0.0
p42069,pv,100.0,100.0,100.0,100.0,100.0
p42069,wind-ofs,0.0,0.0,0.0,0.0,0.0
p42069,wind-ons,0.0,0.0,0.0,0.0,0.0
p42071,battery,0.0,0.0,0.0,0.0,0.0
p42071,biomass,0.0,0.0,0.0,0.0,0.0
p42071,coal,0.0,0.0,0.0,0.0,0.0
p42071,gas,0.0,0.0,0.0,0.0,0.0
p42071,geothermal,0.0,0.0,0.0,0.0,0.0
p42071,h2,0.0,0.0,0.0,0.0,0.0
p42071,hydro,0.0,0.0,0.0,0.0,0.0
p42071,nuclear,0.0,0.0,0.0,0.0,0.0
p42071,pumped-hydro,0.0,0.0,0.0,0.0,0.0
p42071,pv,9.86,9.86,9.86,9.86,9.86
p42071,wind-ofs,0.0,0.0,0.0,0.0,0.0
p42071,wind-ons,0.0,0.0,0.0,0.0,0.0
p42073,battery,7.42,7.42,7.42,7.42,7.42
p42073,biomass,0.0,0.0,0.0,0.0,0.0
p42073,coal,0.0,0.0,0.0,0.0,0.0
p42073,gas,0.0,0.0,0.0,0.0,0.0
p42073,geothermal,0.0,0.0,0.0,0.0,0.0
p42073,h2,0.0,0.0,0.0,0.0,0.0
p42073,hydro,0.0,0.0,0.0,0.0,0.0
p42073,nuclear,0.0,0.0,0.0,0.0,0.0
p42073,pumped-hydro,0.0,0.0,0.0,0.0,0.0
p42073,pv,84.3,84.3,84.3,84.3,84.3
p42073,wind-ofs,0.0,0.0,0.0,0.0,0.0
p42073,wind-ons,0.0,0.0,0.0,0.0,0.0
p42075,battery,250.0,250.0,250.0,250.0,250.0
p42075,biomass,0.0,0.0,0.0,0.0,0.0
p42075,coal,0.0,0.0,0.0,0.0,0.0
p42075,gas,0.0,0.0,0.0,0.0,0.0
p42075,geothermal,0.0,0.0,0.0,0.0,0.0
p42075,h2,0.0,0.0,0.0,0.0,0.0
p42075,hydro,0.0,0.0,0.0,0.0,0.0
p42075,nuclear,0.0,0.0,0.0,0.0,0.0
p42075,pumped-hydro,0.0,0.0,0.0,0.0,0.0
p42075,pv,63.8,63.8,63.8,63.8,63.8
p42075,wind-ofs,0.0,0.0,0.0,0.0,0.0
p42075,wind-ons,0.0,0.0,0.0,0.0,0.0
p42079,battery,0.0,0.0,0.0,0.0,0.0
p42079,biomass,0.0,0.0,0.0,0.0,0.0
p42079,coal,0.0,0.0,0.0,0.0,0.0
p42079,gas,0.0,0.0,0.0,0.0,0.0
p42079,geothermal,0.0,0.0,0.0,0.0,0.0
p42079,h2,0.0,0.0,0.0,0.0,0.0
p42079,hydro,0.0,0.0,0.0,0.0,0.0
p42079,nuclear,0.0,0.0,0.0,0.0,0.0
p42079,pumped-hydro,0.0,0.0,0.0,0.0,0.0
p42079,pv,190.0,190.0,190.0,190.0,190.0
p42079,wind-ofs,0.0,0.0,0.0,0.0,0.0
p42079,wind-ons,0.0,0.0,0.0,0.0,0.0
p42081,battery,0.0,0.0,0.0,0.0,0.0
p42081,biomass,0.0,0.0,0.0,0.0,0.0
p42081,coal,0.0,0.0,0.0,0.0,0.0
p42081,gas,0.0,0.0,0.0,0.0,0.0
p42081,geothermal,0.0,0.0,0.0,0.0,0.0
p42081,h2,0.0,0.0,0.0,0.0,0.0
p42081,hydro,0.0,0.0,0.0,0.0,0.0
p42081,nuclear,0.0,0.0,0.0,0.0,0.0
p42081,pumped-hydro,0.0,0.0,0.0,0.0,0.0
p42081,pv,145.9,145.9,145.9,145.9,145.9
p42081,wind-ofs,0.0,0.0,0.0,0.0,0.0
p42081,wind-ons,0.0,0.0,0.0,0.0,0.0
p42083,battery,610.0,610.0,610.0,610.0,610.0
p42083,biomass,0.0,0.0,0.0,0.0,0.0
p42083,coal,0.0,0.0,0.0,0.0,0.0
p42083,gas,0.0,0.0,0.0,0.0,0.0
p42083,geothermal,0.0,0.0,0.0,0.0,0.0
p42083,h2,0.0,0.0,0.0,0.0,0.0
p42083,hydro,0.0,0.0,0.0,0.0,0.0
p42083,nuclear,0.0,0.0,0.0,0.0,0.0
p42083,pumped-hydro,0.0,0.0,0.0,0.0,0.0
p42083,pv,1592.98,1592.98,1592.98,1592.98,1592.98
p42083,wind-ofs,0.0,0.0,0.0,0.0,0.0
p42083,wind-ons,0.0,0.0,0.0,0.0,0.0
p42085,battery,100.0,100.0,100.0,100.0,100.0
p42085,biomass,0.0,0.0,0.0,0.0,0.0
p42085,coal,0.0,0.0,0.0,0.0,0.0
p42085,gas,0.0,0.0,0.0,0.0,0.0
p42085,geothermal,0.0,0.0,0.0,0.0,0.0
p42085,h2,0.0,0.0,0.0,0.0,0.0
p42085,hydro,0.0,0.0,0.0,0.0,0.0
p42085,nuclear,0.0,0.0,0.0,0.0,0.0
p42085,pumped-hydro,0.0,0.0,0.0,0.0,0.0
p42085,pv,258.3,258.3,258.3,258.3,258.3
p42085,wind-ofs,0.0,0.0,0.0,0.0,0.0
p42085,wind-ons,0.0,0.0,0.0,0.0,0.0
p42089,battery,0.0,0.0,0.0,0.0,0.0
p42089,biomass,0.0,0.0,0.0,0.0,0.0
p42089,coal,0.0,0.0,0.0,0.0,0.0
p42089,gas,0.0,0.0,0.0,0.0,0.0
p42089,geothermal,0.0,0.0,0.0,0.0,0.0
p42089,h2,0.0,0.0,0.0,0.0,0.0
p42089,hydro,0.0,0.0,0.0,0.0,0.0
p42089,nuclear,0.0,0.0,0.0,0.0,0.0
p42089,pumped-hydro,0.0,0.0,0.0,0.0,0.0
p42089,pv,160.0,160.0,160.0,160.0,160.0
p42089,wind-ofs,0.0,0.0,0.0,0.0,0.0
p42089,wind-ons,0.0,0.0,0.0,0.0,0.0
p42093,battery,0.0,0.0,0.0,0.0,0.0
p42093,biomass,0.0,0.0,0.0,0.0,0.0
p42093,coal,0.0,0.0,0.0,0.0,0.0
p42093,gas,0.0,0.0,0.0,0.0,0.0
p42093,geothermal,0.0,0.0,0.0,0.0,0.0
p42093,h2,0.0,0.0,0.0,0.0,0.0
p42093,hydro,0.0,0.0,0.0,0.0,0.0
p42093,nuclear,0.0,0.0,0.0,0.0,0.0
p42093,pumped-hydro,0.0,0.0,0.0,0.0,0.0
p42093,pv,288.364,288.364,288.364,288.364,288.364
p42093,wind-ofs,0.0,0.0,0.0,0.0,0.0
p42093,wind-ons,0.0,0.0,0.0,0.0,0.0
p42095,battery,0.0,0.0,0.0,0.0,0.0
p42095,biomass,0.0,0.0,0.0,0.0,0.0
p42095,coal,0.0,0.0,0.0,0.0,0.0
p42095,gas,0.0,0.0,0.0,0.0,0.0
p42095,geothermal,0.0,0.0,0.0,0.0,0.0
p42095,h2,0.0,0.0,0.0,0.0,0.0
p42095,hydro,0.0,0.0,0.0,0.0,0.0
p42095,nuclear,0.0,0.0,0.0,0.0,0.0
p42095,pumped-hydro,0.0,0.0,0.0,0.0,0.0
p42095,pv,19.9,19.9,19.9,19.9,19.9
p42095,wind-ofs,0.0,0.0,0.0,0.0,0.0
p42095,wind-ons,0.0,0.0,0.0,0.0,0.0
p42097,battery,0.0,0.0,0.0,0.0,0.0
p42097,biomass,0.0,0.0,0.0,0.0,0.0
p42097,coal,0.0,0.0,0.0,0.0,0.0
p42097,gas,0.0,0.0,0.0,0.0,0.0
p42097,geothermal,0.0,0.0,0.0,0.0,0.0
p42097,h2,0.0,0.0,0.0,0.0,0.0
p42097,hydro,0.0,0.0,0.0,0.0,0.0
p42097,nuclear,0.0,0.0,0.0,0.0,0.0
p42097,pumped-hydro,0.0,0.0,0.0,0.0,0.0
p42097,pv,155.95,155.95,155.95,155.95,155.95
p42097,wind-ofs,0.0,0.0,0.0,0.0,0.0
p42097,wind-ons,0.0,0.0,0.0,0.0,0.0
p42099,battery,0.0,0.0,0.0,0.0,0.0
p42099,biomass,0.0,0.0,0.0,0.0,0.0
p42099,coal,0.0,0.0,0.0,0.0,0.0
p42099,gas,0.0,0.0,0.0,0.0,0.0
p42099,geothermal,0.0,0.0,0.0,0.0,0.0
p42099,h2,0.0,0.0,0.0,0.0,0.0
p42099,hydro,0.0,0.0,0.0,0.0,0.0
p42099,nuclear,0.0,0.0,0.0,0.0,0.0
p42099,pumped-hydro,0.0,0.0,0.0,0.0,0.0
p42099,pv,225.2,225.2,225.2,225.2,225.2
p42099,wind-ofs,0.0,0.0,0.0,0.0,0.0
p42099,wind-ons,0.0,0.0,0.0,0.0,0.0
p42105,battery,0.0,0.0,0.0,0.0,0.0
p42105,biomass,0.0,0.0,0.0,0.0,0.0
p42105,coal,0.0,0.0,0.0,0.0,0.0
p42105,gas,0.0,0.0,0.0,0.0,0.0
p42105,geothermal,0.0,0.0,0.0,0.0,0.0
p42105,h2,0.0,0.0,0.0,0.0,0.0
p42105,hydro,0.0,0.0,0.0,0.0,0.0
p42105,nuclear,0.0,0.0,0.0,0.0,0.0
p42105,pumped-hydro,0.0,0.0,0.0,0.0,0.0
p42105,pv,35.0,35.0,35.0,35.0,35.0
p42105,wind-ofs,0.0,0.0,0.0,0.0,0.0
p42105,wind-ons,62.45,62.45,62.45,62.45,62.45
p42107,battery,0.0,0.0,0.0,0.0,0.0
p42107,biomass,0.0,0.0,0.0,0.0,0.0
p42107,coal,0.0,0.0,0.0,0.0,0.0
p42107,gas,0.0,0.0,0.0,0.0,0.0
p42107,geothermal,0.0,0.0,0.0,0.0,0.0
p42107,h2,0.0,0.0,0.0,0.0,0.0
p42107,hydro,0.0,0.0,0.0,0.0,0.0
p42107,nuclear,0.0,0.0,0.0,0.0,0.0
p42107,pumped-hydro,0.0,0.0,0.0,0.0,0.0
p42107,pv,93.0,93.0,93.0,93.0,93.0
p42107,wind-ofs,0.0,0.0,0.0,0.0,0.0
p42107,wind-ons,0.0,0.0,0.0,0.0,0.0
p42109,battery,0.0,0.0,0.0,0.0,0.0
p42109,biomass,0.0,0.0,0.0,0.0,0.0
p42109,coal,0.0,0.0,0.0,0.0,0.0
p42109,gas,0.0,0.0,0.0,0.0,0.0
p42109,geothermal,0.0,0.0,0.0,0.0,0.0
p42109,h2,0.0,0.0,0.0,0.0,0.0
p42109,hydro,0.0,0.0,0.0,0.0,0.0
p42109,nuclear,0.0,0.0,0.0,0.0,0.0
p42109,pumped-hydro,0.0,0.0,0.0,0.0,0.0
p42109,pv,120.0,120.0,120.0,120.0,120.0
p42109,wind-ofs,0.0,0.0,0.0,0.0,0.0
p42109,wind-ons,0.0,0.0,0.0,0.0,0.0
p42111,battery,64.0,64.0,64.0,64.0,64.0
p42111,biomass,0.0,0.0,0.0,0.0,0.0
p42111,coal,0.0,0.0,0.0,0.0,0.0
p42111,gas,0.0,0.0,0.0,0.0,0.0
p42111,geothermal,0.0,0.0,0.0,0.0,0.0
p42111,h2,0.0,0.0,0.0,0.0,0.0
p42111,hydro,0.0,0.0,0.0,0.0,0.0
p42111,nuclear,0.0,0.0,0.0,0.0,0.0
p42111,pumped-hydro,0.0,0.0,0.0,0.0,0.0
p42111,pv,699.64,699.64,699.64,699.64,699.64
p42111,wind-ofs,0.0,0.0,0.0,0.0,0.0
p42111,wind-ons,41.37,41.37,41.37,41.37,41.37
p42115,battery,0.0,0.0,0.0,0.0,0.0
p42115,biomass,0.0,0.0,0.0,0.0,0.0
p42115,coal,0.0,0.0,0.0,0.0,0.0
p42115,gas,0.0,0.0,0.0,0.0,0.0
p42115,geothermal,0.0,0.0,0.0,0.0,0.0
p42115,h2,0.0,0.0,0.0,0.0,0.0
p42115,hydro,0.0,0.0,0.0,0.0,0.0
p42115,nuclear,0.0,0.0,0.0,0.0,0.0
p42115,pumped-hydro,0.0,0.0,0.0,0.0,0.0
p42115,pv,12.0,12.0,12.0,12.0,12.0
p42115,wind-ofs,0.0,0.0,0.0,0.0,0.0
p42115,wind-ons,0.0,0.0,0.0,0.0,0.0
p42117,battery,0.0,0.0,0.0,0.0,0.0
p42117,biomass,0.0,0.0,0.0,0.0,0.0
p42117,coal,0.0,0.0,0.0,0.0,0.0
p42117,gas,0.0,0.0,0.0,0.0,0.0
p42117,geothermal,0.0,0.0,0.0,0.0,0.0
p42117,h2,0.0,0.0,0.0,0.0,0.0
p42117,hydro,0.0,0.0,0.0,0.0,0.0
p42117,nuclear,0.0,0.0,0.0,0.0,0.0
p42117,pumped-hydro,0.0,0.0,0.0,0.0,0.0
p42117,pv,105.0,105.0,105.0,105.0,105.0
p42117,wind-ofs,0.0,0.0,0.0,0.0,0.0
p42117,wind-ons,0.0,0.0,0.0,0.0,0.0
p42119,battery,0.0,0.0,0.0,0.0,0.0
p42119,biomass,0.0,0.0,0.0,0.0,0.0
p42119,coal,0.0,0.0,0.0,0.0,0.0
p42119,gas,0.0,0.0,0.0,0.0,0.0
p42119,geothermal,0.0,0.0,0.0,0.0,0.0
p42119,h2,0.0,0.0,0.0,0.0,0.0
p42119,hydro,0.0,0.0,0.0,0.0,0.0
p42119,nuclear,0.0,0.0,0.0,0.0,0.0
p42119,pumped-hydro,0.0,0.0,0.0,0.0,0.0
p42119,pv,160.0,160.0,160.0,160.0,160.0
p42119,wind-ofs,0.0,0.0,0.0,0.0,0.0
p42119,wind-ons,162.8,162.8,162.8,162.8,162.8
p42121,battery,170.0,170.0,170.0,170.0,170.0
p42121,biomass,0.0,0.0,0.0,0.0,0.0
p42121,coal,0.0,0.0,0.0,0.0,0.0
p42121,gas,0.0,0.0,0.0,0.0,0.0
p42121,geothermal,0.0,0.0,0.0,0.0,0.0
p42121,h2,0.0,0.0,0.0,0.0,0.0
p42121,hydro,0.0,0.0,0.0,0.0,0.0
p42121,nuclear,0.0,0.0,0.0,0.0,0.0
p42121,pumped-hydro,0.0,0.0,0.0,0.0,0.0
p42121,pv,175.5,175.5,175.5,175.5,175.5
p42121,wind-ofs,0.0,0.0,0.0,0.0,0.0
p42121,wind-ons,0.0,0.0,0.0,0.0,0.0
p42123,battery,0.0,0.0,0.0,0.0,0.0
p42123,biomass,0.0,0.0,0.0,0.0,0.0
p42123,coal,0.0,0.0,0.0,0.0,0.0
p42123,gas,0.0,0.0,0.0,0.0,0.0
p42123,geothermal,0.0,0.0,0.0,0.0,0.0
p42123,h2,0.0,0.0,0.0,0.0,0.0
p42123,hydro,0.0,0.0,0.0,0.0,0.0
p42123,nuclear,0.0,0.0,0.0,0.0,0.0
p42123,pumped-hydro,0.0,0.0,0.0,0.0,0.0
p42123,pv,30.0,30.0,30.0,30.0,30.0
p42123,wind-ofs,0.0,0.0,0.0,0.0,0.0
p42123,wind-ons,0.0,0.0,0.0,0.0,0.0
p42125,battery,0.0,0.0,0.0,0.0,0.0
p42125,biomass,0.0,0.0,0.0,0.0,0.0
p42125,coal,0.0,0.0,0.0,0.0,0.0
p42125,gas,0.0,0.0,0.0,0.0,0.0
p42125,geothermal,0.0,0.0,0.0,0.0,0.0
p42125,h2,0.0,0.0,0.0,0.0,0.0
p42125,hydro,0.0,0.0,0.0,0.0,0.0
p42125,nuclear,0.0,0.0,0.0,0.0,0.0
p42125,pumped-hydro,0.0,0.0,0.0,0.0,0.0
p42125,pv,220.0,220.0,220.0,220.0,220.0
p42125,wind-ofs,0.0,0.0,0.0,0.0,0.0
p42125,wind-ons,0.0,0.0,0.0,0.0,0.0
p42127,battery,0.0,0.0,0.0,0.0,0.0
p42127,biomass,0.0,0.0,0.0,0.0,0.0
p42127,coal,0.0,0.0,0.0,0.0,0.0
p42127,gas,0.0,0.0,0.0,0.0,0.0
p42127,geothermal,0.0,0.0,0.0,0.0,0.0
p42127,h2,0.0,0.0,0.0,0.0,0.0
p42127,hydro,0.0,0.0,0.0,0.0,0.0
p42127,nuclear,0.0,0.0,0.0,0.0,0.0
p42127,pumped-hydro,0.0,0.0,0.0,0.0,0.0
p42127,pv,4.95,4.95,4.95,4.95,4.95
p42127,wind-ofs,0.0,0.0,0.0,0.0,0.0
p42127,wind-ons,0.0,0.0,0.0,0.0,0.0
p42129,battery,131.0,131.0,131.0,131.0,131.0
p42129,biomass,0.0,0.0,0.0,0.0,0.0
p42129,coal,0.0,0.0,0.0,0.0,0.0
p42129,gas,0.0,0.0,0.0,0.0,0.0
p42129,geothermal,0.0,0.0,0.0,0.0,0.0
p42129,h2,0.0,0.0,0.0,0.0,0.0
p42129,hydro,0.0,0.0,0.0,0.0,0.0
p42129,nuclear,0.0,0.0,0.0,0.0,0.0
p42129,pumped-hydro,0.0,0.0,0.0,0.0,0.0
p42129,pv,203.0,203.0,203.0,203.0,203.0
p42129,wind-ofs,0.0,0.0,0.0,0.0,0.0
p42129,wind-ons,0.0,0.0,0.0,0.0,0.0
p42131,battery,0.0,0.0,0.0,0.0,0.0
p42131,biomass,0.0,0.0,0.0,0.0,0.0
p42131,coal,0.0,0.0,0.0,0.0,0.0
p42131,gas,0.0,0.0,0.0,0.0,0.0
p42131,geothermal,0.0,0.0,0.0,0.0,0.0
p42131,h2,0.0,0.0,0.0,0.0,0.0
p42131,hydro,0.0,0.0,0.0,0.0,0.0
p42131,nuclear,0.0,0.0,0.0,0.0,0.0
p42131,pumped-hydro,0.0,0.0,0.0,0.0,0.0
p42131,pv,9.8,9.8,9.8,9.8,9.8
p42131,wind-ofs,0.0,0.0,0.0,0.0,0.0
p42131,wind-ons,0.0,0.0,0.0,0.0,0.0
p42133,battery,130.0,130.0,130.0,130.0,130.0
p42133,biomass,0.0,0.0,0.0,0.0,0.0
p42133,coal,0.0,0.0,0.0,0.0,0.0
p42133,gas,0.0,0.0,0.0,0.0,0.0
p42133,geothermal,0.0,0.0,0.0,0.0,0.0
p42133,h2,0.0,0.0,0.0,0.0,0.0
p42133,hydro,0.0,0.0,0.0,0.0,0.0
p42133,nuclear,0.0,0.0,0.0,0.0,0.0
p42133,pumped-hydro,0.0,0.0,0.0,0.0,0.0
p42133,pv,46.1,46.1,46.1,46.1,46.1
p42133,wind-ofs,0.0,0.0,0.0,0.0,0.0
p42133,wind-ons,0.0,0.0,0.0,0.0,0.0
p44003,battery,0.0,0.0,0.0,0.0,0.0
p44003,biomass,0.0,0.0,0.0,0.0,0.0
p44003,coal,0.0,0.0,0.0,0.0,0.0
p44003,gas,0.0,0.0,0.0,0.0,0.0
p44003,geothermal,0.0,0.0,0.0,0.0,0.0
p44003,h2,0.0,0.0,0.0,0.0,0.0
p44003,hydro,0.0,0.0,0.0,0.0,0.0
p44003,nuclear,0.0,0.0,0.0,0.0,0.0
p44003,pumped-hydro,0.0,0.0,0.0,0.0,0.0
p44003,pv,127.4459986686704,127.4459986686704,127.4459986686704,127.4459986686704,127.4459986686704
p44003,wind-ofs,0.0,0.0,0.0,0.0,0.0
p44003,wind-ons,0.0,0.0,0.0,0.0,0.0
p44005,battery,0.0,0.0,0.0,0.0,0.0
p44005,biomass,0.0,0.0,0.0,0.0,0.0
p44005,coal,0.0,0.0,0.0,0.0,0.0
p44005,gas,6.26800012588501,6.26800012588501,6.26800012588501,6.26800012588501,6.26800012588501
p44005,geothermal,0.0,0.0,0.0,0.0,0.0
p44005,h2,0.0,0.0,0.0,0.0,0.0
p44005,hydro,0.0,0.0,0.0,0.0,0.0
p44005,nuclear,0.0,0.0,0.0,0.0,0.0
p44005,pumped-hydro,0.0,0.0,0.0,0.0,0.0
p44005,pv,10.9899997711181,10.9899997711181,10.9899997711181,10.9899997711181,10.9899997711181
p44005,wind-ofs,0.0,0.0,0.0,0.0,0.0
p44005,wind-ons,0.0,0.0,0.0,0.0,0.0
p44007,battery,109.470001220703,109.470001220703,109.470001220703,109.470001220703,109.470001220703
p44007,biomass,0.0,0.0,0.0,0.0,0.0
p44007,coal,0.0,0.0,0.0,0.0,0.0
p44007,gas,146.4080047607422,146.4080047607422,146.4080047607422,146.4080047607422,146.4080047607422
p44007,geothermal,0.0,0.0,0.0,0.0,0.0
p44007,h2,0.0,0.0,0.0,0.0,0.0
p44007,hydro,0.0,0.0,0.0,0.0,0.0
p44007,nuclear,0.0,0.0,0.0,0.0,0.0
p44007,pumped-hydro,0.0,0.0,0.0,0.0,0.0
p44007,pv,56.13499951362609,56.13499951362609,56.13499951362609,56.13499951362609,56.13499951362609
p44007,wind-ofs,0.0,0.0,0.0,0.0,0.0
p44007,wind-ons,0.0,0.0,0.0,0.0,0.0
p44009,battery,517.8399963378899,517.8399963378899,517.8399963378899,517.8399963378899,517.8399963378899
p44009,biomass,0.0,0.0,0.0,0.0,0.0
p44009,coal,0.0,0.0,0.0,0.0,0.0
p44009,gas,0.0,0.0,0.0,0.0,0.0
p44009,geothermal,0.0,0.0,0.0,0.0,0.0
p44009,h2,0.0,0.0,0.0,0.0,0.0
p44009,hydro,0.0,0.0,0.0,0.0,0.0
p44009,nuclear,0.0,0.0,0.0,0.0,0.0
p44009,pumped-hydro,0.0,0.0,0.0,0.0,0.0
p44009,pv,154.96000003814694,154.96000003814694,154.96000003814694,154.96000003814694,154.96000003814694
p44009,wind-ofs,0.0,0.0,0.0,0.0,0.0
p44009,wind-ons,0.0,0.0,0.0,0.0,0.0
p45003,battery,199.9,199.9,199.9,199.9,199.9
p45003,biomass,0.0,0.0,0.0,0.0,0.0
p45003,coal,0.0,0.0,0.0,0.0,0.0
p45003,gas,0.0,0.0,0.0,0.0,0.0
p45003,geothermal,0.0,0.0,0.0,0.0,0.0
p45003,h2,0.0,0.0,0.0,0.0,0.0
p45003,hydro,0.0,0.0,0.0,0.0,0.0
p45003,nuclear,0.0,0.0,0.0,0.0,0.0
p45003,pumped-hydro,0.0,0.0,0.0,0.0,0.0
p45003,pv,381.35,381.35,381.35,381.35,381.35
p45003,wind-ofs,0.0,0.0,0.0,0.0,0.0
p45003,wind-ons,0.0,0.0,0.0,0.0,0.0
p45005,battery,0.0,0.0,0.0,0.0,0.0
p45005,biomass,0.0,0.0,0.0,0.0,0.0
p45005,coal,0.0,0.0,0.0,0.0,0.0
p45005,gas,0.0,0.0,0.0,0.0,0.0
p45005,geothermal,0.0,0.0,0.0,0.0,0.0
p45005,h2,0.0,0.0,0.0,0.0,0.0
p45005,hydro,0.0,0.0,0.0,0.0,0.0
p45005,nuclear,0.0,0.0,0.0,0.0,0.0
p45005,pumped-hydro,0.0,0.0,0.0,0.0,0.0
p45005,pv,194.0,194.0,194.0,194.0,194.0
p45005,wind-ofs,0.0,0.0,0.0,0.0,0.0
p45005,wind-ons,0.0,0.0,0.0,0.0,0.0
p45007,battery,0.0,0.0,0.0,0.0,0.0
p45007,biomass,0.0,0.0,0.0,0.0,0.0
p45007,coal,0.0,0.0,0.0,0.0,0.0
p45007,gas,1847.0,1847.0,1847.0,1847.0,1847.0
p45007,geothermal,0.0,0.0,0.0,0.0,0.0
p45007,h2,0.0,0.0,0.0,0.0,0.0
p45007,hydro,0.0,0.0,0.0,0.0,0.0
p45007,nuclear,0.0,0.0,0.0,0.0,0.0
p45007,pumped-hydro,0.0,0.0,0.0,0.0,0.0
p45007,pv,144.775,144.775,144.775,144.775,144.775
p45007,wind-ofs,0.0,0.0,0.0,0.0,0.0
p45007,wind-ons,0.0,0.0,0.0,0.0,0.0
p45011,battery,0.0,0.0,0.0,0.0,0.0
p45011,biomass,0.0,0.0,0.0,0.0,0.0
p45011,coal,0.0,0.0,0.0,0.0,0.0
p45011,gas,0.0,0.0,0.0,0.0,0.0
p45011,geothermal,0.0,0.0,0.0,0.0,0.0
p45011,h2,0.0,0.0,0.0,0.0,0.0
p45011,hydro,0.0,0.0,0.0,0.0,0.0
p45011,nuclear,0.0,0.0,0.0,0.0,0.0
p45011,pumped-hydro,0.0,0.0,0.0,0.0,0.0
p45011,pv,274.2,274.2,274.2,274.2,274.2
p45011,wind-ofs,0.0,0.0,0.0,0.0,0.0
p45011,wind-ons,0.0,0.0,0.0,0.0,0.0
p45015,battery,398.0,398.0,398.0,398.0,398.0
p45015,biomass,0.0,0.0,0.0,0.0,0.0
p45015,coal,0.0,0.0,0.0,0.0,0.0
p45015,gas,0.0,0.0,0.0,0.0,0.0
p45015,geothermal,0.0,0.0,0.0,0.0,0.0
p45015,h2,0.0,0.0,0.0,0.0,0.0
p45015,hydro,0.0,0.0,0.0,0.0,0.0
p45015,nuclear,0.0,0.0,0.0,0.0,0.0
p45015,pumped-hydro,0.0,0.0,0.0,0.0,0.0
p45015,pv,198.0,198.0,198.0,198.0,198.0
p45015,wind-ofs,0.0,0.0,0.0,0.0,0.0
p45015,wind-ons,0.0,0.0,0.0,0.0,0.0
p45017,battery,0.0,0.0,0.0,0.0,0.0
p45017,biomass,0.0,0.0,0.0,0.0,0.0
p45017,coal,0.0,0.0,0.0,0.0,0.0
p45017,gas,0.0,0.0,0.0,0.0,0.0
p45017,geothermal,0.0,0.0,0.0,0.0,0.0
p45017,h2,0.0,0.0,0.0,0.0,0.0
p45017,hydro,0.0,0.0,0.0,0.0,0.0
p45017,nuclear,0.0,0.0,0.0,0.0,0.0
p45017,pumped-hydro,0.0,0.0,0.0,0.0,0.0
p45017,pv,115.0,115.0,115.0,115.0,115.0
p45017,wind-ofs,0.0,0.0,0.0,0.0,0.0
p45017,wind-ons,0.0,0.0,0.0,0.0,0.0
p45021,battery,0.0,0.0,0.0,0.0,0.0
p45021,biomass,0.0,0.0,0.0,0.0,0.0
p45021,coal,0.0,0.0,0.0,0.0,0.0
p45021,gas,771.0,771.0,771.0,771.0,771.0
p45021,geothermal,0.0,0.0,0.0,0.0,0.0
p45021,h2,0.0,0.0,0.0,0.0,0.0
p45021,hydro,0.0,0.0,0.0,0.0,0.0
p45021,nuclear,0.0,0.0,0.0,0.0,0.0
p45021,pumped-hydro,0.0,0.0,0.0,0.0,0.0
p45021,pv,56.5,56.5,56.5,56.5,56.5
p45021,wind-ofs,0.0,0.0,0.0,0.0,0.0
p45021,wind-ons,0.0,0.0,0.0,0.0,0.0
p45023,battery,0.0,0.0,0.0,0.0,0.0
p45023,biomass,0.0,0.0,0.0,0.0,0.0
p45023,coal,0.0,0.0,0.0,0.0,0.0
p45023,gas,0.0,0.0,0.0,0.0,0.0
p45023,geothermal,0.0,0.0,0.0,0.0,0.0
p45023,h2,0.0,0.0,0.0,0.0,0.0
p45023,hydro,0.0,0.0,0.0,0.0,0.0
p45023,nuclear,0.0,0.0,0.0,0.0,0.0
p45023,pumped-hydro,0.0,0.0,0.0,0.0,0.0
p45023,pv,207.75,207.75,207.75,207.75,207.75
p45023,wind-ofs,0.0,0.0,0.0,0.0,0.0
p45023,wind-ons,0.0,0.0,0.0,0.0,0.0
p45025,battery,60.0,60.0,60.0,60.0,60.0
p45025,biomass,0.0,0.0,0.0,0.0,0.0
p45025,coal,0.0,0.0,0.0,0.0,0.0
p45025,gas,0.0,0.0,0.0,0.0,0.0
p45025,geothermal,0.0,0.0,0.0,0.0,0.0
p45025,h2,0.0,0.0,0.0,0.0,0.0
p45025,hydro,0.0,0.0,0.0,0.0,0.0
p45025,nuclear,0.0,0.0,0.0,0.0,0.0
p45025,pumped-hydro,0.0,0.0,0.0,0.0,0.0
p45025,pv,437.8,437.8,437.8,437.8,437.8
p45025,wind-ofs,0.0,0.0,0.0,0.0,0.0
p45025,wind-ons,0.0,0.0,0.0,0.0,0.0
p45029,battery,74.5,74.5,74.5,74.5,74.5
p45029,biomass,0.0,0.0,0.0,0.0,0.0
p45029,coal,0.0,0.0,0.0,0.0,0.0
p45029,gas,1012.5,1012.5,1012.5,1012.5,1012.5
p45029,geothermal,0.0,0.0,0.0,0.0,0.0
p45029,h2,0.0,0.0,0.0,0.0,0.0
p45029,hydro,0.0,0.0,0.0,0.0,0.0
p45029,nuclear,0.0,0.0,0.0,0.0,0.0
p45029,pumped-hydro,0.0,0.0,0.0,0.0,0.0
p45029,pv,724.9,724.9,724.9,724.9,724.9
p45029,wind-ofs,0.0,0.0,0.0,0.0,0.0
p45029,wind-ons,0.0,0.0,0.0,0.0,0.0
p45031,battery,0.0,0.0,0.0,0.0,0.0
p45031,biomass,0.0,0.0,0.0,0.0,0.0
p45031,coal,0.0,0.0,0.0,0.0,0.0
p45031,gas,0.0,0.0,0.0,0.0,0.0
p45031,geothermal,0.0,0.0,0.0,0.0,0.0
p45031,h2,0.0,0.0,0.0,0.0,0.0
p45031,hydro,0.0,0.0,0.0,0.0,0.0
p45031,nuclear,0.0,0.0,0.0,0.0,0.0
p45031,pumped-hydro,0.0,0.0,0.0,0.0,0.0
p45031,pv,1337.89,1337.89,1337.89,1337.89,1337.89
p45031,wind-ofs,0.0,0.0,0.0,0.0,0.0
p45031,wind-ons,0.0,0.0,0.0,0.0,0.0
p45033,battery,0.0,0.0,0.0,0.0,0.0
p45033,biomass,0.0,0.0,0.0,0.0,0.0
p45033,coal,0.0,0.0,0.0,0.0,0.0
p45033,gas,0.0,0.0,0.0,0.0,0.0
p45033,geothermal,0.0,0.0,0.0,0.0,0.0
p45033,h2,0.0,0.0,0.0,0.0,0.0
p45033,hydro,0.0,0.0,0.0,0.0,0.0
p45033,nuclear,0.0,0.0,0.0,0.0,0.0
p45033,pumped-hydro,0.0,0.0,0.0,0.0,0.0
p45033,pv,123.9,123.9,123.9,123.9,123.9
p45033,wind-ofs,0.0,0.0,0.0,0.0,0.0
p45033,wind-ons,0.0,0.0,0.0,0.0,0.0
p45039,battery,4.6,4.6,4.6,4.6,4.6
p45039,biomass,0.0,0.0,0.0,0.0,0.0
p45039,coal,0.0,0.0,0.0,0.0,0.0
p45039,gas,0.0,0.0,0.0,0.0,0.0
p45039,geothermal,0.0,0.0,0.0,0.0,0.0
p45039,h2,0.0,0.0,0.0,0.0,0.0
p45039,hydro,0.0,0.0,0.0,0.0,0.0
p45039,nuclear,0.0,0.0,0.0,0.0,0.0
p45039,pumped-hydro,0.0,0.0,0.0,0.0,0.0
p45039,pv,29.26,29.26,29.26,29.26,29.26
p45039,wind-ofs,0.0,0.0,0.0,0.0,0.0
p45039,wind-ons,0.0,0.0,0.0,0.0,0.0
p45041,battery,75.0,75.0,75.0,75.0,75.0
p45041,biomass,0.0,0.0,0.0,0.0,0.0
p45041,coal,0.0,0.0,0.0,0.0,0.0
p45041,gas,0.0,0.0,0.0,0.0,0.0
p45041,geothermal,0.0,0.0,0.0,0.0,0.0
p45041,h2,0.0,0.0,0.0,0.0,0.0
p45041,hydro,0.0,0.0,0.0,0.0,0.0
p45041,nuclear,0.0,0.0,0.0,0.0,0.0
p45041,pumped-hydro,0.0,0.0,0.0,0.0,0.0
p45041,pv,149.49,149.49,149.49,149.49,149.49
p45041,wind-ofs,0.0,0.0,0.0,0.0,0.0
p45041,wind-ons,0.0,0.0,0.0,0.0,0.0
p45043,battery,0.0,0.0,0.0,0.0,0.0
p45043,biomass,0.0,0.0,0.0,0.0,0.0
p45043,coal,0.0,0.0,0.0,0.0,0.0
p45043,gas,0.0,0.0,0.0,0.0,0.0
p45043,geothermal,0.0,0.0,0.0,0.0,0.0
p45043,h2,0.0,0.0,0.0,0.0,0.0
p45043,hydro,0.0,0.0,0.0,0.0,0.0
p45043,nuclear,0.0,0.0,0.0,0.0,0.0
p45043,pumped-hydro,0.0,0.0,0.0,0.0,0.0
p45043,pv,262.5,262.5,262.5,262.5,262.5
p45043,wind-ofs,0.0,0.0,0.0,0.0,0.0
p45043,wind-ons,0.0,0.0,0.0,0.0,0.0
p45045,battery,0.0,0.0,0.0,0.0,0.0
p45045,biomass,0.0,0.0,0.0,0.0,0.0
p45045,coal,0.0,0.0,0.0,0.0,0.0
p45045,gas,0.0,0.0,0.0,0.0,0.0
p45045,geothermal,0.0,0.0,0.0,0.0,0.0
p45045,h2,0.0,0.0,0.0,0.0,0.0
p45045,hydro,0.0,0.0,0.0,0.0,0.0
p45045,nuclear,0.0,0.0,0.0,0.0,0.0
p45045,pumped-hydro,0.0,0.0,0.0,0.0,0.0
p45045,pv,44.0,44.0,44.0,44.0,44.0
p45045,wind-ofs,0.0,0.0,0.0,0.0,0.0
p45045,wind-ons,0.0,0.0,0.0,0.0,0.0
p45047,battery,0.0,0.0,0.0,0.0,0.0
p45047,biomass,0.0,0.0,0.0,0.0,0.0
p45047,coal,0.0,0.0,0.0,0.0,0.0
p45047,gas,0.0,0.0,0.0,0.0,0.0
p45047,geothermal,0.0,0.0,0.0,0.0,0.0
p45047,h2,0.0,0.0,0.0,0.0,0.0
p45047,hydro,0.0,0.0,0.0,0.0,0.0
p45047,nuclear,0.0,0.0,0.0,0.0,0.0
p45047,pumped-hydro,0.0,0.0,0.0,0.0,0.0
p45047,pv,326.93,326.93,326.93,326.93,326.93
p45047,wind-ofs,0.0,0.0,0.0,0.0,0.0
p45047,wind-ons,0.0,0.0,0.0,0.0,0.0
p45049,battery,75.0,75.0,75.0,75.0,75.0
p45049,biomass,0.0,0.0,0.0,0.0,0.0
p45049,coal,0.0,0.0,0.0,0.0,0.0
p45049,gas,0.0,0.0,0.0,0.0,0.0
p45049,geothermal,0.0,0.0,0.0,0.0,0.0
p45049,h2,0.0,0.0,0.0,0.0,0.0
p45049,hydro,0.0,0.0,0.0,0.0,0.0
p45049,nuclear,0.0,0.0,0.0,0.0,0.0
p45049,pumped-hydro,0.0,0.0,0.0,0.0,0.0
p45049,pv,175.0,175.0,175.0,175.0,175.0
p45049,wind-ofs,0.0,0.0,0.0,0.0,0.0
p45049,wind-ons,0.0,0.0,0.0,0.0,0.0
p45051,battery,8.0,8.0,8.0,8.0,8.0
p45051,biomass,0.0,0.0,0.0,0.0,0.0
p45051,coal,0.0,0.0,0.0,0.0,0.0
p45051,gas,0.0,0.0,0.0,0.0,0.0
p45051,geothermal,0.0,0.0,0.0,0.0,0.0
p45051,h2,0.0,0.0,0.0,0.0,0.0
p45051,hydro,0.0,0.0,0.0,0.0,0.0
p45051,nuclear,0.0,0.0,0.0,0.0,0.0
p45051,pumped-hydro,0.0,0.0,0.0,0.0,0.0
p45051,pv,138.8,138.8,138.8,138.8,138.8
p45051,wind-ofs,0.0,0.0,0.0,0.0,0.0
p45051,wind-ons,0.0,0.0,0.0,0.0,0.0
p45053,battery,0.0,0.0,0.0,0.0,0.0
p45053,biomass,0.0,0.0,0.0,0.0,0.0
p45053,coal,0.0,0.0,0.0,0.0,0.0
p45053,gas,76.0,76.0,76.0,76.0,76.0
p45053,geothermal,0.0,0.0,0.0,0.0,0.0
p45053,h2,0.0,0.0,0.0,0.0,0.0
p45053,hydro,0.0,0.0,0.0,0.0,0.0
p45053,nuclear,0.0,0.0,0.0,0.0,0.0
p45053,pumped-hydro,0.0,0.0,0.0,0.0,0.0
p45053,pv,0.0,0.0,0.0,0.0,0.0
p45053,wind-ofs,0.0,0.0,0.0,0.0,0.0
p45053,wind-ons,0.0,0.0,0.0,0.0,0.0
p45055,battery,75.0,75.0,75.0,75.0,75.0
p45055,biomass,0.0,0.0,0.0,0.0,0.0
p45055,coal,0.0,0.0,0.0,0.0,0.0
p45055,gas,0.0,0.0,0.0,0.0,0.0
p45055,geothermal,0.0,0.0,0.0,0.0,0.0
p45055,h2,0.0,0.0,0.0,0.0,0.0
p45055,hydro,0.0,0.0,0.0,0.0,0.0
p45055,nuclear,0.0,0.0,0.0,0.0,0.0
p45055,pumped-hydro,0.0,0.0,0.0,0.0,0.0
p45055,pv,272.9,272.9,272.9,272.9,272.9
p45055,wind-ofs,0.0,0.0,0.0,0.0,0.0
p45055,wind-ons,0.0,0.0,0.0,0.0,0.0
p45059,battery,0.0,0.0,0.0,0.0,0.0
p45059,biomass,0.0,0.0,0.0,0.0,0.0
p45059,coal,0.0,0.0,0.0,0.0,0.0
p45059,gas,0.0,0.0,0.0,0.0,0.0
p45059,geothermal,0.0,0.0,0.0,0.0,0.0
p45059,h2,0.0,0.0,0.0,0.0,0.0
p45059,hydro,0.0,0.0,0.0,0.0,0.0
p45059,nuclear,0.0,0.0,0.0,0.0,0.0
p45059,pumped-hydro,0.0,0.0,0.0,0.0,0.0
p45059,pv,165.5,165.5,165.5,165.5,165.5
p45059,wind-ofs,0.0,0.0,0.0,0.0,0.0
p45059,wind-ons,0.0,0.0,0.0,0.0,0.0
p45061,battery,0.0,0.0,0.0,0.0,0.0
p45061,biomass,0.0,0.0,0.0,0.0,0.0
p45061,coal,0.0,0.0,0.0,0.0,0.0
p45061,gas,0.0,0.0,0.0,0.0,0.0
p45061,geothermal,0.0,0.0,0.0,0.0,0.0
p45061,h2,0.0,0.0,0.0,0.0,0.0
p45061,hydro,0.0,0.0,0.0,0.0,0.0
p45061,nuclear,0.0,0.0,0.0,0.0,0.0
p45061,pumped-hydro,0.0,0.0,0.0,0.0,0.0
p45061,pv,275.0,275.0,275.0,275.0,275.0
p45061,wind-ofs,0.0,0.0,0.0,0.0,0.0
p45061,wind-ons,0.0,0.0,0.0,0.0,0.0
p45063,battery,0.0,0.0,0.0,0.0,0.0
p45063,biomass,0.0,0.0,0.0,0.0,0.0
p45063,coal,0.0,0.0,0.0,0.0,0.0
p45063,gas,0.0,0.0,0.0,0.0,0.0
p45063,geothermal,0.0,0.0,0.0,0.0,0.0
p45063,h2,0.0,0.0,0.0,0.0,0.0
p45063,hydro,47.7,47.7,47.7,47.7,47.7
p45063,nuclear,0.0,0.0,0.0,0.0,0.0
p45063,pumped-hydro,0.0,0.0,0.0,0.0,0.0
p45063,pv,150.0,150.0,150.0,150.0,150.0
p45063,wind-ofs,0.0,0.0,0.0,0.0,0.0
p45063,wind-ons,0.0,0.0,0.0,0.0,0.0
p45065,battery,0.0,0.0,0.0,0.0,0.0
p45065,biomass,0.0,0.0,0.0,0.0,0.0
p45065,coal,0.0,0.0,0.0,0.0,0.0
p45065,gas,0.0,0.0,0.0,0.0,0.0
p45065,geothermal,0.0,0.0,0.0,0.0,0.0
p45065,h2,0.0,0.0,0.0,0.0,0.0
p45065,hydro,0.0,0.0,0.0,0.0,0.0
p45065,nuclear,0.0,0.0,0.0,0.0,0.0
p45065,pumped-hydro,0.0,0.0,0.0,0.0,0.0
p45065,pv,120.0,120.0,120.0,120.0,120.0
p45065,wind-ofs,0.0,0.0,0.0,0.0,0.0
p45065,wind-ons,0.0,0.0,0.0,0.0,0.0
p45067,battery,0.0,0.0,0.0,0.0,0.0
p45067,biomass,0.0,0.0,0.0,0.0,0.0
p45067,coal,0.0,0.0,0.0,0.0,0.0
p45067,gas,0.0,0.0,0.0,0.0,0.0
p45067,geothermal,0.0,0.0,0.0,0.0,0.0
p45067,h2,0.0,0.0,0.0,0.0,0.0
p45067,hydro,0.0,0.0,0.0,0.0,0.0
p45067,nuclear,0.0,0.0,0.0,0.0,0.0
p45067,pumped-hydro,0.0,0.0,0.0,0.0,0.0
p45067,pv,527.0,527.0,527.0,527.0,527.0
p45067,wind-ofs,0.0,0.0,0.0,0.0,0.0
p45067,wind-ons,0.0,0.0,0.0,0.0,0.0
p45069,battery,0.0,0.0,0.0,0.0,0.0
p45069,biomass,0.0,0.0,0.0,0.0,0.0
p45069,coal,0.0,0.0,0.0,0.0,0.0
p45069,gas,0.0,0.0,0.0,0.0,0.0
p45069,geothermal,0.0,0.0,0.0,0.0,0.0
p45069,h2,0.0,0.0,0.0,0.0,0.0
p45069,hydro,0.0,0.0,0.0,0.0,0.0
p45069,nuclear,0.0,0.0,0.0,0.0,0.0
p45069,pumped-hydro,0.0,0.0,0.0,0.0,0.0
p45069,pv,313.0,313.0,313.0,313.0,313.0
p45069,wind-ofs,0.0,0.0,0.0,0.0,0.0
p45069,wind-ons,0.0,0.0,0.0,0.0,0.0
p45071,battery,0.0,0.0,0.0,0.0,0.0
p45071,biomass,0.0,0.0,0.0,0.0,0.0
p45071,coal,0.0,0.0,0.0,0.0,0.0
p45071,gas,0.0,0.0,0.0,0.0,0.0
p45071,geothermal,0.0,0.0,0.0,0.0,0.0
p45071,h2,0.0,0.0,0.0,0.0,0.0
p45071,hydro,0.0,0.0,0.0,0.0,0.0
p45071,nuclear,0.0,0.0,0.0,0.0,0.0
p45071,pumped-hydro,0.0,0.0,0.0,0.0,0.0
p45071,pv,374.95,374.95,374.95,374.95,374.95
p45071,wind-ofs,0.0,0.0,0.0,0.0,0.0
p45071,wind-ons,0.0,0.0,0.0,0.0,0.0
p45073,battery,3360.0,3360.0,3360.0,3360.0,3360.0
p45073,biomass,0.0,0.0,0.0,0.0,0.0
p45073,coal,0.0,0.0,0.0,0.0,0.0
p45073,gas,0.0,0.0,0.0,0.0,0.0
p45073,geothermal,0.0,0.0,0.0,0.0,0.0
p45073,h2,0.0,0.0,0.0,0.0,0.0
p45073,hydro,304.0,304.0,304.0,304.0,304.0
p45073,nuclear,0.0,0.0,0.0,0.0,0.0
p45073,pumped-hydro,0.0,0.0,0.0,0.0,0.0
p45073,pv,0.0,0.0,0.0,0.0,0.0
p45073,wind-ofs,0.0,0.0,0.0,0.0,0.0
p45073,wind-ons,0.0,0.0,0.0,0.0,0.0
p45075,battery,250.0,250.0,250.0,250.0,250.0
p45075,biomass,0.0,0.0,0.0,0.0,0.0
p45075,coal,0.0,0.0,0.0,0.0,0.0
p45075,gas,0.0,0.0,0.0,0.0,0.0
p45075,geothermal,0.0,0.0,0.0,0.0,0.0
p45075,h2,0.0,0.0,0.0,0.0,0.0
p45075,hydro,0.0,0.0,0.0,0.0,0.0
p45075,nuclear,0.0,0.0,0.0,0.0,0.0
p45075,pumped-hydro,0.0,0.0,0.0,0.0,0.0
p45075,pv,603.8,603.8,603.8,603.8,603.8
p45075,wind-ofs,0.0,0.0,0.0,0.0,0.0
p45075,wind-ons,0.0,0.0,0.0,0.0,0.0
p45079,battery,0.0,0.0,0.0,0.0,0.0
p45079,biomass,0.0,0.0,0.0,0.0,0.0
p45079,coal,0.0,0.0,0.0,0.0,0.0
p45079,gas,0.0,0.0,0.0,0.0,0.0
p45079,geothermal,0.0,0.0,0.0,0.0,0.0
p45079,h2,0.0,0.0,0.0,0.0,0.0
p45079,hydro,0.0,0.0,0.0,0.0,0.0
p45079,nuclear,0.0,0.0,0.0,0.0,0.0
p45079,pumped-hydro,0.0,0.0,0.0,0.0,0.0
p45079,pv,379.5,379.5,379.5,379.5,379.5
p45079,wind-ofs,0.0,0.0,0.0,0.0,0.0
p45079,wind-ons,0.0,0.0,0.0,0.0,0.0
p45081,battery,0.0,0.0,0.0,0.0,0.0
p45081,biomass,0.0,0.0,0.0,0.0,0.0
p45081,coal,0.0,0.0,0.0,0.0,0.0
p45081,gas,0.0,0.0,0.0,0.0,0.0
p45081,geothermal,0.0,0.0,0.0,0.0,0.0
p45081,h2,0.0,0.0,0.0,0.0,0.0
p45081,hydro,0.0,0.0,0.0,0.0,0.0
p45081,nuclear,0.0,0.0,0.0,0.0,0.0
p45081,pumped-hydro,0.0,0.0,0.0,0.0,0.0
p45081,pv,272.9,272.9,272.9,272.9,272.9
p45081,wind-ofs,0.0,0.0,0.0,0.0,0.0
p45081,wind-ons,0.0,0.0,0.0,0.0,0.0
p45083,battery,0.0,0.0,0.0,0.0,0.0
p45083,biomass,0.0,0.0,0.0,0.0,0.0
p45083,coal,0.0,0.0,0.0,0.0,0.0
p45083,gas,0.0,0.0,0.0,0.0,0.0
p45083,geothermal,0.0,0.0,0.0,0.0,0.0
p45083,h2,0.0,0.0,0.0,0.0,0.0
p45083,hydro,0.0,0.0,0.0,0.0,0.0
p45083,nuclear,0.0,0.0,0.0,0.0,0.0
p45083,pumped-hydro,0.0,0.0,0.0,0.0,0.0
p45083,pv,69.0,69.0,69.0,69.0,69.0
p45083,wind-ofs,0.0,0.0,0.0,0.0,0.0
p45083,wind-ons,0.0,0.0,0.0,0.0,0.0
p45085,battery,0.0,0.0,0.0,0.0,0.0
p45085,biomass,0.0,0.0,0.0,0.0,0.0
p45085,coal,0.0,0.0,0.0,0.0,0.0
p45085,gas,0.0,0.0,0.0,0.0,0.0
p45085,geothermal,0.0,0.0,0.0,0.0,0.0
p45085,h2,0.0,0.0,0.0,0.0,0.0
p45085,hydro,0.0,0.0,0.0,0.0,0.0
p45085,nuclear,0.0,0.0,0.0,0.0,0.0
p45085,pumped-hydro,0.0,0.0,0.0,0.0,0.0
p45085,pv,200.0,200.0,200.0,200.0,200.0
p45085,wind-ofs,0.0,0.0,0.0,0.0,0.0
p45085,wind-ons,0.0,0.0,0.0,0.0,0.0
p45087,battery,0.0,0.0,0.0,0.0,0.0
p45087,biomass,0.0,0.0,0.0,0.0,0.0
p45087,coal,0.0,0.0,0.0,0.0,0.0
p45087,gas,0.0,0.0,0.0,0.0,0.0
p45087,geothermal,0.0,0.0,0.0,0.0,0.0
p45087,h2,0.0,0.0,0.0,0.0,0.0
p45087,hydro,0.0,0.0,0.0,0.0,0.0
p45087,nuclear,0.0,0.0,0.0,0.0,0.0
p45087,pumped-hydro,0.0,0.0,0.0,0.0,0.0
p45087,pv,149.89,149.89,149.89,149.89,149.89
p45087,wind-ofs,0.0,0.0,0.0,0.0,0.0
p45087,wind-ons,0.0,0.0,0.0,0.0,0.0
p45089,battery,224.4,224.4,224.4,224.4,224.4
p45089,biomass,0.0,0.0,0.0,0.0,0.0
p45089,coal,0.0,0.0,0.0,0.0,0.0
p45089,gas,0.0,0.0,0.0,0.0,0.0
p45089,geothermal,0.0,0.0,0.0,0.0,0.0
p45089,h2,0.0,0.0,0.0,0.0,0.0
p45089,hydro,0.0,0.0,0.0,0.0,0.0
p45089,nuclear,0.0,0.0,0.0,0.0,0.0
p45089,pumped-hydro,0.0,0.0,0.0,0.0,0.0
p45089,pv,884.2,884.2,884.2,884.2,884.2
p45089,wind-ofs,0.0,0.0,0.0,0.0,0.0
p45089,wind-ons,0.0,0.0,0.0,0.0,0.0
p45091,battery,0.0,0.0,0.0,0.0,0.0
p45091,biomass,0.0,0.0,0.0,0.0,0.0
p45091,coal,0.0,0.0,0.0,0.0,0.0
p45091,gas,0.0,0.0,0.0,0.0,0.0
p45091,geothermal,0.0,0.0,0.0,0.0,0.0
p45091,h2,0.0,0.0,0.0,0.0,0.0
p45091,hydro,0.0,0.0,0.0,0.0,0.0
p45091,nuclear,40.0,40.0,40.0,40.0,40.0
p45091,pumped-hydro,0.0,0.0,0.0,0.0,0.0
p45091,pv,0.0,0.0,0.0,0.0,0.0
p45091,wind-ofs,0.0,0.0,0.0,0.0,0.0
p45091,wind-ons,0.0,0.0,0.0,0.0,0.0
p46005,battery,0.0,0.0,0.0,0.0,0.0
p46005,biomass,0.0,0.0,0.0,0.0,0.0
p46005,coal,0.0,0.0,0.0,0.0,0.0
p46005,gas,2.5,2.5,2.5,2.5,2.5
p46005,geothermal,0.0,0.0,0.0,0.0,0.0
p46005,h2,0.0,0.0,0.0,0.0,0.0
p46005,hydro,0.0,0.0,0.0,0.0,0.0
p46005,nuclear,0.0,0.0,0.0,0.0,0.0
p46005,pumped-hydro,0.0,0.0,0.0,0.0,0.0
p46005,pv,0.0,0.0,0.0,0.0,0.0
p46005,wind-ofs,0.0,0.0,0.0,0.0,0.0
p46005,wind-ons,0.0,0.0,0.0,0.0,0.0
p46009,battery,0.0,0.0,0.0,0.0,0.0
p46009,biomass,0.0,0.0,0.0,0.0,0.0
p46009,coal,0.0,0.0,0.0,0.0,0.0
p46009,gas,0.0,0.0,0.0,0.0,0.0
p46009,geothermal,0.0,0.0,0.0,0.0,0.0
p46009,h2,0.0,0.0,0.0,0.0,0.0
p46009,hydro,0.0,0.0,0.0,0.0,0.0
p46009,nuclear,0.0,0.0,0.0,0.0,0.0
p46009,pumped-hydro,0.0,0.0,0.0,0.0,0.0
p46009,pv,0.0,0.0,0.0,0.0,0.0
p46009,wind-ofs,0.0,0.0,0.0,0.0,0.0
p46009,wind-ons,200.0,200.0,200.0,200.0,200.0
p46011,battery,350.0,350.0,350.0,350.0,350.0
p46011,biomass,0.0,0.0,0.0,0.0,0.0
p46011,coal,0.0,0.0,0.0,0.0,0.0
p46011,gas,0.0,0.0,0.0,0.0,0.0
p46011,geothermal,0.0,0.0,0.0,0.0,0.0
p46011,h2,0.0,0.0,0.0,0.0,0.0
p46011,hydro,0.0,0.0,0.0,0.0,0.0
p46011,nuclear,0.0,0.0,0.0,0.0,0.0
p46011,pumped-hydro,0.0,0.0,0.0,0.0,0.0
p46011,pv,0.0,0.0,0.0,0.0,0.0
p46011,wind-ofs,0.0,0.0,0.0,0.0,0.0
p46011,wind-ons,0.0,0.0,0.0,0.0,0.0
p46013,battery,0.0,0.0,0.0,0.0,0.0
p46013,biomass,0.0,0.0,0.0,0.0,0.0
p46013,coal,0.0,0.0,0.0,0.0,0.0
p46013,gas,5.0,5.0,5.0,5.0,5.0
p46013,geothermal,0.0,0.0,0.0,0.0,0.0
p46013,h2,0.0,0.0,0.0,0.0,0.0
p46013,hydro,0.0,0.0,0.0,0.0,0.0
p46013,nuclear,0.0,0.0,0.0,0.0,0.0
p46013,pumped-hydro,0.0,0.0,0.0,0.0,0.0
p46013,pv,270.0,270.0,270.0,270.0,270.0
p46013,wind-ofs,0.0,0.0,0.0,0.0,0.0
p46013,wind-ons,349.0,349.0,349.0,349.0,349.0
p46019,battery,0.0,0.0,0.0,0.0,0.0
p46019,biomass,0.0,0.0,0.0,0.0,0.0
p46019,coal,0.0,0.0,0.0,0.0,0.0
p46019,gas,0.0,0.0,0.0,0.0,0.0
p46019,geothermal,0.0,0.0,0.0,0.0,0.0
p46019,h2,0.0,0.0,0.0,0.0,0.0
p46019,hydro,0.0,0.0,0.0,0.0,0.0
p46019,nuclear,0.0,0.0,0.0,0.0,0.0
p46019,pumped-hydro,0.0,0.0,0.0,0.0,0.0
p46019,pv,0.0,0.0,0.0,0.0,0.0
p46019,wind-ofs,0.0,0.0,0.0,0.0,0.0
p46019,wind-ons,206.0,206.0,206.0,206.0,206.0
p46021,battery,0.0,0.0,0.0,0.0,0.0
p46021,biomass,0.0,0.0,0.0,0.0,0.0
p46021,coal,0.0,0.0,0.0,0.0,0.0
p46021,gas,0.0,0.0,0.0,0.0,0.0
p46021,geothermal,0.0,0.0,0.0,0.0,0.0
p46021,h2,0.0,0.0,0.0,0.0,0.0
p46021,hydro,0.0,0.0,0.0,0.0,0.0
p46021,nuclear,0.0,0.0,0.0,0.0,0.0
p46021,pumped-hydro,0.0,0.0,0.0,0.0,0.0
p46021,pv,600.0,600.0,600.0,600.0,600.0
p46021,wind-ofs,0.0,0.0,0.0,0.0,0.0
p46021,wind-ons,597.2,597.2,597.2,597.2,597.2
p46025,battery,0.0,0.0,0.0,0.0,0.0
p46025,biomass,0.0,0.0,0.0,0.0,0.0
p46025,coal,0.0,0.0,0.0,0.0,0.0
p46025,gas,0.0,0.0,0.0,0.0,0.0
p46025,geothermal,0.0,0.0,0.0,0.0,0.0
p46025,h2,0.0,0.0,0.0,0.0,0.0
p46025,hydro,0.0,0.0,0.0,0.0,0.0
p46025,nuclear,0.0,0.0,0.0,0.0,0.0
p46025,pumped-hydro,0.0,0.0,0.0,0.0,0.0
p46025,pv,0.0,0.0,0.0,0.0,0.0
p46025,wind-ofs,0.0,0.0,0.0,0.0,0.0
p46025,wind-ons,400.0,400.0,400.0,400.0,400.0
p46029,battery,0.0,0.0,0.0,0.0,0.0
p46029,biomass,0.0,0.0,0.0,0.0,0.0
p46029,coal,0.0,0.0,0.0,0.0,0.0
p46029,gas,0.0,0.0,0.0,0.0,0.0
p46029,geothermal,0.0,0.0,0.0,0.0,0.0
p46029,h2,0.0,0.0,0.0,0.0,0.0
p46029,hydro,0.0,0.0,0.0,0.0,0.0
p46029,nuclear,0.0,0.0,0.0,0.0,0.0
p46029,pumped-hydro,0.0,0.0,0.0,0.0,0.0
p46029,pv,0.0,0.0,0.0,0.0,0.0
p46029,wind-ofs,0.0,0.0,0.0,0.0,0.0
p46029,wind-ons,400.0,400.0,400.0,400.0,400.0
p46037,battery,0.0,0.0,0.0,0.0,0.0
p46037,biomass,0.0,0.0,0.0,0.0,0.0
p46037,coal,0.0,0.0,0.0,0.0,0.0
p46037,gas,0.0,0.0,0.0,0.0,0.0
p46037,geothermal,0.0,0.0,0.0,0.0,0.0
p46037,h2,0.0,0.0,0.0,0.0,0.0
p46037,hydro,0.0,0.0,0.0,0.0,0.0
p46037,nuclear,0.0,0.0,0.0,0.0,0.0
p46037,pumped-hydro,0.0,0.0,0.0,0.0,0.0
p46037,pv,0.0,0.0,0.0,0.0,0.0
p46037,wind-ofs,0.0,0.0,0.0,0.0,0.0
p46037,wind-ons,600.0,600.0,600.0,600.0,600.0
p46039,battery,0.0,0.0,0.0,0.0,0.0
p46039,biomass,0.0,0.0,0.0,0.0,0.0
p46039,coal,0.0,0.0,0.0,0.0,0.0
p46039,gas,0.0,0.0,0.0,0.0,0.0
p46039,geothermal,0.0,0.0,0.0,0.0,0.0
p46039,h2,0.0,0.0,0.0,0.0,0.0
p46039,hydro,0.0,0.0,0.0,0.0,0.0
p46039,nuclear,0.0,0.0,0.0,0.0,0.0
p46039,pumped-hydro,0.0,0.0,0.0,0.0,0.0
p46039,pv,250.0,250.0,250.0,250.0,250.0
p46039,wind-ofs,0.0,0.0,0.0,0.0,0.0
p46039,wind-ons,435.0,435.0,435.0,435.0,435.0
p46051,battery,0.0,0.0,0.0,0.0,0.0
p46051,biomass,0.0,0.0,0.0,0.0,0.0
p46051,coal,0.0,0.0,0.0,0.0,0.0
p46051,gas,0.0,0.0,0.0,0.0,0.0
p46051,geothermal,0.0,0.0,0.0,0.0,0.0
p46051,h2,0.0,0.0,0.0,0.0,0.0
p46051,hydro,0.0,0.0,0.0,0.0,0.0
p46051,nuclear,0.0,0.0,0.0,0.0,0.0
p46051,pumped-hydro,0.0,0.0,0.0,0.0,0.0
p46051,pv,275.0,275.0,275.0,275.0,275.0
p46051,wind-ofs,0.0,0.0,0.0,0.0,0.0
p46051,wind-ons,0.0,0.0,0.0,0.0,0.0
p46055,battery,0.0,0.0,0.0,0.0,0.0
p46055,biomass,0.0,0.0,0.0,0.0,0.0
p46055,coal,0.0,0.0,0.0,0.0,0.0
p46055,gas,0.0,0.0,0.0,0.0,0.0
p46055,geothermal,0.0,0.0,0.0,0.0,0.0
p46055,h2,0.0,0.0,0.0,0.0,0.0
p46055,hydro,0.0,0.0,0.0,0.0,0.0
p46055,nuclear,0.0,0.0,0.0,0.0,0.0
p46055,pumped-hydro,0.0,0.0,0.0,0.0,0.0
p46055,pv,0.0,0.0,0.0,0.0,0.0
p46055,wind-ofs,0.0,0.0,0.0,0.0,0.0
p46055,wind-ons,600.0,600.0,600.0,600.0,600.0
p46059,battery,0.0,0.0,0.0,0.0,0.0
p46059,biomass,0.0,0.0,0.0,0.0,0.0
p46059,coal,0.0,0.0,0.0,0.0,0.0
p46059,gas,0.0,0.0,0.0,0.0,0.0
p46059,geothermal,0.0,0.0,0.0,0.0,0.0
p46059,h2,0.0,0.0,0.0,0.0,0.0
p46059,hydro,0.0,0.0,0.0,0.0,0.0
p46059,nuclear,0.0,0.0,0.0,0.0,0.0
p46059,pumped-hydro,0.0,0.0,0.0,0.0,0.0
p46059,pv,175.0,175.0,175.0,175.0,175.0
p46059,wind-ofs,0.0,0.0,0.0,0.0,0.0
p46059,wind-ons,0.0,0.0,0.0,0.0,0.0
p46069,battery,0.0,0.0,0.0,0.0,0.0
p46069,biomass,0.0,0.0,0.0,0.0,0.0
p46069,coal,0.0,0.0,0.0,0.0,0.0
p46069,gas,0.0,0.0,0.0,0.0,0.0
p46069,geothermal,0.0,0.0,0.0,0.0,0.0
p46069,h2,0.0,0.0,0.0,0.0,0.0
p46069,hydro,0.0,0.0,0.0,0.0,0.0
p46069,nuclear,0.0,0.0,0.0,0.0,0.0
p46069,pumped-hydro,0.0,0.0,0.0,0.0,0.0
p46069,pv,0.0,0.0,0.0,0.0,0.0
p46069,wind-ofs,0.0,0.0,0.0,0.0,0.0
p46069,wind-ons,499.0,499.0,499.0,499.0,499.0
p46077,battery,0.0,0.0,0.0,0.0,0.0
p46077,biomass,0.0,0.0,0.0,0.0,0.0
p46077,coal,0.0,0.0,0.0,0.0,0.0
p46077,gas,0.0,0.0,0.0,0.0,0.0
p46077,geothermal,0.0,0.0,0.0,0.0,0.0
p46077,h2,0.0,0.0,0.0,0.0,0.0
p46077,hydro,0.0,0.0,0.0,0.0,0.0
p46077,nuclear,0.0,0.0,0.0,0.0,0.0
p46077,pumped-hydro,0.0,0.0,0.0,0.0,0.0
p46077,pv,0.0,0.0,0.0,0.0,0.0
p46077,wind-ofs,0.0,0.0,0.0,0.0,0.0
p46077,wind-ons,98.6,98.6,98.6,98.6,98.6
p46083,battery,0.0,0.0,0.0,0.0,0.0
p46083,biomass,0.0,0.0,0.0,0.0,0.0
p46083,coal,0.0,0.0,0.0,0.0,0.0
p46083,gas,0.0,0.0,0.0,0.0,0.0
p46083,geothermal,0.0,0.0,0.0,0.0,0.0
p46083,h2,0.0,0.0,0.0,0.0,0.0
p46083,hydro,0.0,0.0,0.0,0.0,0.0
p46083,nuclear,0.0,0.0,0.0,0.0,0.0
p46083,pumped-hydro,0.0,0.0,0.0,0.0,0.0
p46083,pv,0.0,0.0,0.0,0.0,0.0
p46083,wind-ofs,0.0,0.0,0.0,0.0,0.0
p46083,wind-ons,120.0,120.0,120.0,120.0,120.0
p46087,battery,0.0,0.0,0.0,0.0,0.0
p46087,biomass,0.0,0.0,0.0,0.0,0.0
p46087,coal,0.0,0.0,0.0,0.0,0.0
p46087,gas,0.0,0.0,0.0,0.0,0.0
p46087,geothermal,0.0,0.0,0.0,0.0,0.0
p46087,h2,0.0,0.0,0.0,0.0,0.0
p46087,hydro,0.0,0.0,0.0,0.0,0.0
p46087,nuclear,0.0,0.0,0.0,0.0,0.0
p46087,pumped-hydro,0.0,0.0,0.0,0.0,0.0
p46087,pv,200.0,200.0,200.0,200.0,200.0
p46087,wind-ofs,0.0,0.0,0.0,0.0,0.0
p46087,wind-ons,0.0,0.0,0.0,0.0,0.0
p46089,battery,0.0,0.0,0.0,0.0,0.0
p46089,biomass,0.0,0.0,0.0,0.0,0.0
p46089,coal,0.0,0.0,0.0,0.0,0.0
p46089,gas,0.0,0.0,0.0,0.0,0.0
p46089,geothermal,0.0,0.0,0.0,0.0,0.0
p46089,h2,0.0,0.0,0.0,0.0,0.0
p46089,hydro,0.0,0.0,0.0,0.0,0.0
p46089,nuclear,0.0,0.0,0.0,0.0,0.0
p46089,pumped-hydro,0.0,0.0,0.0,0.0,0.0
p46089,pv,0.0,0.0,0.0,0.0,0.0
p46089,wind-ofs,0.0,0.0,0.0,0.0,0.0
p46089,wind-ons,800.0,800.0,800.0,800.0,800.0
p46093,battery,0.0,0.0,0.0,0.0,0.0
p46093,biomass,0.0,0.0,0.0,0.0,0.0
p46093,coal,0.0,0.0,0.0,0.0,0.0
p46093,gas,0.0,0.0,0.0,0.0,0.0
p46093,geothermal,0.0,0.0,0.0,0.0,0.0
p46093,h2,0.0,0.0,0.0,0.0,0.0
p46093,hydro,0.0,0.0,0.0,0.0,0.0
p46093,nuclear,0.0,0.0,0.0,0.0,0.0
p46093,pumped-hydro,0.0,0.0,0.0,0.0,0.0
p46093,pv,200.0,200.0,200.0,200.0,200.0
p46093,wind-ofs,0.0,0.0,0.0,0.0,0.0
p46093,wind-ons,0.0,0.0,0.0,0.0,0.0
p46102,battery,0.0,0.0,0.0,0.0,0.0
p46102,biomass,0.0,0.0,0.0,0.0,0.0
p46102,coal,0.0,0.0,0.0,0.0,0.0
p46102,gas,0.0,0.0,0.0,0.0,0.0
p46102,geothermal,0.0,0.0,0.0,0.0,0.0
p46102,h2,0.0,0.0,0.0,0.0,0.0
p46102,hydro,0.0,0.0,0.0,0.0,0.0
p46102,nuclear,0.0,0.0,0.0,0.0,0.0
p46102,pumped-hydro,0.0,0.0,0.0,0.0,0.0
p46102,pv,220.0,220.0,220.0,220.0,220.0
p46102,wind-ofs,0.0,0.0,0.0,0.0,0.0
p46102,wind-ons,0.0,0.0,0.0,0.0,0.0
p46103,battery,0.0,0.0,0.0,0.0,0.0
p46103,biomass,0.0,0.0,0.0,0.0,0.0
p46103,coal,0.0,0.0,0.0,0.0,0.0
p46103,gas,0.0,0.0,0.0,0.0,0.0
p46103,geothermal,0.0,0.0,0.0,0.0,0.0
p46103,h2,0.0,0.0,0.0,0.0,0.0
p46103,hydro,0.0,0.0,0.0,0.0,0.0
p46103,nuclear,0.0,0.0,0.0,0.0,0.0
p46103,pumped-hydro,0.0,0.0,0.0,0.0,0.0
p46103,pv,0.0,0.0,0.0,0.0,0.0
p46103,wind-ofs,0.0,0.0,0.0,0.0,0.0
p46103,wind-ons,0.0,0.0,0.0,0.0,0.0
p46109,battery,200.0,200.0,200.0,200.0,200.0
p46109,biomass,0.0,0.0,0.0,0.0,0.0
p46109,coal,0.0,0.0,0.0,0.0,0.0
p46109,gas,0.0,0.0,0.0,0.0,0.0
p46109,geothermal,0.0,0.0,0.0,0.0,0.0
p46109,h2,0.0,0.0,0.0,0.0,0.0
p46109,hydro,0.0,0.0,0.0,0.0,0.0
p46109,nuclear,0.0,0.0,0.0,0.0,0.0
p46109,pumped-hydro,0.0,0.0,0.0,0.0,0.0
p46109,pv,0.0,0.0,0.0,0.0,0.0
p46109,wind-ofs,0.0,0.0,0.0,0.0,0.0
p46109,wind-ons,0.0,0.0,0.0,0.0,0.0
p46117,battery,0.0,0.0,0.0,0.0,0.0
p46117,biomass,0.0,0.0,0.0,0.0,0.0
p46117,coal,0.0,0.0,0.0,0.0,0.0
p46117,gas,0.0,0.0,0.0,0.0,0.0
p46117,geothermal,0.0,0.0,0.0,0.0,0.0
p46117,h2,0.0,0.0,0.0,0.0,0.0
p46117,hydro,0.0,0.0,0.0,0.0,0.0
p46117,nuclear,0.0,0.0,0.0,0.0,0.0
p46117,pumped-hydro,0.0,0.0,0.0,0.0,0.0
p46117,pv,0.0,0.0,0.0,0.0,0.0
p46117,wind-ofs,0.0,0.0,0.0,0.0,0.0
p46117,wind-ons,200.0,200.0,200.0,200.0,200.0
p46125,battery,0.0,0.0,0.0,0.0,0.0
p46125,biomass,0.0,0.0,0.0,0.0,0.0
p46125,coal,0.0,0.0,0.0,0.0,0.0
p46125,gas,0.0,0.0,0.0,0.0,0.0
p46125,geothermal,0.0,0.0,0.0,0.0,0.0
p46125,h2,0.0,0.0,0.0,0.0,0.0
p46125,hydro,0.0,0.0,0.0,0.0,0.0
p46125,nuclear,0.0,0.0,0.0,0.0,0.0
p46125,pumped-hydro,0.0,0.0,0.0,0.0,0.0
p46125,pv,0.0,0.0,0.0,0.0,0.0
p46125,wind-ofs,0.0,0.0,0.0,0.0,0.0
p46125,wind-ons,600.0,600.0,600.0,600.0,600.0
p47003,battery,0.0,0.0,0.0,0.0,0.0
p47003,biomass,0.0,0.0,0.0,0.0,0.0
p47003,coal,0.0,0.0,0.0,0.0,0.0
p47003,gas,0.0,0.0,0.0,0.0,0.0
p47003,geothermal,0.0,0.0,0.0,0.0,0.0
p47003,h2,0.0,0.0,0.0,0.0,0.0
p47003,hydro,0.0,0.0,0.0,0.0,0.0
p47003,nuclear,0.0,0.0,0.0,0.0,0.0
p47003,pumped-hydro,0.0,0.0,0.0,0.0,0.0
p47003,pv,130.0,130.0,130.0,130.0,130.0
p47003,wind-ofs,0.0,0.0,0.0,0.0,0.0
p47003,wind-ons,0.0,0.0,0.0,0.0,0.0
p47007,battery,0.0,0.0,0.0,0.0,0.0
p47007,biomass,0.0,0.0,0.0,0.0,0.0
p47007,coal,0.0,0.0,0.0,0.0,0.0
p47007,gas,0.0,0.0,0.0,0.0,0.0
p47007,geothermal,0.0,0.0,0.0,0.0,0.0
p47007,h2,0.0,0.0,0.0,0.0,0.0
p47007,hydro,0.0,0.0,0.0,0.0,0.0
p47007,nuclear,0.0,0.0,0.0,0.0,0.0
p47007,pumped-hydro,0.0,0.0,0.0,0.0,0.0
p47007,pv,300.0,300.0,300.0,300.0,300.0
p47007,wind-ofs,0.0,0.0,0.0,0.0,0.0
p47007,wind-ons,0.0,0.0,0.0,0.0,0.0
p47017,battery,0.0,0.0,0.0,0.0,0.0
p47017,biomass,0.0,0.0,0.0,0.0,0.0
p47017,coal,0.0,0.0,0.0,0.0,0.0
p47017,gas,0.0,0.0,0.0,0.0,0.0
p47017,geothermal,0.0,0.0,0.0,0.0,0.0
p47017,h2,0.0,0.0,0.0,0.0,0.0
p47017,hydro,0.0,0.0,0.0,0.0,0.0
p47017,nuclear,0.0,0.0,0.0,0.0,0.0
p47017,pumped-hydro,0.0,0.0,0.0,0.0,0.0
p47017,pv,280.0,280.0,280.0,280.0,280.0
p47017,wind-ofs,0.0,0.0,0.0,0.0,0.0
p47017,wind-ons,0.0,0.0,0.0,0.0,0.0
p47021,battery,0.0,0.0,0.0,0.0,0.0
p47021,biomass,0.0,0.0,0.0,0.0,0.0
p47021,coal,0.0,0.0,0.0,0.0,0.0
p47021,gas,990.0,990.0,990.0,990.0,990.0
p47021,geothermal,0.0,0.0,0.0,0.0,0.0
p47021,h2,0.0,0.0,0.0,0.0,0.0
p47021,hydro,0.0,0.0,0.0,0.0,0.0
p47021,nuclear,0.0,0.0,0.0,0.0,0.0
p47021,pumped-hydro,0.0,0.0,0.0,0.0,0.0
p47021,pv,0.0,0.0,0.0,0.0,0.0
p47021,wind-ofs,0.0,0.0,0.0,0.0,0.0
p47021,wind-ons,0.0,0.0,0.0,0.0,0.0
p47035,battery,0.0,0.0,0.0,0.0,0.0
p47035,biomass,0.0,0.0,0.0,0.0,0.0
p47035,coal,0.0,0.0,0.0,0.0,0.0
p47035,gas,0.0,0.0,0.0,0.0,0.0
p47035,geothermal,0.0,0.0,0.0,0.0,0.0
p47035,h2,0.0,0.0,0.0,0.0,0.0
p47035,hydro,0.0,0.0,0.0,0.0,0.0
p47035,nuclear,0.0,0.0,0.0,0.0,0.0
p47035,pumped-hydro,0.0,0.0,0.0,0.0,0.0
p47035,pv,110.0,110.0,110.0,110.0,110.0
p47035,wind-ofs,0.0,0.0,0.0,0.0,0.0
p47035,wind-ons,0.0,0.0,0.0,0.0,0.0
p47047,battery,0.0,0.0,0.0,0.0,0.0
p47047,biomass,0.0,0.0,0.0,0.0,0.0
p47047,coal,0.0,0.0,0.0,0.0,0.0
p47047,gas,0.0,0.0,0.0,0.0,0.0
p47047,geothermal,0.0,0.0,0.0,0.0,0.0
p47047,h2,0.0,0.0,0.0,0.0,0.0
p47047,hydro,0.0,0.0,0.0,0.0,0.0
p47047,nuclear,0.0,0.0,0.0,0.0,0.0
p47047,pumped-hydro,0.0,0.0,0.0,0.0,0.0
p47047,pv,294.0,294.0,294.0,294.0,294.0
p47047,wind-ofs,0.0,0.0,0.0,0.0,0.0
p47047,wind-ons,0.0,0.0,0.0,0.0,0.0
p47053,battery,0.0,0.0,0.0,0.0,0.0
p47053,biomass,0.0,0.0,0.0,0.0,0.0
p47053,coal,0.0,0.0,0.0,0.0,0.0
p47053,gas,0.0,0.0,0.0,0.0,0.0
p47053,geothermal,0.0,0.0,0.0,0.0,0.0
p47053,h2,0.0,0.0,0.0,0.0,0.0
p47053,hydro,0.0,0.0,0.0,0.0,0.0
p47053,nuclear,0.0,0.0,0.0,0.0,0.0
p47053,pumped-hydro,0.0,0.0,0.0,0.0,0.0
p47053,pv,70.0,70.0,70.0,70.0,70.0
p47053,wind-ofs,0.0,0.0,0.0,0.0,0.0
p47053,wind-ons,0.0,0.0,0.0,0.0,0.0
p47057,battery,0.0,0.0,0.0,0.0,0.0
p47057,biomass,0.0,0.0,0.0,0.0,0.0
p47057,coal,0.0,0.0,0.0,0.0,0.0
p47057,gas,0.0,0.0,0.0,0.0,0.0
p47057,geothermal,0.0,0.0,0.0,0.0,0.0
p47057,h2,0.0,0.0,0.0,0.0,0.0
p47057,hydro,32.0,32.0,32.0,32.0,32.0
p47057,nuclear,0.0,0.0,0.0,0.0,0.0
p47057,pumped-hydro,0.0,0.0,0.0,0.0,0.0
p47057,pv,0.0,0.0,0.0,0.0,0.0
p47057,wind-ofs,0.0,0.0,0.0,0.0,0.0
p47057,wind-ons,0.0,0.0,0.0,0.0,0.0
p47065,battery,0.0,0.0,0.0,0.0,0.0
p47065,biomass,0.0,0.0,0.0,0.0,0.0
p47065,coal,0.0,0.0,0.0,0.0,0.0
p47065,gas,0.0,0.0,0.0,0.0,0.0
p47065,geothermal,0.0,0.0,0.0,0.0,0.0
p47065,h2,0.0,0.0,0.0,0.0,0.0
p47065,hydro,48.0,48.0,48.0,48.0,48.0
p47065,nuclear,64.0,64.0,64.0,64.0,64.0
p47065,pumped-hydro,0.0,0.0,0.0,0.0,0.0
p47065,pv,0.0,0.0,0.0,0.0,0.0
p47065,wind-ofs,0.0,0.0,0.0,0.0,0.0
p47065,wind-ons,0.0,0.0,0.0,0.0,0.0
p47069,battery,0.0,0.0,0.0,0.0,0.0
p47069,biomass,0.0,0.0,0.0,0.0,0.0
p47069,coal,0.0,0.0,0.0,0.0,0.0
p47069,gas,0.0,0.0,0.0,0.0,0.0
p47069,geothermal,0.0,0.0,0.0,0.0,0.0
p47069,h2,0.0,0.0,0.0,0.0,0.0
p47069,hydro,0.0,0.0,0.0,0.0,0.0
p47069,nuclear,0.0,0.0,0.0,0.0,0.0
p47069,pumped-hydro,0.0,0.0,0.0,0.0,0.0
p47069,pv,400.0,400.0,400.0,400.0,400.0
p47069,wind-ofs,0.0,0.0,0.0,0.0,0.0
p47069,wind-ons,0.0,0.0,0.0,0.0,0.0
p47073,battery,225.0,225.0,225.0,225.0,225.0
p47073,biomass,0.0,0.0,0.0,0.0,0.0
p47073,coal,0.0,0.0,0.0,0.0,0.0
p47073,gas,0.0,0.0,0.0,0.0,0.0
p47073,geothermal,0.0,0.0,0.0,0.0,0.0
p47073,h2,0.0,0.0,0.0,0.0,0.0
p47073,hydro,0.0,0.0,0.0,0.0,0.0
p47073,nuclear,0.0,0.0,0.0,0.0,0.0
p47073,pumped-hydro,0.0,0.0,0.0,0.0,0.0
p47073,pv,133.6,133.6,133.6,133.6,133.6
p47073,wind-ofs,0.0,0.0,0.0,0.0,0.0
p47073,wind-ons,0.0,0.0,0.0,0.0,0.0
p47075,battery,0.0,0.0,0.0,0.0,0.0
p47075,biomass,0.0,0.0,0.0,0.0,0.0
p47075,coal,0.0,0.0,0.0,0.0,0.0
p47075,gas,0.0,0.0,0.0,0.0,0.0
p47075,geothermal,0.0,0.0,0.0,0.0,0.0
p47075,h2,0.0,0.0,0.0,0.0,0.0
p47075,hydro,0.0,0.0,0.0,0.0,0.0
p47075,nuclear,0.0,0.0,0.0,0.0,0.0
p47075,pumped-hydro,0.0,0.0,0.0,0.0,0.0
p47075,pv,136.0,136.0,136.0,136.0,136.0
p47075,wind-ofs,0.0,0.0,0.0,0.0,0.0
p47075,wind-ons,0.0,0.0,0.0,0.0,0.0
p47077,battery,0.0,0.0,0.0,0.0,0.0
p47077,biomass,0.0,0.0,0.0,0.0,0.0
p47077,coal,0.0,0.0,0.0,0.0,0.0
p47077,gas,0.0,0.0,0.0,0.0,0.0
p47077,geothermal,0.0,0.0,0.0,0.0,0.0
p47077,h2,0.0,0.0,0.0,0.0,0.0
p47077,hydro,0.0,0.0,0.0,0.0,0.0
p47077,nuclear,0.0,0.0,0.0,0.0,0.0
p47077,pumped-hydro,0.0,0.0,0.0,0.0,0.0
p47077,pv,275.0,275.0,275.0,275.0,275.0
p47077,wind-ofs,0.0,0.0,0.0,0.0,0.0
p47077,wind-ons,0.0,0.0,0.0,0.0,0.0
p47085,battery,0.0,0.0,0.0,0.0,0.0
p47085,biomass,0.0,0.0,0.0,0.0,0.0
p47085,coal,0.0,0.0,0.0,0.0,0.0
p47085,gas,1348.0,1348.0,1348.0,1348.0,1348.0
p47085,geothermal,0.0,0.0,0.0,0.0,0.0
p47085,h2,0.0,0.0,0.0,0.0,0.0
p47085,hydro,0.0,0.0,0.0,0.0,0.0
p47085,nuclear,0.0,0.0,0.0,0.0,0.0
p47085,pumped-hydro,0.0,0.0,0.0,0.0,0.0
p47085,pv,0.0,0.0,0.0,0.0,0.0
p47085,wind-ofs,0.0,0.0,0.0,0.0,0.0
p47085,wind-ons,0.0,0.0,0.0,0.0,0.0
p47095,battery,0.0,0.0,0.0,0.0,0.0
p47095,biomass,0.0,0.0,0.0,0.0,0.0
p47095,coal,0.0,0.0,0.0,0.0,0.0
p47095,gas,0.0,0.0,0.0,0.0,0.0
p47095,geothermal,0.0,0.0,0.0,0.0,0.0
p47095,h2,0.0,0.0,0.0,0.0,0.0
p47095,hydro,0.0,0.0,0.0,0.0,0.0
p47095,nuclear,0.0,0.0,0.0,0.0,0.0
p47095,pumped-hydro,0.0,0.0,0.0,0.0,0.0
p47095,pv,354.0,354.0,354.0,354.0,354.0
p47095,wind-ofs,0.0,0.0,0.0,0.0,0.0
p47095,wind-ons,0.0,0.0,0.0,0.0,0.0
p47099,battery,0.0,0.0,0.0,0.0,0.0
p47099,biomass,0.0,0.0,0.0,0.0,0.0
p47099,coal,0.0,0.0,0.0,0.0,0.0
p47099,gas,0.0,0.0,0.0,0.0,0.0
p47099,geothermal,0.0,0.0,0.0,0.0,0.0
p47099,h2,0.0,0.0,0.0,0.0,0.0
p47099,hydro,0.0,0.0,0.0,0.0,0.0
p47099,nuclear,0.0,0.0,0.0,0.0,0.0
p47099,pumped-hydro,0.0,0.0,0.0,0.0,0.0
p47099,pv,390.0,390.0,390.0,390.0,390.0
p47099,wind-ofs,0.0,0.0,0.0,0.0,0.0
p47099,wind-ons,0.0,0.0,0.0,0.0,0.0
p47105,battery,44.0,44.0,44.0,44.0,44.0
p47105,biomass,0.0,0.0,0.0,0.0,0.0
p47105,coal,0.0,0.0,0.0,0.0,0.0
p47105,gas,0.0,0.0,0.0,0.0,0.0
p47105,geothermal,0.0,0.0,0.0,0.0,0.0
p47105,h2,0.0,0.0,0.0,0.0,0.0
p47105,hydro,15.0,15.0,15.0,15.0,15.0
p47105,nuclear,0.0,0.0,0.0,0.0,0.0
p47105,pumped-hydro,0.0,0.0,0.0,0.0,0.0
p47105,pv,0.0,0.0,0.0,0.0,0.0
p47105,wind-ofs,0.0,0.0,0.0,0.0,0.0
p47105,wind-ons,0.0,0.0,0.0,0.0,0.0
p47115,battery,0.0,0.0,0.0,0.0,0.0
p47115,biomass,0.0,0.0,0.0,0.0,0.0
p47115,coal,0.0,0.0,0.0,0.0,0.0
p47115,gas,0.0,0.0,0.0,0.0,0.0
p47115,geothermal,0.0,0.0,0.0,0.0,0.0
p47115,h2,0.0,0.0,0.0,0.0,0.0
p47115,hydro,76.0,76.0,76.0,76.0,76.0
p47115,nuclear,0.0,0.0,0.0,0.0,0.0
p47115,pumped-hydro,0.0,0.0,0.0,0.0,0.0
p47115,pv,0.0,0.0,0.0,0.0,0.0
p47115,wind-ofs,0.0,0.0,0.0,0.0,0.0
p47115,wind-ons,0.0,0.0,0.0,0.0,0.0
p47117,battery,0.0,0.0,0.0,0.0,0.0
p47117,biomass,0.0,0.0,0.0,0.0,0.0
p47117,coal,0.0,0.0,0.0,0.0,0.0
p47117,gas,0.0,0.0,0.0,0.0,0.0
p47117,geothermal,0.0,0.0,0.0,0.0,0.0
p47117,h2,0.0,0.0,0.0,0.0,0.0
p47117,hydro,0.0,0.0,0.0,0.0,0.0
p47117,nuclear,0.0,0.0,0.0,0.0,0.0
p47117,pumped-hydro,0.0,0.0,0.0,0.0,0.0
p47117,pv,135.0,135.0,135.0,135.0,135.0
p47117,wind-ofs,0.0,0.0,0.0,0.0,0.0
p47117,wind-ons,0.0,0.0,0.0,0.0,0.0
p47119,battery,0.0,0.0,0.0,0.0,0.0
p47119,biomass,0.0,0.0,0.0,0.0,0.0
p47119,coal,0.0,0.0,0.0,0.0,0.0
p47119,gas,0.0,0.0,0.0,0.0,0.0
p47119,geothermal,0.0,0.0,0.0,0.0,0.0
p47119,h2,0.0,0.0,0.0,0.0,0.0
p47119,hydro,0.0,0.0,0.0,0.0,0.0
p47119,nuclear,0.0,0.0,0.0,0.0,0.0
p47119,pumped-hydro,0.0,0.0,0.0,0.0,0.0
p47119,pv,100.0,100.0,100.0,100.0,100.0
p47119,wind-ofs,0.0,0.0,0.0,0.0,0.0
p47119,wind-ons,0.0,0.0,0.0,0.0,0.0
p47127,battery,0.0,0.0,0.0,0.0,0.0
p47127,biomass,0.0,0.0,0.0,0.0,0.0
p47127,coal,0.0,0.0,0.0,0.0,0.0
p47127,gas,0.0,0.0,0.0,0.0,0.0
p47127,geothermal,0.0,0.0,0.0,0.0,0.0
p47127,h2,0.0,0.0,0.0,0.0,0.0
p47127,hydro,0.0,0.0,0.0,0.0,0.0
p47127,nuclear,0.0,0.0,0.0,0.0,0.0
p47127,pumped-hydro,0.0,0.0,0.0,0.0,0.0
p47127,pv,400.0,400.0,400.0,400.0,400.0
p47127,wind-ofs,0.0,0.0,0.0,0.0,0.0
p47127,wind-ons,0.0,0.0,0.0,0.0,0.0
p47131,battery,0.0,0.0,0.0,0.0,0.0
p47131,biomass,0.0,0.0,0.0,0.0,0.0
p47131,coal,0.0,0.0,0.0,0.0,0.0
p47131,gas,0.0,0.0,0.0,0.0,0.0
p47131,geothermal,0.0,0.0,0.0,0.0,0.0
p47131,h2,0.0,0.0,0.0,0.0,0.0
p47131,hydro,0.0,0.0,0.0,0.0,0.0
p47131,nuclear,0.0,0.0,0.0,0.0,0.0
p47131,pumped-hydro,0.0,0.0,0.0,0.0,0.0
p47131,pv,150.0,150.0,150.0,150.0,150.0
p47131,wind-ofs,0.0,0.0,0.0,0.0,0.0
p47131,wind-ons,0.0,0.0,0.0,0.0,0.0
p47143,battery,0.0,0.0,0.0,0.0,0.0
p47143,biomass,0.0,0.0,0.0,0.0,0.0
p47143,coal,0.0,0.0,0.0,0.0,0.0
p47143,gas,0.0,0.0,0.0,0.0,0.0
p47143,geothermal,0.0,0.0,0.0,0.0,0.0
p47143,h2,0.0,0.0,0.0,0.0,0.0
p47143,hydro,0.0,0.0,0.0,0.0,0.0
p47143,nuclear,0.0,0.0,0.0,0.0,0.0
p47143,pumped-hydro,0.0,0.0,0.0,0.0,0.0
p47143,pv,150.0,150.0,150.0,150.0,150.0
p47143,wind-ofs,0.0,0.0,0.0,0.0,0.0
p47143,wind-ons,0.0,0.0,0.0,0.0,0.0
p47145,battery,100.0,100.0,100.0,100.0,100.0
p47145,biomass,0.0,0.0,0.0,0.0,0.0
p47145,coal,0.0,0.0,0.0,0.0,0.0
p47145,gas,1689.0,1689.0,1689.0,1689.0,1689.0
p47145,geothermal,0.0,0.0,0.0,0.0,0.0
p47145,h2,0.0,0.0,0.0,0.0,0.0
p47145,hydro,0.0,0.0,0.0,0.0,0.0
p47145,nuclear,0.0,0.0,0.0,0.0,0.0
p47145,pumped-hydro,0.0,0.0,0.0,0.0,0.0
p47145,pv,0.0,0.0,0.0,0.0,0.0
p47145,wind-ofs,0.0,0.0,0.0,0.0,0.0
p47145,wind-ons,0.0,0.0,0.0,0.0,0.0
p47157,battery,300.0,300.0,300.0,300.0,300.0
p47157,biomass,0.0,0.0,0.0,0.0,0.0
p47157,coal,0.0,0.0,0.0,0.0,0.0
p47157,gas,2338.0,2338.0,2338.0,2338.0,2338.0
p47157,geothermal,0.0,0.0,0.0,0.0,0.0
p47157,h2,0.0,0.0,0.0,0.0,0.0
p47157,hydro,0.0,0.0,0.0,0.0,0.0
p47157,nuclear,0.0,0.0,0.0,0.0,0.0
p47157,pumped-hydro,0.0,0.0,0.0,0.0,0.0
p47157,pv,148.0,148.0,148.0,148.0,148.0
p47157,wind-ofs,0.0,0.0,0.0,0.0,0.0
p47157,wind-ons,0.0,0.0,0.0,0.0,0.0
p47161,battery,0.0,0.0,0.0,0.0,0.0
p47161,biomass,0.0,0.0,0.0,0.0,0.0
p47161,coal,0.0,0.0,0.0,0.0,0.0
p47161,gas,2400.0,2400.0,2400.0,2400.0,2400.0
p47161,geothermal,0.0,0.0,0.0,0.0,0.0
p47161,h2,0.0,0.0,0.0,0.0,0.0
p47161,hydro,0.0,0.0,0.0,0.0,0.0
p47161,nuclear,0.0,0.0,0.0,0.0,0.0
p47161,pumped-hydro,0.0,0.0,0.0,0.0,0.0
p47161,pv,0.0,0.0,0.0,0.0,0.0
p47161,wind-ofs,0.0,0.0,0.0,0.0,0.0
p47161,wind-ons,0.0,0.0,0.0,0.0,0.0
p47169,battery,0.0,0.0,0.0,0.0,0.0
p47169,biomass,0.0,0.0,0.0,0.0,0.0
p47169,coal,0.0,0.0,0.0,0.0,0.0
p47169,gas,2400.0,2400.0,2400.0,2400.0,2400.0
p47169,geothermal,0.0,0.0,0.0,0.0,0.0
p47169,h2,0.0,0.0,0.0,0.0,0.0
p47169,hydro,0.0,0.0,0.0,0.0,0.0
p47169,nuclear,0.0,0.0,0.0,0.0,0.0
p47169,pumped-hydro,0.0,0.0,0.0,0.0,0.0
p47169,pv,0.0,0.0,0.0,0.0,0.0
p47169,wind-ofs,0.0,0.0,0.0,0.0,0.0
p47169,wind-ons,0.0,0.0,0.0,0.0,0.0
p47181,battery,20.0,20.0,20.0,20.0,20.0
p47181,biomass,0.0,0.0,0.0,0.0,0.0
p47181,coal,0.0,0.0,0.0,0.0,0.0
p47181,gas,0.0,0.0,0.0,0.0,0.0
p47181,geothermal,0.0,0.0,0.0,0.0,0.0
p47181,h2,0.0,0.0,0.0,0.0,0.0
p47181,hydro,0.0,0.0,0.0,0.0,0.0
p47181,nuclear,0.0,0.0,0.0,0.0,0.0
p47181,pumped-hydro,0.0,0.0,0.0,0.0,0.0
p47181,pv,0.0,0.0,0.0,0.0,0.0
p47181,wind-ofs,0.0,0.0,0.0,0.0,0.0
p47181,wind-ons,0.0,0.0,0.0,0.0,0.0
p48001,battery,341.40999999999997,341.40999999999997,341.40999999999997,341.40999999999997,341.40999999999997
p48001,biomass,0.0,0.0,0.0,0.0,0.0
p48001,coal,0.0,0.0,0.0,0.0,0.0
p48001,gas,0.0,0.0,0.0,0.0,0.0
p48001,geothermal,0.0,0.0,0.0,0.0,0.0
p48001,h2,0.0,0.0,0.0,0.0,0.0
p48001,hydro,0.0,0.0,0.0,0.0,0.0
p48001,nuclear,0.0,0.0,0.0,0.0,0.0
p48001,pumped-hydro,0.0,0.0,0.0,0.0,0.0
p48001,pv,338.17999999999995,338.17999999999995,338.17999999999995,338.17999999999995,338.17999999999995
p48001,wind-ofs,0.0,0.0,0.0,0.0,0.0
p48001,wind-ons,0.0,0.0,0.0,0.0,0.0
p48003,battery,808.55,808.55,808.55,808.55,808.55
p48003,biomass,0.0,0.0,0.0,0.0,0.0
p48003,coal,0.0,0.0,0.0,0.0,0.0
p48003,gas,0.0,0.0,0.0,0.0,0.0
p48003,geothermal,0.0,0.0,0.0,0.0,0.0
p48003,h2,0.0,0.0,0.0,0.0,0.0
p48003,hydro,0.0,0.0,0.0,0.0,0.0
p48003,nuclear,0.0,0.0,0.0,0.0,0.0
p48003,pumped-hydro,0.0,0.0,0.0,0.0,0.0
p48003,pv,400.0,400.0,400.0,400.0,400.0
p48003,wind-ofs,0.0,0.0,0.0,0.0,0.0
p48003,wind-ons,0.0,0.0,0.0,0.0,0.0
p48005,battery,529.94,529.94,529.94,529.94,529.94
p48005,biomass,0.0,0.0,0.0,0.0,0.0
p48005,coal,0.0,0.0,0.0,0.0,0.0
p48005,gas,600.0,600.0,600.0,600.0,600.0
p48005,geothermal,0.0,0.0,0.0,0.0,0.0
p48005,h2,0.0,0.0,0.0,0.0,0.0
p48005,hydro,0.0,0.0,0.0,0.0,0.0
p48005,nuclear,0.0,0.0,0.0,0.0,0.0
p48005,pumped-hydro,0.0,0.0,0.0,0.0,0.0
p48005,pv,362.0,362.0,362.0,362.0,362.0
p48005,wind-ofs,0.0,0.0,0.0,0.0,0.0
p48005,wind-ons,0.0,0.0,0.0,0.0,0.0
p48007,battery,200.0,200.0,200.0,200.0,200.0
p48007,biomass,0.0,0.0,0.0,0.0,0.0
p48007,coal,0.0,0.0,0.0,0.0,0.0
p48007,gas,0.0,0.0,0.0,0.0,0.0
p48007,geothermal,0.0,0.0,0.0,0.0,0.0
p48007,h2,0.0,0.0,0.0,0.0,0.0
p48007,hydro,0.0,0.0,0.0,0.0,0.0
p48007,nuclear,0.0,0.0,0.0,0.0,0.0
p48007,pumped-hydro,0.0,0.0,0.0,0.0,0.0
p48007,pv,0.0,0.0,0.0,0.0,0.0
p48007,wind-ofs,0.0,0.0,0.0,0.0,0.0
p48007,wind-ons,0.0,0.0,0.0,0.0,0.0
p48009,battery,643.11,643.11,643.11,643.11,643.11
p48009,biomass,0.0,0.0,0.0,0.0,0.0
p48009,coal,0.0,0.0,0.0,0.0,0.0
p48009,gas,0.0,0.0,0.0,0.0,0.0
p48009,geothermal,0.0,0.0,0.0,0.0,0.0
p48009,h2,0.0,0.0,0.0,0.0,0.0
p48009,hydro,0.0,0.0,0.0,0.0,0.0
p48009,nuclear,0.0,0.0,0.0,0.0,0.0
p48009,pumped-hydro,0.0,0.0,0.0,0.0,0.0
p48009,pv,398.89000000000004,398.89000000000004,398.89000000000004,398.89000000000004,398.89000000000004
p48009,wind-ofs,0.0,0.0,0.0,0.0,0.0
p48009,wind-ons,18.7,18.7,18.7,18.7,18.7
p48011,battery,421.5,421.5,421.5,421.5,421.5
p48011,biomass,0.0,0.0,0.0,0.0,0.0
p48011,coal,0.0,0.0,0.0,0.0,0.0
p48011,gas,0.0,0.0,0.0,0.0,0.0
p48011,geothermal,0.0,0.0,0.0,0.0,0.0
p48011,h2,0.0,0.0,0.0,0.0,0.0
p48011,hydro,0.0,0.0,0.0,0.0,0.0
p48011,nuclear,0.0,0.0,0.0,0.0,0.0
p48011,pumped-hydro,0.0,0.0,0.0,0.0,0.0
p48011,pv,509.6,509.6,509.6,509.6,509.6
p48011,wind-ofs,0.0,0.0,0.0,0.0,0.0
p48011,wind-ons,518.4,518.4,518.4,518.4,518.4
p48013,battery,223.25,223.25,223.25,223.25,223.25
p48013,biomass,0.0,0.0,0.0,0.0,0.0
p48013,coal,0.0,0.0,0.0,0.0,0.0
p48013,gas,0.0,0.0,0.0,0.0,0.0
p48013,geothermal,0.0,0.0,0.0,0.0,0.0
p48013,h2,0.0,0.0,0.0,0.0,0.0
p48013,hydro,0.0,0.0,0.0,0.0,0.0
p48013,nuclear,0.0,0.0,0.0,0.0,0.0
p48013,pumped-hydro,0.0,0.0,0.0,0.0,0.0
p48013,pv,836.84,836.84,836.84,836.84,836.84
p48013,wind-ofs,0.0,0.0,0.0,0.0,0.0
p48013,wind-ons,0.0,0.0,0.0,0.0,0.0
p48015,battery,1728.36,1728.36,1728.36,1728.36,1728.36
p48015,biomass,0.0,0.0,0.0,0.0,0.0
p48015,coal,0.0,0.0,0.0,0.0,0.0
p48015,gas,1972.6,1972.6,1972.6,1972.6,1972.6
p48015,geothermal,0.0,0.0,0.0,0.0,0.0
p48015,h2,0.0,0.0,0.0,0.0,0.0
p48015,hydro,0.0,0.0,0.0,0.0,0.0
p48015,nuclear,0.0,0.0,0.0,0.0,0.0
p48015,pumped-hydro,0.0,0.0,0.0,0.0,0.0
p48015,pv,343.26,343.26,343.26,343.26,343.26
p48015,wind-ofs,0.0,0.0,0.0,0.0,0.0
p48015,wind-ons,0.0,0.0,0.0,0.0,0.0
p48017,battery,170.0,170.0,170.0,170.0,170.0
p48017,biomass,0.0,0.0,0.0,0.0,0.0
p48017,coal,0.0,0.0,0.0,0.0,0.0
p48017,gas,0.0,0.0,0.0,0.0,0.0
p48017,geothermal,0.0,0.0,0.0,0.0,0.0
p48017,h2,0.0,0.0,0.0,0.0,0.0
p48017,hydro,0.0,0.0,0.0,0.0,0.0
p48017,nuclear,0.0,0.0,0.0,0.0,0.0
p48017,pumped-hydro,0.0,0.0,0.0,0.0,0.0
p48017,pv,585.0,585.0,585.0,585.0,585.0
p48017,wind-ofs,0.0,0.0,0.0,0.0,0.0
p48017,wind-ons,0.0,0.0,0.0,0.0,0.0
p48019,battery,230.72,230.72,230.72,230.72,230.72
p48019,biomass,0.0,0.0,0.0,0.0,0.0
p48019,coal,0.0,0.0,0.0,0.0,0.0
p48019,gas,0.0,0.0,0.0,0.0,0.0
p48019,geothermal,0.0,0.0,0.0,0.0,0.0
p48019,h2,0.0,0.0,0.0,0.0,0.0
p48019,hydro,0.0,0.0,0.0,0.0,0.0
p48019,nuclear,0.0,0.0,0.0,0.0,0.0
p48019,pumped-hydro,0.0,0.0,0.0,0.0,0.0
p48019,pv,124.65,124.65,124.65,124.65,124.65
p48019,wind-ofs,0.0,0.0,0.0,0.0,0.0
p48019,wind-ons,0.0,0.0,0.0,0.0,0.0
p48021,battery,1052.4099999999999,1052.4099999999999,1052.4099999999999,1052.4099999999999,1052.4099999999999
p48021,biomass,0.0,0.0,0.0,0.0,0.0
p48021,coal,0.0,0.0,0.0,0.0,0.0
p48021,gas,1104.0,1104.0,1104.0,1104.0,1104.0
p48021,geothermal,0.0,0.0,0.0,0.0,0.0
p48021,h2,0.0,0.0,0.0,0.0,0.0
p48021,hydro,0.0,0.0,0.0,0.0,0.0
p48021,nuclear,0.0,0.0,0.0,0.0,0.0
p48021,pumped-hydro,0.0,0.0,0.0,0.0,0.0
p48021,pv,465.34000000000003,465.34000000000003,465.34000000000003,465.34000000000003,465.34000000000003
p48021,wind-ofs,0.0,0.0,0.0,0.0,0.0
p48021,wind-ons,0.0,0.0,0.0,0.0,0.0
p48023,battery,0.0,0.0,0.0,0.0,0.0
p48023,biomass,0.0,0.0,0.0,0.0,0.0
p48023,coal,0.0,0.0,0.0,0.0,0.0
p48023,gas,0.0,0.0,0.0,0.0,0.0
p48023,geothermal,0.0,0.0,0.0,0.0,0.0
p48023,h2,0.0,0.0,0.0,0.0,0.0
p48023,hydro,0.0,0.0,0.0,0.0,0.0
p48023,nuclear,0.0,0.0,0.0,0.0,0.0
p48023,pumped-hydro,0.0,0.0,0.0,0.0,0.0
p48023,pv,0.0,0.0,0.0,0.0,0.0
p48023,wind-ofs,0.0,0.0,0.0,0.0,0.0
p48023,wind-ons,907.5,907.5,907.5,907.5,907.5
p48025,battery,556.36,556.36,556.36,556.36,556.36
p48025,biomass,0.0,0.0,0.0,0.0,0.0
p48025,coal,0.0,0.0,0.0,0.0,0.0
p48025,gas,0.0,0.0,0.0,0.0,0.0
p48025,geothermal,0.0,0.0,0.0,0.0,0.0
p48025,h2,0.0,0.0,0.0,0.0,0.0
p48025,hydro,0.0,0.0,0.0,0.0,0.0
p48025,nuclear,0.0,0.0,0.0,0.0,0.0
p48025,pumped-hydro,0.0,0.0,0.0,0.0,0.0
p48025,pv,995.39,995.39,995.39,995.39,995.39
p48025,wind-ofs,0.0,0.0,0.0,0.0,0.0
p48025,wind-ons,536.4,536.4,536.4,536.4,536.4
p48027,battery,1902.1399999999999,1902.1399999999999,1902.1399999999999,1902.1399999999999,1902.1399999999999
p48027,biomass,0.0,0.0,0.0,0.0,0.0
p48027,coal,0.0,0.0,0.0,0.0,0.0
p48027,gas,134.0,134.0,134.0,134.0,134.0
p48027,geothermal,0.0,0.0,0.0,0.0,0.0
p48027,h2,0.0,0.0,0.0,0.0,0.0
p48027,hydro,0.0,0.0,0.0,0.0,0.0
p48027,nuclear,0.0,0.0,0.0,0.0,0.0
p48027,pumped-hydro,0.0,0.0,0.0,0.0,0.0
p48027,pv,2787.48,2787.48,2787.48,2787.48,2787.48
p48027,wind-ofs,0.0,0.0,0.0,0.0,0.0
p48027,wind-ons,0.0,0.0,0.0,0.0,0.0
p48029,battery,4451.77,4451.77,4451.77,4451.77,4451.77
p48029,biomass,0.0,0.0,0.0,0.0,0.0
p48029,coal,0.0,0.0,0.0,0.0,0.0
p48029,gas,34.5,34.5,34.5,34.5,34.5
p48029,geothermal,0.0,0.0,0.0,0.0,0.0
p48029,h2,0.0,0.0,0.0,0.0,0.0
p48029,hydro,0.0,0.0,0.0,0.0,0.0
p48029,nuclear,0.0,0.0,0.0,0.0,0.0
p48029,pumped-hydro,0.0,0.0,0.0,0.0,0.0
p48029,pv,304.64,304.64,304.64,304.64,304.64
p48029,wind-ofs,0.0,0.0,0.0,0.0,0.0
p48029,wind-ons,0.0,0.0,0.0,0.0,0.0
p48031,battery,153.8,153.8,153.8,153.8,153.8
p48031,biomass,0.0,0.0,0.0,0.0,0.0
p48031,coal,0.0,0.0,0.0,0.0,0.0
p48031,gas,0.0,0.0,0.0,0.0,0.0
p48031,geothermal,0.0,0.0,0.0,0.0,0.0
p48031,h2,0.0,0.0,0.0,0.0,0.0
p48031,hydro,0.0,0.0,0.0,0.0,0.0
p48031,nuclear,0.0,0.0,0.0,0.0,0.0
p48031,pumped-hydro,0.0,0.0,0.0,0.0,0.0
p48031,pv,0.0,0.0,0.0,0.0,0.0
p48031,wind-ofs,0.0,0.0,0.0,0.0,0.0
p48031,wind-ons,0.0,0.0,0.0,0.0,0.0
p48033,battery,909.0999999999999,909.0999999999999,909.0999999999999,909.0999999999999,909.0999999999999
p48033,biomass,0.0,0.0,0.0,0.0,0.0
p48033,coal,0.0,0.0,0.0,0.0,0.0
p48033,gas,0.0,0.0,0.0,0.0,0.0
p48033,geothermal,0.0,0.0,0.0,0.0,0.0
p48033,h2,0.0,0.0,0.0,0.0,0.0
p48033,hydro,0.0,0.0,0.0,0.0,0.0
p48033,nuclear,0.0,0.0,0.0,0.0,0.0
p48033,pumped-hydro,0.0,0.0,0.0,0.0,0.0
p48033,pv,1160.45,1160.45,1160.45,1160.45,1160.45
p48033,wind-ofs,0.0,0.0,0.0,0.0,0.0
p48033,wind-ons,12.4,12.4,12.4,12.4,12.4
p48035,battery,667.5799999999999,667.5799999999999,667.5799999999999,667.5799999999999,667.5799999999999
p48035,biomass,0.0,0.0,0.0,0.0,0.0
p48035,coal,0.0,0.0,0.0,0.0,0.0
p48035,gas,0.0,0.0,0.0,0.0,0.0
p48035,geothermal,0.0,0.0,0.0,0.0,0.0
p48035,h2,0.0,0.0,0.0,0.0,0.0
p48035,hydro,0.0,0.0,0.0,0.0,0.0
p48035,nuclear,0.0,0.0,0.0,0.0,0.0
p48035,pumped-hydro,0.0,0.0,0.0,0.0,0.0
p48035,pv,1356.2,1356.2,1356.2,1356.2,1356.2
p48035,wind-ofs,0.0,0.0,0.0,0.0,0.0
p48035,wind-ons,0.0,0.0,0.0,0.0,0.0
p48037,battery,0.0,0.0,0.0,0.0,0.0
p48037,biomass,0.0,0.0,0.0,0.0,0.0
p48037,coal,0.0,0.0,0.0,0.0,0.0
p48037,gas,0.0,0.0,0.0,0.0,0.0
p48037,geothermal,0.0,0.0,0.0,0.0,0.0
p48037,h2,0.0,0.0,0.0,0.0,0.0
p48037,hydro,0.0,0.0,0.0,0.0,0.0
p48037,nuclear,0.0,0.0,0.0,0.0,0.0
p48037,pumped-hydro,0.0,0.0,0.0,0.0,0.0
p48037,pv,1200.0,1200.0,1200.0,1200.0,1200.0
p48037,wind-ofs,0.0,0.0,0.0,0.0,0.0
p48037,wind-ons,0.0,0.0,0.0,0.0,0.0
p48039,battery,8021.4800000000005,8021.4800000000005,8021.4800000000005,8021.4800000000005,8021.4800000000005
p48039,biomass,0.0,0.0,0.0,0.0,0.0
p48039,coal,0.0,0.0,0.0,0.0,0.0
p48039,gas,505.46000000000004,505.46000000000004,505.46000000000004,505.46000000000004,505.46000000000004
p48039,geothermal,0.0,0.0,0.0,0.0,0.0
p48039,h2,0.0,0.0,0.0,0.0,0.0
p48039,hydro,0.0,0.0,0.0,0.0,0.0
p48039,nuclear,0.0,0.0,0.0,0.0,0.0
p48039,pumped-hydro,0.0,0.0,0.0,0.0,0.0
p48039,pv,6885.38,6885.38,6885.38,6885.38,6885.38
p48039,wind-ofs,0.0,0.0,0.0,0.0,0.0
p48039,wind-ons,1744.33,1744.33,1744.33,1744.33,1744.33
p48041,battery,618.45,618.45,618.45,618.45,618.45
p48041,biomass,0.0,0.0,0.0,0.0,0.0
p48041,coal,0.0,0.0,0.0,0.0,0.0
p48041,gas,0.0,0.0,0.0,0.0,0.0
p48041,geothermal,0.0,0.0,0.0,0.0,0.0
p48041,h2,0.0,0.0,0.0,0.0,0.0
p48041,hydro,0.0,0.0,0.0,0.0,0.0
p48041,nuclear,0.0,0.0,0.0,0.0,0.0
p48041,pumped-hydro,0.0,0.0,0.0,0.0,0.0
p48041,pv,402.6,402.6,402.6,402.6,402.6
p48041,wind-ofs,0.0,0.0,0.0,0.0,0.0
p48041,wind-ons,0.0,0.0,0.0,0.0,0.0
p48045,battery,410.94,410.94,410.94,410.94,410.94
p48045,biomass,0.0,0.0,0.0,0.0,0.0
p48045,coal,0.0,0.0,0.0,0.0,0.0
p48045,gas,0.0,0.0,0.0,0.0,0.0
p48045,geothermal,0.0,0.0,0.0,0.0,0.0
p48045,h2,0.0,0.0,0.0,0.0,0.0
p48045,hydro,0.0,0.0,0.0,0.0,0.0
p48045,nuclear,0.0,0.0,0.0,0.0,0.0
p48045,pumped-hydro,0.0,0.0,0.0,0.0,0.0
p48045,pv,903.3,903.3,903.3,903.3,903.3
p48045,wind-ofs,0.0,0.0,0.0,0.0,0.0
p48045,wind-ons,658.8,658.8,658.8,658.8,658.8
p48047,battery,410.7,410.7,410.7,410.7,410.7
p48047,biomass,0.0,0.0,0.0,0.0,0.0
p48047,coal,0.0,0.0,0.0,0.0,0.0
p48047,gas,0.0,0.0,0.0,0.0,0.0
p48047,geothermal,0.0,0.0,0.0,0.0,0.0
p48047,h2,0.0,0.0,0.0,0.0,0.0
p48047,hydro,0.0,0.0,0.0,0.0,0.0
p48047,nuclear,0.0,0.0,0.0,0.0,0.0
p48047,pumped-hydro,0.0,0.0,0.0,0.0,0.0
p48047,pv,453.16999999999996,453.16999999999996,453.16999999999996,453.16999999999996,453.16999999999996
p48047,wind-ofs,0.0,0.0,0.0,0.0,0.0
p48047,wind-ons,0.0,0.0,0.0,0.0,0.0
p48049,battery,1311.5700000000002,1311.5700000000002,1311.5700000000002,1311.5700000000002,1311.5700000000002
p48049,biomass,0.0,0.0,0.0,0.0,0.0
p48049,coal,0.0,0.0,0.0,0.0,0.0
p48049,gas,0.0,0.0,0.0,0.0,0.0
p48049,geothermal,0.0,0.0,0.0,0.0,0.0
p48049,h2,0.0,0.0,0.0,0.0,0.0
p48049,hydro,0.0,0.0,0.0,0.0,0.0
p48049,nuclear,0.0,0.0,0.0,0.0,0.0
p48049,pumped-hydro,0.0,0.0,0.0,0.0,0.0
p48049,pv,1142.94,1142.94,1142.94,1142.94,1142.94
p48049,wind-ofs,0.0,0.0,0.0,0.0,0.0
p48049,wind-ons,0.0,0.0,0.0,0.0,0.0
p48053,battery,434.54,434.54,434.54,434.54,434.54
p48053,biomass,0.0,0.0,0.0,0.0,0.0
p48053,coal,0.0,0.0,0.0,0.0,0.0
p48053,gas,0.0,0.0,0.0,0.0,0.0
p48053,geothermal,0.0,0.0,0.0,0.0,0.0
p48053,h2,0.0,0.0,0.0,0.0,0.0
p48053,hydro,0.0,0.0,0.0,0.0,0.0
p48053,nuclear,0.0,0.0,0.0,0.0,0.0
p48053,pumped-hydro,0.0,0.0,0.0,0.0,0.0
p48053,pv,82.55,82.55,82.55,82.55,82.55
p48053,wind-ofs,0.0,0.0,0.0,0.0,0.0
p48053,wind-ons,0.0,0.0,0.0,0.0,0.0
p48055,battery,755.95,755.95,755.95,755.95,755.95
p48055,biomass,0.0,0.0,0.0,0.0,0.0
p48055,coal,0.0,0.0,0.0,0.0,0.0
p48055,gas,753.6,753.6,753.6,753.6,753.6
p48055,geothermal,0.0,0.0,0.0,0.0,0.0
p48055,h2,0.0,0.0,0.0,0.0,0.0
p48055,hydro,0.0,0.0,0.0,0.0,0.0
p48055,nuclear,0.0,0.0,0.0,0.0,0.0
p48055,pumped-hydro,0.0,0.0,0.0,0.0,0.0
p48055,pv,306.56,306.56,306.56,306.56,306.56
p48055,wind-ofs,0.0,0.0,0.0,0.0,0.0
p48055,wind-ons,0.0,0.0,0.0,0.0,0.0
p48057,battery,101.0,101.0,101.0,101.0,101.0
p48057,biomass,0.0,0.0,0.0,0.0,0.0
p48057,coal,0.0,0.0,0.0,0.0,0.0
p48057,gas,0.0,0.0,0.0,0.0,0.0
p48057,geothermal,0.0,0.0,0.0,0.0,0.0
p48057,h2,0.0,0.0,0.0,0.0,0.0
p48057,hydro,0.0,0.0,0.0,0.0,0.0
p48057,nuclear,0.0,0.0,0.0,0.0,0.0
p48057,pumped-hydro,0.0,0.0,0.0,0.0,0.0
p48057,pv,390.0,390.0,390.0,390.0,390.0
p48057,wind-ofs,0.0,0.0,0.0,0.0,0.0
p48057,wind-ons,0.0,0.0,0.0,0.0,0.0
p48059,battery,206.0,206.0,206.0,206.0,206.0
p48059,biomass,0.0,0.0,0.0,0.0,0.0
p48059,coal,0.0,0.0,0.0,0.0,0.0
p48059,gas,0.0,0.0,0.0,0.0,0.0
p48059,geothermal,0.0,0.0,0.0,0.0,0.0
p48059,h2,0.0,0.0,0.0,0.0,0.0
p48059,hydro,0.0,0.0,0.0,0.0,0.0
p48059,nuclear,0.0,0.0,0.0,0.0,0.0
p48059,pumped-hydro,0.0,0.0,0.0,0.0,0.0
p48059,pv,1652.74,1652.74,1652.74,1652.74,1652.74
p48059,wind-ofs,0.0,0.0,0.0,0.0,0.0
p48059,wind-ons,700.0,700.0,700.0,700.0,700.0
p48061,battery,2555.84,2555.84,2555.84,2555.84,2555.84
p48061,biomass,0.0,0.0,0.0,0.0,0.0
p48061,coal,0.0,0.0,0.0,0.0,0.0
p48061,gas,1536.4,1536.4,1536.4,1536.4,1536.4
p48061,geothermal,0.0,0.0,0.0,0.0,0.0
p48061,h2,0.0,0.0,0.0,0.0,0.0
p48061,hydro,0.0,0.0,0.0,0.0,0.0
p48061,nuclear,0.0,0.0,0.0,0.0,0.0
p48061,pumped-hydro,0.0,0.0,0.0,0.0,0.0
p48061,pv,1061.1399999999999,1061.1399999999999,1061.1399999999999,1061.1399999999999,1061.1399999999999
p48061,wind-ofs,0.0,0.0,0.0,0.0,0.0
p48061,wind-ons,300.0,300.0,300.0,300.0,300.0
p48063,battery,0.0,0.0,0.0,0.0,0.0
p48063,biomass,0.0,0.0,0.0,0.0,0.0
p48063,coal,0.0,0.0,0.0,0.0,0.0
p48063,gas,0.0,0.0,0.0,0.0,0.0
p48063,geothermal,0.0,0.0,0.0,0.0,0.0
p48063,h2,0.0,0.0,0.0,0.0,0.0
p48063,hydro,0.0,0.0,0.0,0.0,0.0
p48063,nuclear,0.0,0.0,0.0,0.0,0.0
p48063,pumped-hydro,0.0,0.0,0.0,0.0,0.0
p48063,pv,300.0,300.0,300.0,300.0,300.0
p48063,wind-ofs,0.0,0.0,0.0,0.0,0.0
p48063,wind-ons,0.0,0.0,0.0,0.0,0.0
p48065,battery,572.3,572.3,572.3,572.3,572.3
p48065,biomass,0.0,0.0,0.0,0.0,0.0
p48065,coal,0.0,0.0,0.0,0.0,0.0
p48065,gas,0.0,0.0,0.0,0.0,0.0
p48065,geothermal,0.0,0.0,0.0,0.0,0.0
p48065,h2,0.0,0.0,0.0,0.0,0.0
p48065,hydro,0.0,0.0,0.0,0.0,0.0
p48065,nuclear,0.0,0.0,0.0,0.0,0.0
p48065,pumped-hydro,0.0,0.0,0.0,0.0,0.0
p48065,pv,439.4,439.4,439.4,439.4,439.4
p48065,wind-ofs,0.0,0.0,0.0,0.0,0.0
p48065,wind-ons,1200.0,1200.0,1200.0,1200.0,1200.0
p48067,battery,0.0,0.0,0.0,0.0,0.0
p48067,biomass,0.0,0.0,0.0,0.0,0.0
p48067,coal,0.0,0.0,0.0,0.0,0.0
p48067,gas,0.0,0.0,0.0,0.0,0.0
p48067,geothermal,0.0,0.0,0.0,0.0,0.0
p48067,h2,0.0,0.0,0.0,0.0,0.0
p48067,hydro,0.0,0.0,0.0,0.0,0.0
p48067,nuclear,0.0,0.0,0.0,0.0,0.0
p48067,pumped-hydro,0.0,0.0,0.0,0.0,0.0
p48067,pv,278.0,278.0,278.0,278.0,278.0
p48067,wind-ofs,0.0,0.0,0.0,0.0,0.0
p48067,wind-ons,0.0,0.0,0.0,0.0,0.0
p48069,battery,552.64,552.64,552.64,552.64,552.64
p48069,biomass,0.0,0.0,0.0,0.0,0.0
p48069,coal,0.0,0.0,0.0,0.0,0.0
p48069,gas,0.0,0.0,0.0,0.0,0.0
p48069,geothermal,0.0,0.0,0.0,0.0,0.0
p48069,h2,0.0,0.0,0.0,0.0,0.0
p48069,hydro,0.0,0.0,0.0,0.0,0.0
p48069,nuclear,0.0,0.0,0.0,0.0,0.0
p48069,pumped-hydro,0.0,0.0,0.0,0.0,0.0
p48069,pv,1618.0,1618.0,1618.0,1618.0,1618.0
p48069,wind-ofs,0.0,0.0,0.0,0.0,0.0
p48069,wind-ons,1170.0,1170.0,1170.0,1170.0,1170.0
p48071,battery,759.48,759.48,759.48,759.48,759.48
p48071,biomass,0.0,0.0,0.0,0.0,0.0
p48071,coal,0.0,0.0,0.0,0.0,0.0
p48071,gas,1394.0,1394.0,1394.0,1394.0,1394.0
p48071,geothermal,0.0,0.0,0.0,0.0,0.0
p48071,h2,0.0,0.0,0.0,0.0,0.0
p48071,hydro,0.0,0.0,0.0,0.0,0.0
p48071,nuclear,0.0,0.0,0.0,0.0,0.0
p48071,pumped-hydro,0.0,0.0,0.0,0.0,0.0
p48071,pv,212.4,212.4,212.4,212.4,212.4
p48071,wind-ofs,0.0,0.0,0.0,0.0,0.0
p48071,wind-ons,0.0,0.0,0.0,0.0,0.0
p48073,battery,151.63,151.63,151.63,151.63,151.63
p48073,biomass,0.0,0.0,0.0,0.0,0.0
p48073,coal,0.0,0.0,0.0,0.0,0.0
p48073,gas,0.0,0.0,0.0,0.0,0.0
p48073,geothermal,0.0,0.0,0.0,0.0,0.0
p48073,h2,0.0,0.0,0.0,0.0,0.0
p48073,hydro,0.0,0.0,0.0,0.0,0.0
p48073,nuclear,0.0,0.0,0.0,0.0,0.0
p48073,pumped-hydro,0.0,0.0,0.0,0.0,0.0
p48073,pv,0.0,0.0,0.0,0.0,0.0
p48073,wind-ofs,0.0,0.0,0.0,0.0,0.0
p48073,wind-ons,0.0,0.0,0.0,0.0,0.0
p48075,battery,100.0,100.0,100.0,100.0,100.0
p48075,biomass,0.0,0.0,0.0,0.0,0.0
p48075,coal,0.0,0.0,0.0,0.0,0.0
p48075,gas,0.0,0.0,0.0,0.0,0.0
p48075,geothermal,0.0,0.0,0.0,0.0,0.0
p48075,h2,0.0,0.0,0.0,0.0,0.0
p48075,hydro,0.0,0.0,0.0,0.0,0.0
p48075,nuclear,0.0,0.0,0.0,0.0,0.0
p48075,pumped-hydro,0.0,0.0,0.0,0.0,0.0
p48075,pv,1039.6399999999999,1039.6399999999999,1039.6399999999999,1039.6399999999999,1039.6399999999999
p48075,wind-ofs,0.0,0.0,0.0,0.0,0.0
p48075,wind-ons,0.0,0.0,0.0,0.0,0.0
p48077,battery,805.44,805.44,805.44,805.44,805.44
p48077,biomass,0.0,0.0,0.0,0.0,0.0
p48077,coal,0.0,0.0,0.0,0.0,0.0
p48077,gas,0.0,0.0,0.0,0.0,0.0
p48077,geothermal,0.0,0.0,0.0,0.0,0.0
p48077,h2,0.0,0.0,0.0,0.0,0.0
p48077,hydro,0.0,0.0,0.0,0.0,0.0
p48077,nuclear,0.0,0.0,0.0,0.0,0.0
p48077,pumped-hydro,0.0,0.0,0.0,0.0,0.0
p48077,pv,1343.12,1343.12,1343.12,1343.12,1343.12
p48077,wind-ofs,0.0,0.0,0.0,0.0,0.0
p48077,wind-ons,241.5,241.5,241.5,241.5,241.5
p48079,battery,240.0,240.0,240.0,240.0,240.0
p48079,biomass,0.0,0.0,0.0,0.0,0.0
p48079,coal,0.0,0.0,0.0,0.0,0.0
p48079,gas,0.0,0.0,0.0,0.0,0.0
p48079,geothermal,0.0,0.0,0.0,0.0,0.0
p48079,h2,0.0,0.0,0.0,0.0,0.0
p48079,hydro,0.0,0.0,0.0,0.0,0.0
p48079,nuclear,0.0,0.0,0.0,0.0,0.0
p48079,pumped-hydro,0.0,0.0,0.0,0.0,0.0
p48079,pv,0.0,0.0,0.0,0.0,0.0
p48079,wind-ofs,0.0,0.0,0.0,0.0,0.0
p48079,wind-ons,0.0,0.0,0.0,0.0,0.0
p48081,battery,535.39,535.39,535.39,535.39,535.39
p48081,biomass,0.0,0.0,0.0,0.0,0.0
p48081,coal,0.0,0.0,0.0,0.0,0.0
p48081,gas,0.0,0.0,0.0,0.0,0.0
p48081,geothermal,0.0,0.0,0.0,0.0,0.0
p48081,h2,0.0,0.0,0.0,0.0,0.0
p48081,hydro,0.0,0.0,0.0,0.0,0.0
p48081,nuclear,0.0,0.0,0.0,0.0,0.0
p48081,pumped-hydro,0.0,0.0,0.0,0.0,0.0
p48081,pv,300.0,300.0,300.0,300.0,300.0
p48081,wind-ofs,0.0,0.0,0.0,0.0,0.0
p48081,wind-ons,0.0,0.0,0.0,0.0,0.0
p48083,battery,140.53,140.53,140.53,140.53,140.53
p48083,biomass,0.0,0.0,0.0,0.0,0.0
p48083,coal,0.0,0.0,0.0,0.0,0.0
p48083,gas,0.0,0.0,0.0,0.0,0.0
p48083,geothermal,0.0,0.0,0.0,0.0,0.0
p48083,h2,0.0,0.0,0.0,0.0,0.0
p48083,hydro,0.0,0.0,0.0,0.0,0.0
p48083,nuclear,0.0,0.0,0.0,0.0,0.0
p48083,pumped-hydro,0.0,0.0,0.0,0.0,0.0
p48083,pv,801.16,801.16,801.16,801.16,801.16
p48083,wind-ofs,0.0,0.0,0.0,0.0,0.0
p48083,wind-ons,0.0,0.0,0.0,0.0,0.0
p48085,battery,1296.37,1296.37,1296.37,1296.37,1296.37
p48085,biomass,0.0,0.0,0.0,0.0,0.0
p48085,coal,0.0,0.0,0.0,0.0,0.0
p48085,gas,0.0,0.0,0.0,0.0,0.0
p48085,geothermal,0.0,0.0,0.0,0.0,0.0
p48085,h2,0.0,0.0,0.0,0.0,0.0
p48085,hydro,0.0,0.0,0.0,0.0,0.0
p48085,nuclear,0.0,0.0,0.0,0.0,0.0
p48085,pumped-hydro,0.0,0.0,0.0,0.0,0.0
p48085,pv,0.0,0.0,0.0,0.0,0.0
p48085,wind-ofs,0.0,0.0,0.0,0.0,0.0
p48085,wind-ons,0.0,0.0,0.0,0.0,0.0
p48089,battery,1111.02,1111.02,1111.02,1111.02,1111.02
p48089,biomass,0.0,0.0,0.0,0.0,0.0
p48089,coal,0.0,0.0,0.0,0.0,0.0
p48089,gas,121.8,121.8,121.8,121.8,121.8
p48089,geothermal,0.0,0.0,0.0,0.0,0.0
p48089,h2,0.0,0.0,0.0,0.0,0.0
p48089,hydro,0.0,0.0,0.0,0.0,0.0
p48089,nuclear,0.0,0.0,0.0,0.0,0.0
p48089,pumped-hydro,0.0,0.0,0.0,0.0,0.0
p48089,pv,1520.3600000000001,1520.3600000000001,1520.3600000000001,1520.3600000000001,1520.3600000000001
p48089,wind-ofs,0.0,0.0,0.0,0.0,0.0
p48089,wind-ons,0.0,0.0,0.0,0.0,0.0
p48093,battery,2045.26,2045.26,2045.26,2045.26,2045.26
p48093,biomass,0.0,0.0,0.0,0.0,0.0
p48093,coal,0.0,0.0,0.0,0.0,0.0
p48093,gas,0.0,0.0,0.0,0.0,0.0
p48093,geothermal,0.0,0.0,0.0,0.0,0.0
p48093,h2,0.0,0.0,0.0,0.0,0.0
p48093,hydro,0.0,0.0,0.0,0.0,0.0
p48093,nuclear,0.0,0.0,0.0,0.0,0.0
p48093,pumped-hydro,0.0,0.0,0.0,0.0,0.0
p48093,pv,837.9,837.9,837.9,837.9,837.9
p48093,wind-ofs,0.0,0.0,0.0,0.0,0.0
p48093,wind-ons,0.0,0.0,0.0,0.0,0.0
p48095,battery,615.0,615.0,615.0,615.0,615.0
p48095,biomass,0.0,0.0,0.0,0.0,0.0
p48095,coal,0.0,0.0,0.0,0.0,0.0
p48095,gas,0.0,0.0,0.0,0.0,0.0
p48095,geothermal,0.0,0.0,0.0,0.0,0.0
p48095,h2,0.0,0.0,0.0,0.0,0.0
p48095,hydro,0.0,0.0,0.0,0.0,0.0
p48095,nuclear,0.0,0.0,0.0,0.0,0.0
p48095,pumped-hydro,0.0,0.0,0.0,0.0,0.0
p48095,pv,1125.3000000000002,1125.3000000000002,1125.3000000000002,1125.3000000000002,1125.3000000000002
p48095,wind-ofs,0.0,0.0,0.0,0.0,0.0
p48095,wind-ons,405.4,405.4,405.4,405.4,405.4
p48097,battery,639.4,639.4,639.4,639.4,639.4
p48097,biomass,0.0,0.0,0.0,0.0,0.0
p48097,coal,0.0,0.0,0.0,0.0,0.0
p48097,gas,0.0,0.0,0.0,0.0,0.0
p48097,geothermal,0.0,0.0,0.0,0.0,0.0
p48097,h2,0.0,0.0,0.0,0.0,0.0
p48097,hydro,0.0,0.0,0.0,0.0,0.0
p48097,nuclear,0.0,0.0,0.0,0.0,0.0
p48097,pumped-hydro,0.0,0.0,0.0,0.0,0.0
p48097,pv,301.18,301.18,301.18,301.18,301.18
p48097,wind-ofs,0.0,0.0,0.0,0.0,0.0
p48097,wind-ons,378.16,378.16,378.16,378.16,378.16
p48099,battery,100.0,100.0,100.0,100.0,100.0
p48099,biomass,0.0,0.0,0.0,0.0,0.0
p48099,coal,0.0,0.0,0.0,0.0,0.0
p48099,gas,0.0,0.0,0.0,0.0,0.0
p48099,geothermal,0.0,0.0,0.0,0.0,0.0
p48099,h2,0.0,0.0,0.0,0.0,0.0
p48099,hydro,0.0,0.0,0.0,0.0,0.0
p48099,nuclear,0.0,0.0,0.0,0.0,0.0
p48099,pumped-hydro,0.0,0.0,0.0,0.0,0.0
p48099,pv,201.87,201.87,201.87,201.87,201.87
p48099,wind-ofs,0.0,0.0,0.0,0.0,0.0
p48099,wind-ons,0.0,0.0,0.0,0.0,0.0
p48101,battery,250.0,250.0,250.0,250.0,250.0
p48101,biomass,0.0,0.0,0.0,0.0,0.0
p48101,coal,0.0,0.0,0.0,0.0,0.0
p48101,gas,0.0,0.0,0.0,0.0,0.0
p48101,geothermal,0.0,0.0,0.0,0.0,0.0
p48101,h2,0.0,0.0,0.0,0.0,0.0
p48101,hydro,0.0,0.0,0.0,0.0,0.0
p48101,nuclear,0.0,0.0,0.0,0.0,0.0
p48101,pumped-hydro,0.0,0.0,0.0,0.0,0.0
p48101,pv,504.0,504.0,504.0,504.0,504.0
p48101,wind-ofs,0.0,0.0,0.0,0.0,0.0
p48101,wind-ons,501.96000000000004,501.96000000000004,501.96000000000004,501.96000000000004,501.96000000000004
p48103,battery,552.5699999999999,552.5699999999999,552.5699999999999,552.5699999999999,552.5699999999999
p48103,biomass,0.0,0.0,0.0,0.0,0.0
p48103,coal,0.0,0.0,0.0,0.0,0.0
p48103,gas,0.0,0.0,0.0,0.0,0.0
p48103,geothermal,0.0,0.0,0.0,0.0,0.0
p48103,h2,0.0,0.0,0.0,0.0,0.0
p48103,hydro,0.0,0.0,0.0,0.0,0.0
p48103,nuclear,0.0,0.0,0.0,0.0,0.0
p48103,pumped-hydro,0.0,0.0,0.0,0.0,0.0
p48103,pv,710.2,710.2,710.2,710.2,710.2
p48103,wind-ofs,0.0,0.0,0.0,0.0,0.0
p48103,wind-ons,0.0,0.0,0.0,0.0,0.0
p48105,battery,711.2,711.2,711.2,711.2,711.2
p48105,biomass,0.0,0.0,0.0,0.0,0.0
p48105,coal,0.0,0.0,0.0,0.0,0.0
p48105,gas,0.0,0.0,0.0,0.0,0.0
p48105,geothermal,0.0,0.0,0.0,0.0,0.0
p48105,h2,0.0,0.0,0.0,0.0,0.0
p48105,hydro,0.0,0.0,0.0,0.0,0.0
p48105,nuclear,0.0,0.0,0.0,0.0,0.0
p48105,pumped-hydro,0.0,0.0,0.0,0.0,0.0
p48105,pv,204.10000000000002,204.10000000000002,204.10000000000002,204.10000000000002,204.10000000000002
p48105,wind-ofs,0.0,0.0,0.0,0.0,0.0
p48105,wind-ons,978.6399999999999,978.6399999999999,978.6399999999999,978.6399999999999,978.6399999999999
p48107,battery,100.0,100.0,100.0,100.0,100.0
p48107,biomass,0.0,0.0,0.0,0.0,0.0
p48107,coal,0.0,0.0,0.0,0.0,0.0
p48107,gas,0.0,0.0,0.0,0.0,0.0
p48107,geothermal,0.0,0.0,0.0,0.0,0.0
p48107,h2,0.0,0.0,0.0,0.0,0.0
p48107,hydro,0.0,0.0,0.0,0.0,0.0
p48107,nuclear,0.0,0.0,0.0,0.0,0.0
p48107,pumped-hydro,0.0,0.0,0.0,0.0,0.0
p48107,pv,0.0,0.0,0.0,0.0,0.0
p48107,wind-ofs,0.0,0.0,0.0,0.0,0.0
p48107,wind-ons,600.0,600.0,600.0,600.0,600.0
p48109,battery,155.3,155.3,155.3,155.3,155.3
p48109,biomass,0.0,0.0,0.0,0.0,0.0
p48109,coal,0.0,0.0,0.0,0.0,0.0
p48109,gas,0.0,0.0,0.0,0.0,0.0
p48109,geothermal,0.0,0.0,0.0,0.0,0.0
p48109,h2,0.0,0.0,0.0,0.0,0.0
p48109,hydro,0.0,0.0,0.0,0.0,0.0
p48109,nuclear,0.0,0.0,0.0,0.0,0.0
p48109,pumped-hydro,0.0,0.0,0.0,0.0,0.0
p48109,pv,570.76,570.76,570.76,570.76,570.76
p48109,wind-ofs,0.0,0.0,0.0,0.0,0.0
p48109,wind-ons,0.0,0.0,0.0,0.0,0.0
p48113,battery,1480.1899999999998,1480.1899999999998,1480.1899999999998,1480.1899999999998,1480.1899999999998
p48113,biomass,0.0,0.0,0.0,0.0,0.0
p48113,coal,0.0,0.0,0.0,0.0,0.0
p48113,gas,736.98,736.98,736.98,736.98,736.98
p48113,geothermal,0.0,0.0,0.0,0.0,0.0
p48113,h2,0.0,0.0,0.0,0.0,0.0
p48113,hydro,0.0,0.0,0.0,0.0,0.0
p48113,nuclear,0.0,0.0,0.0,0.0,0.0
p48113,pumped-hydro,0.0,0.0,0.0,0.0,0.0
p48113,pv,0.0,0.0,0.0,0.0,0.0
p48113,wind-ofs,0.0,0.0,0.0,0.0,0.0
p48113,wind-ons,0.0,0.0,0.0,0.0,0.0
p48115,battery,200.0,200.0,200.0,200.0,200.0
p48115,biomass,0.0,0.0,0.0,0.0,0.0
p48115,coal,0.0,0.0,0.0,0.0,0.0
p48115,gas,0.0,0.0,0.0,0.0,0.0
p48115,geothermal,0.0,0.0,0.0,0.0,0.0
p48115,h2,0.0,0.0,0.0,0.0,0.0
p48115,hydro,0.0,0.0,0.0,0.0,0.0
p48115,nuclear,0.0,0.0,0.0,0.0,0.0
p48115,pumped-hydro,0.0,0.0,0.0,0.0,0.0
p48115,pv,520.0,520.0,520.0,520.0,520.0
p48115,wind-ofs,0.0,0.0,0.0,0.0,0.0
p48115,wind-ons,0.0,0.0,0.0,0.0,0.0
p48117,battery,206.96,206.96,206.96,206.96,206.96
p48117,biomass,0.0,0.0,0.0,0.0,0.0
p48117,coal,0.0,0.0,0.0,0.0,0.0
p48117,gas,0.0,0.0,0.0,0.0,0.0
p48117,geothermal,0.0,0.0,0.0,0.0,0.0
p48117,h2,0.0,0.0,0.0,0.0,0.0
p48117,hydro,0.0,0.0,0.0,0.0,0.0
p48117,nuclear,0.0,0.0,0.0,0.0,0.0
p48117,pumped-hydro,0.0,0.0,0.0,0.0,0.0
p48117,pv,3165.71,3165.71,3165.71,3165.71,3165.71
p48117,wind-ofs,0.0,0.0,0.0,0.0,0.0
p48117,wind-ons,1869.0,1869.0,1869.0,1869.0,1869.0
p48119,battery,55.1,55.1,55.1,55.1,55.1
p48119,biomass,0.0,0.0,0.0,0.0,0.0
p48119,coal,0.0,0.0,0.0,0.0,0.0
p48119,gas,0.0,0.0,0.0,0.0,0.0
p48119,geothermal,0.0,0.0,0.0,0.0,0.0
p48119,h2,0.0,0.0,0.0,0.0,0.0
p48119,hydro,0.0,0.0,0.0,0.0,0.0
p48119,nuclear,0.0,0.0,0.0,0.0,0.0
p48119,pumped-hydro,0.0,0.0,0.0,0.0,0.0
p48119,pv,405.0,405.0,405.0,405.0,405.0
p48119,wind-ofs,0.0,0.0,0.0,0.0,0.0
p48119,wind-ons,0.0,0.0,0.0,0.0,0.0
p48123,battery,237.37,237.37,237.37,237.37,237.37
p48123,biomass,0.0,0.0,0.0,0.0,0.0
p48123,coal,0.0,0.0,0.0,0.0,0.0
p48123,gas,0.0,0.0,0.0,0.0,0.0
p48123,geothermal,0.0,0.0,0.0,0.0,0.0
p48123,h2,0.0,0.0,0.0,0.0,0.0
p48123,hydro,0.0,0.0,0.0,0.0,0.0
p48123,nuclear,0.0,0.0,0.0,0.0,0.0
p48123,pumped-hydro,0.0,0.0,0.0,0.0,0.0
p48123,pv,820.8,820.8,820.8,820.8,820.8
p48123,wind-ofs,0.0,0.0,0.0,0.0,0.0
p48123,wind-ons,0.0,0.0,0.0,0.0,0.0
p48125,battery,857.1300000000001,857.1300000000001,857.1300000000001,857.1300000000001,857.1300000000001
p48125,biomass,0.0,0.0,0.0,0.0,0.0
p48125,coal,0.0,0.0,0.0,0.0,0.0
p48125,gas,0.0,0.0,0.0,0.0,0.0
p48125,geothermal,0.0,0.0,0.0,0.0,0.0
p48125,h2,0.0,0.0,0.0,0.0,0.0
p48125,hydro,0.0,0.0,0.0,0.0,0.0
p48125,nuclear,0.0,0.0,0.0,0.0,0.0
p48125,pumped-hydro,0.0,0.0,0.0,0.0,0.0
p48125,pv,794.76,794.76,794.76,794.76,794.76
p48125,wind-ofs,0.0,0.0,0.0,0.0,0.0
p48125,wind-ons,0.0,0.0,0.0,0.0,0.0
p48127,battery,1364.68,1364.68,1364.68,1364.68,1364.68
p48127,biomass,0.0,0.0,0.0,0.0,0.0
p48127,coal,0.0,0.0,0.0,0.0,0.0
p48127,gas,0.0,0.0,0.0,0.0,0.0
p48127,geothermal,0.0,0.0,0.0,0.0,0.0
p48127,h2,0.0,0.0,0.0,0.0,0.0
p48127,hydro,0.0,0.0,0.0,0.0,0.0
p48127,nuclear,0.0,0.0,0.0,0.0,0.0
p48127,pumped-hydro,0.0,0.0,0.0,0.0,0.0
p48127,pv,682.95,682.95,682.95,682.95,682.95
p48127,wind-ofs,0.0,0.0,0.0,0.0,0.0
p48127,wind-ons,0.0,0.0,0.0,0.0,0.0
p48131,battery,247.78,247.78,247.78,247.78,247.78
p48131,biomass,0.0,0.0,0.0,0.0,0.0
p48131,coal,0.0,0.0,0.0,0.0,0.0
p48131,gas,0.0,0.0,0.0,0.0,0.0
p48131,geothermal,0.0,0.0,0.0,0.0,0.0
p48131,h2,0.0,0.0,0.0,0.0,0.0
p48131,hydro,0.0,0.0,0.0,0.0,0.0
p48131,nuclear,0.0,0.0,0.0,0.0,0.0
p48131,pumped-hydro,0.0,0.0,0.0,0.0,0.0
p48131,pv,643.32,643.32,643.32,643.32,643.32
p48131,wind-ofs,0.0,0.0,0.0,0.0,0.0
p48131,wind-ons,204.0,204.0,204.0,204.0,204.0
p48133,battery,132.0,132.0,132.0,132.0,132.0
p48133,biomass,0.0,0.0,0.0,0.0,0.0
p48133,coal,0.0,0.0,0.0,0.0,0.0
p48133,gas,0.0,0.0,0.0,0.0,0.0
p48133,geothermal,0.0,0.0,0.0,0.0,0.0
p48133,h2,0.0,0.0,0.0,0.0,0.0
p48133,hydro,0.0,0.0,0.0,0.0,0.0
p48133,nuclear,0.0,0.0,0.0,0.0,0.0
p48133,pumped-hydro,0.0,0.0,0.0,0.0,0.0
p48133,pv,333.0,333.0,333.0,333.0,333.0
p48133,wind-ofs,0.0,0.0,0.0,0.0,0.0
p48133,wind-ons,541.44,541.44,541.44,541.44,541.44
p48135,battery,1725.4,1725.4,1725.4,1725.4,1725.4
p48135,biomass,0.0,0.0,0.0,0.0,0.0
p48135,coal,0.0,0.0,0.0,0.0,0.0
p48135,gas,123.4,123.4,123.4,123.4,123.4
p48135,geothermal,0.0,0.0,0.0,0.0,0.0
p48135,h2,0.0,0.0,0.0,0.0,0.0
p48135,hydro,0.0,0.0,0.0,0.0,0.0
p48135,nuclear,0.0,0.0,0.0,0.0,0.0
p48135,pumped-hydro,0.0,0.0,0.0,0.0,0.0
p48135,pv,2234.23,2234.23,2234.23,2234.23,2234.23
p48135,wind-ofs,0.0,0.0,0.0,0.0,0.0
p48135,wind-ons,247.3,247.3,247.3,247.3,247.3
p48137,battery,29.05,29.05,29.05,29.05,29.05
p48137,biomass,0.0,0.0,0.0,0.0,0.0
p48137,coal,0.0,0.0,0.0,0.0,0.0
p48137,gas,0.0,0.0,0.0,0.0,0.0
p48137,geothermal,0.0,0.0,0.0,0.0,0.0
p48137,h2,0.0,0.0,0.0,0.0,0.0
p48137,hydro,0.0,0.0,0.0,0.0,0.0
p48137,nuclear,0.0,0.0,0.0,0.0,0.0
p48137,pumped-hydro,0.0,0.0,0.0,0.0,0.0
p48137,pv,0.0,0.0,0.0,0.0,0.0
p48137,wind-ofs,0.0,0.0,0.0,0.0,0.0
p48137,wind-ons,0.0,0.0,0.0,0.0,0.0
p48139,battery,1151.14,1151.14,1151.14,1151.14,1151.14
p48139,biomass,0.0,0.0,0.0,0.0,0.0
p48139,coal,0.0,0.0,0.0,0.0,0.0
p48139,gas,54.0,54.0,54.0,54.0,54.0
p48139,geothermal,0.0,0.0,0.0,0.0,0.0
p48139,h2,0.0,0.0,0.0,0.0,0.0
p48139,hydro,0.0,0.0,0.0,0.0,0.0
p48139,nuclear,0.0,0.0,0.0,0.0,0.0
p48139,pumped-hydro,0.0,0.0,0.0,0.0,0.0
p48139,pv,1787.1699999999998,1787.1699999999998,1787.1699999999998,1787.1699999999998,1787.1699999999998
p48139,wind-ofs,0.0,0.0,0.0,0.0,0.0
p48139,wind-ons,0.0,0.0,0.0,0.0,0.0
p48141,battery,300.0,300.0,300.0,300.0,300.0
p48141,biomass,0.0,0.0,0.0,0.0,0.0
p48141,coal,0.0,0.0,0.0,0.0,0.0
p48141,gas,0.0,0.0,0.0,0.0,0.0
p48141,geothermal,0.0,0.0,0.0,0.0,0.0
p48141,h2,0.0,0.0,0.0,0.0,0.0
p48141,hydro,0.0,0.0,0.0,0.0,0.0
p48141,nuclear,0.0,0.0,0.0,0.0,0.0
p48141,pumped-hydro,0.0,0.0,0.0,0.0,0.0
p48141,pv,400.0,400.0,400.0,400.0,400.0
p48141,wind-ofs,0.0,0.0,0.0,0.0,0.0
p48141,wind-ons,0.0,0.0,0.0,0.0,0.0
p48143,battery,508.15000000000003,508.15000000000003,508.15000000000003,508.15000000000003,508.15000000000003
p48143,biomass,0.0,0.0,0.0,0.0,0.0
p48143,coal,0.0,0.0,0.0,0.0,0.0
p48143,gas,0.0,0.0,0.0,0.0,0.0
p48143,geothermal,0.0,0.0,0.0,0.0,0.0
p48143,h2,0.0,0.0,0.0,0.0,0.0
p48143,hydro,0.0,0.0,0.0,0.0,0.0
p48143,nuclear,0.0,0.0,0.0,0.0,0.0
p48143,pumped-hydro,0.0,0.0,0.0,0.0,0.0
p48143,pv,512.4,512.4,512.4,512.4,512.4
p48143,wind-ofs,0.0,0.0,0.0,0.0,0.0
p48143,wind-ons,0.0,0.0,0.0,0.0,0.0
p48145,battery,362.66,362.66,362.66,362.66,362.66
p48145,biomass,0.0,0.0,0.0,0.0,0.0
p48145,coal,0.0,0.0,0.0,0.0,0.0
p48145,gas,0.0,0.0,0.0,0.0,0.0
p48145,geothermal,0.0,0.0,0.0,0.0,0.0
p48145,h2,0.0,0.0,0.0,0.0,0.0
p48145,hydro,0.0,0.0,0.0,0.0,0.0
p48145,nuclear,0.0,0.0,0.0,0.0,0.0
p48145,pumped-hydro,0.0,0.0,0.0,0.0,0.0
p48145,pv,1559.1599999999999,1559.1599999999999,1559.1599999999999,1559.1599999999999,1559.1599999999999
p48145,wind-ofs,0.0,0.0,0.0,0.0,0.0
p48145,wind-ons,0.0,0.0,0.0,0.0,0.0
p48147,battery,704.63,704.63,704.63,704.63,704.63
p48147,biomass,0.0,0.0,0.0,0.0,0.0
p48147,coal,0.0,0.0,0.0,0.0,0.0
p48147,gas,0.0,0.0,0.0,0.0,0.0
p48147,geothermal,0.0,0.0,0.0,0.0,0.0
p48147,h2,0.0,0.0,0.0,0.0,0.0
p48147,hydro,0.0,0.0,0.0,0.0,0.0
p48147,nuclear,0.0,0.0,0.0,0.0,0.0
p48147,pumped-hydro,0.0,0.0,0.0,0.0,0.0
p48147,pv,0.0,0.0,0.0,0.0,0.0
p48147,wind-ofs,0.0,0.0,0.0,0.0,0.0
p48147,wind-ons,0.0,0.0,0.0,0.0,0.0
p48149,battery,411.88,411.88,411.88,411.88,411.88
p48149,biomass,0.0,0.0,0.0,0.0,0.0
p48149,coal,0.0,0.0,0.0,0.0,0.0
p48149,gas,0.0,0.0,0.0,0.0,0.0
p48149,geothermal,0.0,0.0,0.0,0.0,0.0
p48149,h2,0.0,0.0,0.0,0.0,0.0
p48149,hydro,0.0,0.0,0.0,0.0,0.0
p48149,nuclear,0.0,0.0,0.0,0.0,0.0
p48149,pumped-hydro,0.0,0.0,0.0,0.0,0.0
p48149,pv,200.0,200.0,200.0,200.0,200.0
p48149,wind-ofs,0.0,0.0,0.0,0.0,0.0
p48149,wind-ons,0.0,0.0,0.0,0.0,0.0
p48151,battery,240.0,240.0,240.0,240.0,240.0
p48151,biomass,0.0,0.0,0.0,0.0,0.0
p48151,coal,0.0,0.0,0.0,0.0,0.0
p48151,gas,0.0,0.0,0.0,0.0,0.0
p48151,geothermal,0.0,0.0,0.0,0.0,0.0
p48151,h2,0.0,0.0,0.0,0.0,0.0
p48151,hydro,0.0,0.0,0.0,0.0,0.0
p48151,nuclear,0.0,0.0,0.0,0.0,0.0
p48151,pumped-hydro,0.0,0.0,0.0,0.0,0.0
p48151,pv,906.3,906.3,906.3,906.3,906.3
p48151,wind-ofs,0.0,0.0,0.0,0.0,0.0
p48151,wind-ons,837.8,837.8,837.8,837.8,837.8
p48153,battery,0.0,0.0,0.0,0.0,0.0
p48153,biomass,0.0,0.0,0.0,0.0,0.0
p48153,coal,0.0,0.0,0.0,0.0,0.0
p48153,gas,0.0,0.0,0.0,0.0,0.0
p48153,geothermal,0.0,0.0,0.0,0.0,0.0
p48153,h2,0.0,0.0,0.0,0.0,0.0
p48153,hydro,0.0,0.0,0.0,0.0,0.0
p48153,nuclear,0.0,0.0,0.0,0.0,0.0
p48153,pumped-hydro,0.0,0.0,0.0,0.0,0.0
p48153,pv,0.0,0.0,0.0,0.0,0.0
p48153,wind-ofs,0.0,0.0,0.0,0.0,0.0
p48153,wind-ons,500.0,500.0,500.0,500.0,500.0
p48155,battery,301.19,301.19,301.19,301.19,301.19
p48155,biomass,0.0,0.0,0.0,0.0,0.0
p48155,coal,0.0,0.0,0.0,0.0,0.0
p48155,gas,0.0,0.0,0.0,0.0,0.0
p48155,geothermal,0.0,0.0,0.0,0.0,0.0
p48155,h2,0.0,0.0,0.0,0.0,0.0
p48155,hydro,0.0,0.0,0.0,0.0,0.0
p48155,nuclear,0.0,0.0,0.0,0.0,0.0
p48155,pumped-hydro,0.0,0.0,0.0,0.0,0.0
p48155,pv,0.0,0.0,0.0,0.0,0.0
p48155,wind-ofs,0.0,0.0,0.0,0.0,0.0
p48155,wind-ons,0.0,0.0,0.0,0.0,0.0
p48157,battery,3022.6,3022.6,3022.6,3022.6,3022.6
p48157,biomass,0.0,0.0,0.0,0.0,0.0
p48157,coal,0.0,0.0,0.0,0.0,0.0
p48157,gas,147.6,147.6,147.6,147.6,147.6
p48157,geothermal,0.0,0.0,0.0,0.0,0.0
p48157,h2,0.0,0.0,0.0,0.0,0.0
p48157,hydro,0.0,0.0,0.0,0.0,0.0
p48157,nuclear,0.0,0.0,0.0,0.0,0.0
p48157,pumped-hydro,0.0,0.0,0.0,0.0,0.0
p48157,pv,1580.08,1580.08,1580.08,1580.08,1580.08
p48157,wind-ofs,0.0,0.0,0.0,0.0,0.0
p48157,wind-ons,0.0,0.0,0.0,0.0,0.0
p48159,battery,256.79,256.79,256.79,256.79,256.79
p48159,biomass,0.0,0.0,0.0,0.0,0.0
p48159,coal,0.0,0.0,0.0,0.0,0.0
p48159,gas,0.0,0.0,0.0,0.0,0.0
p48159,geothermal,0.0,0.0,0.0,0.0,0.0
p48159,h2,0.0,0.0,0.0,0.0,0.0
p48159,hydro,0.0,0.0,0.0,0.0,0.0
p48159,nuclear,0.0,0.0,0.0,0.0,0.0
p48159,pumped-hydro,0.0,0.0,0.0,0.0,0.0
p48159,pv,708.7,708.7,708.7,708.7,708.7
p48159,wind-ofs,0.0,0.0,0.0,0.0,0.0
p48159,wind-ons,0.0,0.0,0.0,0.0,0.0
p48161,battery,1176.7,1176.7,1176.7,1176.7,1176.7
p48161,biomass,0.0,0.0,0.0,0.0,0.0
p48161,coal,0.0,0.0,0.0,0.0,0.0
p48161,gas,912.0,912.0,912.0,912.0,912.0
p48161,geothermal,0.0,0.0,0.0,0.0,0.0
p48161,h2,0.0,0.0,0.0,0.0,0.0
p48161,hydro,0.0,0.0,0.0,0.0,0.0
p48161,nuclear,0.0,0.0,0.0,0.0,0.0
p48161,pumped-hydro,0.0,0.0,0.0,0.0,0.0
p48161,pv,2013.2,2013.2,2013.2,2013.2,2013.2
p48161,wind-ofs,0.0,0.0,0.0,0.0,0.0
p48161,wind-ons,0.0,0.0,0.0,0.0,0.0
p48163,battery,517.28,517.28,517.28,517.28,517.28
p48163,biomass,0.0,0.0,0.0,0.0,0.0
p48163,coal,0.0,0.0,0.0,0.0,0.0
p48163,gas,0.0,0.0,0.0,0.0,0.0
p48163,geothermal,0.0,0.0,0.0,0.0,0.0
p48163,h2,0.0,0.0,0.0,0.0,0.0
p48163,hydro,0.0,0.0,0.0,0.0,0.0
p48163,nuclear,0.0,0.0,0.0,0.0,0.0
p48163,pumped-hydro,0.0,0.0,0.0,0.0,0.0
p48163,pv,846.5,846.5,846.5,846.5,846.5
p48163,wind-ofs,0.0,0.0,0.0,0.0,0.0
p48163,wind-ons,0.0,0.0,0.0,0.0,0.0
p48167,battery,3520.82,3520.82,3520.82,3520.82,3520.82
p48167,biomass,0.0,0.0,0.0,0.0,0.0
p48167,coal,0.0,0.0,0.0,0.0,0.0
p48167,gas,28.0,28.0,28.0,28.0,28.0
p48167,geothermal,0.0,0.0,0.0,0.0,0.0
p48167,h2,0.0,0.0,0.0,0.0,0.0
p48167,hydro,0.0,0.0,0.0,0.0,0.0
p48167,nuclear,0.0,0.0,0.0,0.0,0.0
p48167,pumped-hydro,0.0,0.0,0.0,0.0,0.0
p48167,pv,0.0,0.0,0.0,0.0,0.0
p48167,wind-ofs,0.0,0.0,0.0,0.0,0.0
p48167,wind-ons,0.0,0.0,0.0,0.0,0.0
p48171,battery,295.55,295.55,295.55,295.55,295.55
p48171,biomass,0.0,0.0,0.0,0.0,0.0
p48171,coal,0.0,0.0,0.0,0.0,0.0
p48171,gas,0.0,0.0,0.0,0.0,0.0
p48171,geothermal,0.0,0.0,0.0,0.0,0.0
p48171,h2,0.0,0.0,0.0,0.0,0.0
p48171,hydro,0.0,0.0,0.0,0.0,0.0
p48171,nuclear,0.0,0.0,0.0,0.0,0.0
p48171,pumped-hydro,0.0,0.0,0.0,0.0,0.0
p48171,pv,150.0,150.0,150.0,150.0,150.0
p48171,wind-ofs,0.0,0.0,0.0,0.0,0.0
p48171,wind-ons,0.0,0.0,0.0,0.0,0.0
p48173,battery,1006.6899999999999,1006.6899999999999,1006.6899999999999,1006.6899999999999,1006.6899999999999
p48173,biomass,0.0,0.0,0.0,0.0,0.0
p48173,coal,0.0,0.0,0.0,0.0,0.0
p48173,gas,0.0,0.0,0.0,0.0,0.0
p48173,geothermal,0.0,0.0,0.0,0.0,0.0
p48173,h2,0.0,0.0,0.0,0.0,0.0
p48173,hydro,0.0,0.0,0.0,0.0,0.0
p48173,nuclear,0.0,0.0,0.0,0.0,0.0
p48173,pumped-hydro,0.0,0.0,0.0,0.0,0.0
p48173,pv,949.5,949.5,949.5,949.5,949.5
p48173,wind-ofs,0.0,0.0,0.0,0.0,0.0
p48173,wind-ons,988.26,988.26,988.26,988.26,988.26
p48175,battery,745.94,745.94,745.94,745.94,745.94
p48175,biomass,0.0,0.0,0.0,0.0,0.0
p48175,coal,0.0,0.0,0.0,0.0,0.0
p48175,gas,0.0,0.0,0.0,0.0,0.0
p48175,geothermal,0.0,0.0,0.0,0.0,0.0
p48175,h2,0.0,0.0,0.0,0.0,0.0
p48175,hydro,0.0,0.0,0.0,0.0,0.0
p48175,nuclear,0.0,0.0,0.0,0.0,0.0
p48175,pumped-hydro,0.0,0.0,0.0,0.0,0.0
p48175,pv,1931.3200000000002,1931.3200000000002,1931.3200000000002,1931.3200000000002,1931.3200000000002
p48175,wind-ofs,0.0,0.0,0.0,0.0,0.0
p48175,wind-ons,0.0,0.0,0.0,0.0,0.0
p48177,battery,127.2,127.2,127.2,127.2,127.2
p48177,biomass,0.0,0.0,0.0,0.0,0.0
p48177,coal,0.0,0.0,0.0,0.0,0.0
p48177,gas,0.0,0.0,0.0,0.0,0.0
p48177,geothermal,0.0,0.0,0.0,0.0,0.0
p48177,h2,0.0,0.0,0.0,0.0,0.0
p48177,hydro,0.0,0.0,0.0,0.0,0.0
p48177,nuclear,0.0,0.0,0.0,0.0,0.0
p48177,pumped-hydro,0.0,0.0,0.0,0.0,0.0
p48177,pv,852.25,852.25,852.25,852.25,852.25
p48177,wind-ofs,0.0,0.0,0.0,0.0,0.0
p48177,wind-ons,0.0,0.0,0.0,0.0,0.0
p48179,battery,0.0,0.0,0.0,0.0,0.0
p48179,biomass,0.0,0.0,0.0,0.0,0.0
p48179,coal,0.0,0.0,0.0,0.0,0.0
p48179,gas,0.0,0.0,0.0,0.0,0.0
p48179,geothermal,0.0,0.0,0.0,0.0,0.0
p48179,h2,0.0,0.0,0.0,0.0,0.0
p48179,hydro,0.0,0.0,0.0,0.0,0.0
p48179,nuclear,0.0,0.0,0.0,0.0,0.0
p48179,pumped-hydro,0.0,0.0,0.0,0.0,0.0
p48179,pv,1405.28,1405.28,1405.28,1405.28,1405.28
p48179,wind-ofs,0.0,0.0,0.0,0.0,0.0
p48179,wind-ons,1673.0,1673.0,1673.0,1673.0,1673.0
p48181,battery,0.0,0.0,0.0,0.0,0.0
p48181,biomass,0.0,0.0,0.0,0.0,0.0
p48181,coal,0.0,0.0,0.0,0.0,0.0
p48181,gas,0.0,0.0,0.0,0.0,0.0
p48181,geothermal,0.0,0.0,0.0,0.0,0.0
p48181,h2,0.0,0.0,0.0,0.0,0.0
p48181,hydro,0.0,0.0,0.0,0.0,0.0
p48181,nuclear,0.0,0.0,0.0,0.0,0.0
p48181,pumped-hydro,0.0,0.0,0.0,0.0,0.0
p48181,pv,709.39,709.39,709.39,709.39,709.39
p48181,wind-ofs,0.0,0.0,0.0,0.0,0.0
p48181,wind-ons,0.0,0.0,0.0,0.0,0.0
p48185,battery,2889.85,2889.85,2889.85,2889.85,2889.85
p48185,biomass,0.0,0.0,0.0,0.0,0.0
p48185,coal,0.0,0.0,0.0,0.0,0.0
p48185,gas,0.0,0.0,0.0,0.0,0.0
p48185,geothermal,0.0,0.0,0.0,0.0,0.0
p48185,h2,0.0,0.0,0.0,0.0,0.0
p48185,hydro,0.0,0.0,0.0,0.0,0.0
p48185,nuclear,0.0,0.0,0.0,0.0,0.0
p48185,pumped-hydro,0.0,0.0,0.0,0.0,0.0
p48185,pv,1194.7,1194.7,1194.7,1194.7,1194.7
p48185,wind-ofs,0.0,0.0,0.0,0.0,0.0
p48185,wind-ons,0.0,0.0,0.0,0.0,0.0
p48187,battery,719.6300000000001,719.6300000000001,719.6300000000001,719.6300000000001,719.6300000000001
p48187,biomass,0.0,0.0,0.0,0.0,0.0
p48187,coal,0.0,0.0,0.0,0.0,0.0
p48187,gas,456.2,456.2,456.2,456.2,456.2
p48187,geothermal,0.0,0.0,0.0,0.0,0.0
p48187,h2,0.0,0.0,0.0,0.0,0.0
p48187,hydro,0.0,0.0,0.0,0.0,0.0
p48187,nuclear,0.0,0.0,0.0,0.0,0.0
p48187,pumped-hydro,0.0,0.0,0.0,0.0,0.0
p48187,pv,831.22,831.22,831.22,831.22,831.22
p48187,wind-ofs,0.0,0.0,0.0,0.0,0.0
p48187,wind-ons,0.0,0.0,0.0,0.0,0.0
p48189,battery,302.94,302.94,302.94,302.94,302.94
p48189,biomass,0.0,0.0,0.0,0.0,0.0
p48189,coal,0.0,0.0,0.0,0.0,0.0
p48189,gas,630.0,630.0,630.0,630.0,630.0
p48189,geothermal,0.0,0.0,0.0,0.0,0.0
p48189,h2,0.0,0.0,0.0,0.0,0.0
p48189,hydro,0.0,0.0,0.0,0.0,0.0
p48189,nuclear,0.0,0.0,0.0,0.0,0.0
p48189,pumped-hydro,0.0,0.0,0.0,0.0,0.0
p48189,pv,969.02,969.02,969.02,969.02,969.02
p48189,wind-ofs,0.0,0.0,0.0,0.0,0.0
p48189,wind-ons,500.0,500.0,500.0,500.0,500.0
p48191,battery,0.0,0.0,0.0,0.0,0.0
p48191,biomass,0.0,0.0,0.0,0.0,0.0
p48191,coal,0.0,0.0,0.0,0.0,0.0
p48191,gas,0.0,0.0,0.0,0.0,0.0
p48191,geothermal,0.0,0.0,0.0,0.0,0.0
p48191,h2,0.0,0.0,0.0,0.0,0.0
p48191,hydro,0.0,0.0,0.0,0.0,0.0
p48191,nuclear,0.0,0.0,0.0,0.0,0.0
p48191,pumped-hydro,0.0,0.0,0.0,0.0,0.0
p48191,pv,250.0,250.0,250.0,250.0,250.0
p48191,wind-ofs,0.0,0.0,0.0,0.0,0.0
p48191,wind-ons,0.0,0.0,0.0,0.0,0.0
p48195,battery,400.0,400.0,400.0,400.0,400.0
p48195,biomass,0.0,0.0,0.0,0.0,0.0
p48195,coal,0.0,0.0,0.0,0.0,0.0
p48195,gas,0.0,0.0,0.0,0.0,0.0
p48195,geothermal,0.0,0.0,0.0,0.0,0.0
p48195,h2,0.0,0.0,0.0,0.0,0.0
p48195,hydro,0.0,0.0,0.0,0.0,0.0
p48195,nuclear,0.0,0.0,0.0,0.0,0.0
p48195,pumped-hydro,0.0,0.0,0.0,0.0,0.0
p48195,pv,690.0,690.0,690.0,690.0,690.0
p48195,wind-ofs,0.0,0.0,0.0,0.0,0.0
p48195,wind-ons,0.0,0.0,0.0,0.0,0.0
p48197,battery,607.0,607.0,607.0,607.0,607.0
p48197,biomass,0.0,0.0,0.0,0.0,0.0
p48197,coal,0.0,0.0,0.0,0.0,0.0
p48197,gas,0.0,0.0,0.0,0.0,0.0
p48197,geothermal,0.0,0.0,0.0,0.0,0.0
p48197,h2,0.0,0.0,0.0,0.0,0.0
p48197,hydro,0.0,0.0,0.0,0.0,0.0
p48197,nuclear,0.0,0.0,0.0,0.0,0.0
p48197,pumped-hydro,0.0,0.0,0.0,0.0,0.0
p48197,pv,1380.9,1380.9,1380.9,1380.9,1380.9
p48197,wind-ofs,0.0,0.0,0.0,0.0,0.0
p48197,wind-ons,205.86,205.86,205.86,205.86,205.86
p48199,battery,200.0,200.0,200.0,200.0,200.0
p48199,biomass,0.0,0.0,0.0,0.0,0.0
p48199,coal,0.0,0.0,0.0,0.0,0.0
p48199,gas,0.0,0.0,0.0,0.0,0.0
p48199,geothermal,0.0,0.0,0.0,0.0,0.0
p48199,h2,0.0,0.0,0.0,0.0,0.0
p48199,hydro,0.0,0.0,0.0,0.0,0.0
p48199,nuclear,0.0,0.0,0.0,0.0,0.0
p48199,pumped-hydro,0.0,0.0,0.0,0.0,0.0
p48199,pv,633.0,633.0,633.0,633.0,633.0
p48199,wind-ofs,0.0,0.0,0.0,0.0,0.0
p48199,wind-ons,0.0,0.0,0.0,0.0,0.0
p48201,battery,7524.6,7524.6,7524.6,7524.6,7524.6
p48201,biomass,0.0,0.0,0.0,0.0,0.0
p48201,coal,0.0,0.0,0.0,0.0,0.0
p48201,gas,2842.0299999999997,2842.0299999999997,2842.0299999999997,2842.0299999999997,2842.0299999999997
p48201,geothermal,0.0,0.0,0.0,0.0,0.0
p48201,h2,0.0,0.0,0.0,0.0,0.0
p48201,hydro,0.0,0.0,0.0,0.0,0.0
p48201,nuclear,0.0,0.0,0.0,0.0,0.0
p48201,pumped-hydro,0.0,0.0,0.0,0.0,0.0
p48201,pv,570.78,570.78,570.78,570.78,570.78
p48201,wind-ofs,0.0,0.0,0.0,0.0,0.0
p48201,wind-ons,0.0,0.0,0.0,0.0,0.0
p48203,battery,300.0,300.0,300.0,300.0,300.0
p48203,biomass,0.0,0.0,0.0,0.0,0.0
p48203,coal,0.0,0.0,0.0,0.0,0.0
p48203,gas,0.0,0.0,0.0,0.0,0.0
p48203,geothermal,0.0,0.0,0.0,0.0,0.0
p48203,h2,0.0,0.0,0.0,0.0,0.0
p48203,hydro,0.0,0.0,0.0,0.0,0.0
p48203,nuclear,0.0,0.0,0.0,0.0,0.0
p48203,pumped-hydro,0.0,0.0,0.0,0.0,0.0
p48203,pv,1160.0,1160.0,1160.0,1160.0,1160.0
p48203,wind-ofs,0.0,0.0,0.0,0.0,0.0
p48203,wind-ons,0.0,0.0,0.0,0.0,0.0
p48207,battery,930.24,930.24,930.24,930.24,930.24
p48207,biomass,0.0,0.0,0.0,0.0,0.0
p48207,coal,0.0,0.0,0.0,0.0,0.0
p48207,gas,0.0,0.0,0.0,0.0,0.0
p48207,geothermal,0.0,0.0,0.0,0.0,0.0
p48207,h2,0.0,0.0,0.0,0.0,0.0
p48207,hydro,0.0,0.0,0.0,0.0,0.0
p48207,nuclear,0.0,0.0,0.0,0.0,0.0
p48207,pumped-hydro,0.0,0.0,0.0,0.0,0.0
p48207,pv,2833.8100000000004,2833.8100000000004,2833.8100000000004,2833.8100000000004,2833.8100000000004
p48207,wind-ofs,0.0,0.0,0.0,0.0,0.0
p48207,wind-ons,451.2,451.2,451.2,451.2,451.2
p48209,battery,75.38,75.38,75.38,75.38,75.38
p48209,biomass,0.0,0.0,0.0,0.0,0.0
p48209,coal,0.0,0.0,0.0,0.0,0.0
p48209,gas,36.0,36.0,36.0,36.0,36.0
p48209,geothermal,0.0,0.0,0.0,0.0,0.0
p48209,h2,0.0,0.0,0.0,0.0,0.0
p48209,hydro,0.0,0.0,0.0,0.0,0.0
p48209,nuclear,0.0,0.0,0.0,0.0,0.0
p48209,pumped-hydro,0.0,0.0,0.0,0.0,0.0
p48209,pv,0.0,0.0,0.0,0.0,0.0
p48209,wind-ofs,0.0,0.0,0.0,0.0,0.0
p48209,wind-ons,0.0,0.0,0.0,0.0,0.0
p48213,battery,1402.71,1402.71,1402.71,1402.71,1402.71
p48213,biomass,0.0,0.0,0.0,0.0,0.0
p48213,coal,0.0,0.0,0.0,0.0,0.0
p48213,gas,0.0,0.0,0.0,0.0,0.0
p48213,geothermal,0.0,0.0,0.0,0.0,0.0
p48213,h2,0.0,0.0,0.0,0.0,0.0
p48213,hydro,0.0,0.0,0.0,0.0,0.0
p48213,nuclear,0.0,0.0,0.0,0.0,0.0
p48213,pumped-hydro,0.0,0.0,0.0,0.0,0.0
p48213,pv,201.8,201.8,201.8,201.8,201.8
p48213,wind-ofs,0.0,0.0,0.0,0.0,0.0
p48213,wind-ons,0.0,0.0,0.0,0.0,0.0
p48215,battery,3867.36,3867.36,3867.36,3867.36,3867.36
p48215,biomass,0.0,0.0,0.0,0.0,0.0
p48215,coal,0.0,0.0,0.0,0.0,0.0
p48215,gas,0.0,0.0,0.0,0.0,0.0
p48215,geothermal,0.0,0.0,0.0,0.0,0.0
p48215,h2,0.0,0.0,0.0,0.0,0.0
p48215,hydro,0.0,0.0,0.0,0.0,0.0
p48215,nuclear,0.0,0.0,0.0,0.0,0.0
p48215,pumped-hydro,0.0,0.0,0.0,0.0,0.0
p48215,pv,734.87,734.87,734.87,734.87,734.87
p48215,wind-ofs,0.0,0.0,0.0,0.0,0.0
p48215,wind-ons,469.0,469.0,469.0,469.0,469.0
p48217,battery,1305.52,1305.52,1305.52,1305.52,1305.52
p48217,biomass,0.0,0.0,0.0,0.0,0.0
p48217,coal,0.0,0.0,0.0,0.0,0.0
p48217,gas,0.0,0.0,0.0,0.0,0.0
p48217,geothermal,0.0,0.0,0.0,0.0,0.0
p48217,h2,0.0,0.0,0.0,0.0,0.0
p48217,hydro,0.0,0.0,0.0,0.0,0.0
p48217,nuclear,0.0,0.0,0.0,0.0,0.0
p48217,pumped-hydro,0.0,0.0,0.0,0.0,0.0
p48217,pv,3891.2200000000003,3891.2200000000003,3891.2200000000003,3891.2200000000003,3891.2200000000003
p48217,wind-ofs,0.0,0.0,0.0,0.0,0.0
p48217,wind-ons,609.2,609.2,609.2,609.2,609.2
p48221,battery,401.84,401.84,401.84,401.84,401.84
p48221,biomass,0.0,0.0,0.0,0.0,0.0
p48221,coal,0.0,0.0,0.0,0.0,0.0
p48221,gas,306.32,306.32,306.32,306.32,306.32
p48221,geothermal,0.0,0.0,0.0,0.0,0.0
p48221,h2,0.0,0.0,0.0,0.0,0.0
p48221,hydro,0.0,0.0,0.0,0.0,0.0
p48221,nuclear,0.0,0.0,0.0,0.0,0.0
p48221,pumped-hydro,0.0,0.0,0.0,0.0,0.0
p48221,pv,0.0,0.0,0.0,0.0,0.0
p48221,wind-ofs,0.0,0.0,0.0,0.0,0.0
p48221,wind-ons,0.0,0.0,0.0,0.0,0.0
p48223,battery,1528.8,1528.8,1528.8,1528.8,1528.8
p48223,biomass,0.0,0.0,0.0,0.0,0.0
p48223,coal,0.0,0.0,0.0,0.0,0.0
p48223,gas,0.0,0.0,0.0,0.0,0.0
p48223,geothermal,0.0,0.0,0.0,0.0,0.0
p48223,h2,0.0,0.0,0.0,0.0,0.0
p48223,hydro,0.0,0.0,0.0,0.0,0.0
p48223,nuclear,0.0,0.0,0.0,0.0,0.0
p48223,pumped-hydro,0.0,0.0,0.0,0.0,0.0
p48223,pv,1725.84,1725.84,1725.84,1725.84,1725.84
p48223,wind-ofs,0.0,0.0,0.0,0.0,0.0
p48223,wind-ons,0.0,0.0,0.0,0.0,0.0
p48225,battery,892.89,892.89,892.89,892.89,892.89
p48225,biomass,0.0,0.0,0.0,0.0,0.0
p48225,coal,0.0,0.0,0.0,0.0,0.0
p48225,gas,0.0,0.0,0.0,0.0,0.0
p48225,geothermal,0.0,0.0,0.0,0.0,0.0
p48225,h2,0.0,0.0,0.0,0.0,0.0
p48225,hydro,0.0,0.0,0.0,0.0,0.0
p48225,nuclear,0.0,0.0,0.0,0.0,0.0
p48225,pumped-hydro,0.0,0.0,0.0,0.0,0.0
p48225,pv,1186.89,1186.89,1186.89,1186.89,1186.89
p48225,wind-ofs,0.0,0.0,0.0,0.0,0.0
p48225,wind-ons,0.0,0.0,0.0,0.0,0.0
p48227,battery,1951.4,1951.4,1951.4,1951.4,1951.4
p48227,biomass,0.0,0.0,0.0,0.0,0.0
p48227,coal,0.0,0.0,0.0,0.0,0.0
p48227,gas,0.0,0.0,0.0,0.0,0.0
p48227,geothermal,0.0,0.0,0.0,0.0,0.0
p48227,h2,0.0,0.0,0.0,0.0,0.0
p48227,hydro,0.0,0.0,0.0,0.0,0.0
p48227,nuclear,0.0,0.0,0.0,0.0,0.0
p48227,pumped-hydro,0.0,0.0,0.0,0.0,0.0
p48227,pv,512.59,512.59,512.59,512.59,512.59
p48227,wind-ofs,0.0,0.0,0.0,0.0,0.0
p48227,wind-ons,0.0,0.0,0.0,0.0,0.0
p48229,battery,0.0,0.0,0.0,0.0,0.0
p48229,biomass,0.0,0.0,0.0,0.0,0.0
p48229,coal,0.0,0.0,0.0,0.0,0.0
p48229,gas,0.0,0.0,0.0,0.0,0.0
p48229,geothermal,0.0,0.0,0.0,0.0,0.0
p48229,h2,0.0,0.0,0.0,0.0,0.0
p48229,hydro,0.0,0.0,0.0,0.0,0.0
p48229,nuclear,0.0,0.0,0.0,0.0,0.0
p48229,pumped-hydro,0.0,0.0,0.0,0.0,0.0
p48229,pv,250.0,250.0,250.0,250.0,250.0
p48229,wind-ofs,0.0,0.0,0.0,0.0,0.0
p48229,wind-ons,0.0,0.0,0.0,0.0,0.0
p48231,battery,378.83,378.83,378.83,378.83,378.83
p48231,biomass,0.0,0.0,0.0,0.0,0.0
p48231,coal,0.0,0.0,0.0,0.0,0.0
p48231,gas,0.0,0.0,0.0,0.0,0.0
p48231,geothermal,0.0,0.0,0.0,0.0,0.0
p48231,h2,0.0,0.0,0.0,0.0,0.0
p48231,hydro,0.0,0.0,0.0,0.0,0.0
p48231,nuclear,0.0,0.0,0.0,0.0,0.0
p48231,pumped-hydro,0.0,0.0,0.0,0.0,0.0
p48231,pv,456.54,456.54,456.54,456.54,456.54
p48231,wind-ofs,0.0,0.0,0.0,0.0,0.0
p48231,wind-ons,0.0,0.0,0.0,0.0,0.0
p48233,battery,0.0,0.0,0.0,0.0,0.0
p48233,biomass,0.0,0.0,0.0,0.0,0.0
p48233,coal,0.0,0.0,0.0,0.0,0.0
p48233,gas,0.0,0.0,0.0,0.0,0.0
p48233,geothermal,0.0,0.0,0.0,0.0,0.0
p48233,h2,0.0,0.0,0.0,0.0,0.0
p48233,hydro,0.0,0.0,0.0,0.0,0.0
p48233,nuclear,0.0,0.0,0.0,0.0,0.0
p48233,pumped-hydro,0.0,0.0,0.0,0.0,0.0
p48233,pv,1164.7,1164.7,1164.7,1164.7,1164.7
p48233,wind-ofs,0.0,0.0,0.0,0.0,0.0
p48233,wind-ons,0.0,0.0,0.0,0.0,0.0
p48237,battery,2644.35,2644.35,2644.35,2644.35,2644.35
p48237,biomass,0.0,0.0,0.0,0.0,0.0
p48237,coal,0.0,0.0,0.0,0.0,0.0
p48237,gas,1320.0,1320.0,1320.0,1320.0,1320.0
p48237,geothermal,0.0,0.0,0.0,0.0,0.0
p48237,h2,0.0,0.0,0.0,0.0,0.0
p48237,hydro,0.0,0.0,0.0,0.0,0.0
p48237,nuclear,0.0,0.0,0.0,0.0,0.0
p48237,pumped-hydro,0.0,0.0,0.0,0.0,0.0
p48237,pv,3116.2200000000003,3116.2200000000003,3116.2200000000003,3116.2200000000003,3116.2200000000003
p48237,wind-ofs,0.0,0.0,0.0,0.0,0.0
p48237,wind-ons,590.6,590.6,590.6,590.6,590.6
p48239,battery,426.2,426.2,426.2,426.2,426.2
p48239,biomass,0.0,0.0,0.0,0.0,0.0
p48239,coal,0.0,0.0,0.0,0.0,0.0
p48239,gas,0.0,0.0,0.0,0.0,0.0
p48239,geothermal,0.0,0.0,0.0,0.0,0.0
p48239,h2,0.0,0.0,0.0,0.0,0.0
p48239,hydro,0.0,0.0,0.0,0.0,0.0
p48239,nuclear,0.0,0.0,0.0,0.0,0.0
p48239,pumped-hydro,0.0,0.0,0.0,0.0,0.0
p48239,pv,2056.42,2056.42,2056.42,2056.42,2056.42
p48239,wind-ofs,0.0,0.0,0.0,0.0,0.0
p48239,wind-ons,0.0,0.0,0.0,0.0,0.0
p48241,battery,0.0,0.0,0.0,0.0,0.0
p48241,biomass,0.0,0.0,0.0,0.0,0.0
p48241,coal,0.0,0.0,0.0,0.0,0.0
p48241,gas,0.0,0.0,0.0,0.0,0.0
p48241,geothermal,0.0,0.0,0.0,0.0,0.0
p48241,h2,0.0,0.0,0.0,0.0,0.0
p48241,hydro,0.0,0.0,0.0,0.0,0.0
p48241,nuclear,0.0,0.0,0.0,0.0,0.0
p48241,pumped-hydro,0.0,0.0,0.0,0.0,0.0
p48241,pv,309.2,309.2,309.2,309.2,309.2
p48241,wind-ofs,0.0,0.0,0.0,0.0,0.0
p48241,wind-ons,0.0,0.0,0.0,0.0,0.0
p48245,battery,150.0,150.0,150.0,150.0,150.0
p48245,biomass,0.0,0.0,0.0,0.0,0.0
p48245,coal,0.0,0.0,0.0,0.0,0.0
p48245,gas,880.0,880.0,880.0,880.0,880.0
p48245,geothermal,0.0,0.0,0.0,0.0,0.0
p48245,h2,0.0,0.0,0.0,0.0,0.0
p48245,hydro,0.0,0.0,0.0,0.0,0.0
p48245,nuclear,0.0,0.0,0.0,0.0,0.0
p48245,pumped-hydro,0.0,0.0,0.0,0.0,0.0
p48245,pv,244.1,244.1,244.1,244.1,244.1
p48245,wind-ofs,0.0,0.0,0.0,0.0,0.0
p48245,wind-ons,300.0,300.0,300.0,300.0,300.0
p48247,battery,0.0,0.0,0.0,0.0,0.0
p48247,biomass,0.0,0.0,0.0,0.0,0.0
p48247,coal,0.0,0.0,0.0,0.0,0.0
p48247,gas,0.0,0.0,0.0,0.0,0.0
p48247,geothermal,0.0,0.0,0.0,0.0,0.0
p48247,h2,0.0,0.0,0.0,0.0,0.0
p48247,hydro,0.0,0.0,0.0,0.0,0.0
p48247,nuclear,0.0,0.0,0.0,0.0,0.0
p48247,pumped-hydro,0.0,0.0,0.0,0.0,0.0
p48247,pv,0.0,0.0,0.0,0.0,0.0
p48247,wind-ofs,0.0,0.0,0.0,0.0,0.0
p48247,wind-ons,351.0,351.0,351.0,351.0,351.0
p48249,battery,314.90999999999997,314.90999999999997,314.90999999999997,314.90999999999997,314.90999999999997
p48249,biomass,0.0,0.0,0.0,0.0,0.0
p48249,coal,0.0,0.0,0.0,0.0,0.0
p48249,gas,0.0,0.0,0.0,0.0,0.0
p48249,geothermal,0.0,0.0,0.0,0.0,0.0
p48249,h2,0.0,0.0,0.0,0.0,0.0
p48249,hydro,0.0,0.0,0.0,0.0,0.0
p48249,nuclear,0.0,0.0,0.0,0.0,0.0
p48249,pumped-hydro,0.0,0.0,0.0,0.0,0.0
p48249,pv,786.03,786.03,786.03,786.03,786.03
p48249,wind-ofs,0.0,0.0,0.0,0.0,0.0
p48249,wind-ons,0.0,0.0,0.0,0.0,0.0
p48251,battery,664.1600000000001,664.1600000000001,664.1600000000001,664.1600000000001,664.1600000000001
p48251,biomass,0.0,0.0,0.0,0.0,0.0
p48251,coal,0.0,0.0,0.0,0.0,0.0
p48251,gas,0.0,0.0,0.0,0.0,0.0
p48251,geothermal,0.0,0.0,0.0,0.0,0.0
p48251,h2,0.0,0.0,0.0,0.0,0.0
p48251,hydro,0.0,0.0,0.0,0.0,0.0
p48251,nuclear,0.0,0.0,0.0,0.0,0.0
p48251,pumped-hydro,0.0,0.0,0.0,0.0,0.0
p48251,pv,0.0,0.0,0.0,0.0,0.0
p48251,wind-ofs,0.0,0.0,0.0,0.0,0.0
p48251,wind-ons,0.0,0.0,0.0,0.0,0.0
p48253,battery,1071.78,1071.78,1071.78,1071.78,1071.78
p48253,biomass,0.0,0.0,0.0,0.0,0.0
p48253,coal,0.0,0.0,0.0,0.0,0.0
p48253,gas,0.0,0.0,0.0,0.0,0.0
p48253,geothermal,0.0,0.0,0.0,0.0,0.0
p48253,h2,0.0,0.0,0.0,0.0,0.0
p48253,hydro,0.0,0.0,0.0,0.0,0.0
p48253,nuclear,0.0,0.0,0.0,0.0,0.0
p48253,pumped-hydro,0.0,0.0,0.0,0.0,0.0
p48253,pv,2432.54,2432.54,2432.54,2432.54,2432.54
p48253,wind-ofs,0.0,0.0,0.0,0.0,0.0
p48253,wind-ons,0.0,0.0,0.0,0.0,0.0
p48255,battery,469.58,469.58,469.58,469.58,469.58
p48255,biomass,0.0,0.0,0.0,0.0,0.0
p48255,coal,0.0,0.0,0.0,0.0,0.0
p48255,gas,0.0,0.0,0.0,0.0,0.0
p48255,geothermal,0.0,0.0,0.0,0.0,0.0
p48255,h2,0.0,0.0,0.0,0.0,0.0
p48255,hydro,0.0,0.0,0.0,0.0,0.0
p48255,nuclear,0.0,0.0,0.0,0.0,0.0
p48255,pumped-hydro,0.0,0.0,0.0,0.0,0.0
p48255,pv,1161.14,1161.14,1161.14,1161.14,1161.14
p48255,wind-ofs,0.0,0.0,0.0,0.0,0.0
p48255,wind-ons,0.0,0.0,0.0,0.0,0.0
p48257,battery,608.6,608.6,608.6,608.6,608.6
p48257,biomass,0.0,0.0,0.0,0.0,0.0
p48257,coal,0.0,0.0,0.0,0.0,0.0
p48257,gas,0.0,0.0,0.0,0.0,0.0
p48257,geothermal,0.0,0.0,0.0,0.0,0.0
p48257,h2,0.0,0.0,0.0,0.0,0.0
p48257,hydro,0.0,0.0,0.0,0.0,0.0
p48257,nuclear,0.0,0.0,0.0,0.0,0.0
p48257,pumped-hydro,0.0,0.0,0.0,0.0,0.0
p48257,pv,820.5,820.5,820.5,820.5,820.5
p48257,wind-ofs,0.0,0.0,0.0,0.0,0.0
p48257,wind-ons,0.0,0.0,0.0,0.0,0.0
p48259,battery,351.62,351.62,351.62,351.62,351.62
p48259,biomass,0.0,0.0,0.0,0.0,0.0
p48259,coal,0.0,0.0,0.0,0.0,0.0
p48259,gas,0.0,0.0,0.0,0.0,0.0
p48259,geothermal,0.0,0.0,0.0,0.0,0.0
p48259,h2,0.0,0.0,0.0,0.0,0.0
p48259,hydro,0.0,0.0,0.0,0.0,0.0
p48259,nuclear,0.0,0.0,0.0,0.0,0.0
p48259,pumped-hydro,0.0,0.0,0.0,0.0,0.0
p48259,pv,0.0,0.0,0.0,0.0,0.0
p48259,wind-ofs,0.0,0.0,0.0,0.0,0.0
p48259,wind-ons,0.0,0.0,0.0,0.0,0.0
p48263,battery,0.0,0.0,0.0,0.0,0.0
p48263,biomass,0.0,0.0,0.0,0.0,0.0
p48263,coal,0.0,0.0,0.0,0.0,0.0
p48263,gas,0.0,0.0,0.0,0.0,0.0
p48263,geothermal,0.0,0.0,0.0,0.0,0.0
p48263,h2,0.0,0.0,0.0,0.0,0.0
p48263,hydro,0.0,0.0,0.0,0.0,0.0
p48263,nuclear,0.0,0.0,0.0,0.0,0.0
p48263,pumped-hydro,0.0,0.0,0.0,0.0,0.0
p48263,pv,402.28,402.28,402.28,402.28,402.28
p48263,wind-ofs,0.0,0.0,0.0,0.0,0.0
p48263,wind-ons,0.0,0.0,0.0,0.0,0.0
p48265,battery,120.96,120.96,120.96,120.96,120.96
p48265,biomass,0.0,0.0,0.0,0.0,0.0
p48265,coal,0.0,0.0,0.0,0.0,0.0
p48265,gas,0.0,0.0,0.0,0.0,0.0
p48265,geothermal,0.0,0.0,0.0,0.0,0.0
p48265,h2,0.0,0.0,0.0,0.0,0.0
p48265,hydro,0.0,0.0,0.0,0.0,0.0
p48265,nuclear,0.0,0.0,0.0,0.0,0.0
p48265,pumped-hydro,0.0,0.0,0.0,0.0,0.0
p48265,pv,0.0,0.0,0.0,0.0,0.0
p48265,wind-ofs,0.0,0.0,0.0,0.0,0.0
p48265,wind-ons,0.0,0.0,0.0,0.0,0.0
p48267,battery,316.29999999999995,316.29999999999995,316.29999999999995,316.29999999999995,316.29999999999995
p48267,biomass,0.0,0.0,0.0,0.0,0.0
p48267,coal,0.0,0.0,0.0,0.0,0.0
p48267,gas,0.0,0.0,0.0,0.0,0.0
p48267,geothermal,0.0,0.0,0.0,0.0,0.0
p48267,h2,0.0,0.0,0.0,0.0,0.0
p48267,hydro,0.0,0.0,0.0,0.0,0.0
p48267,nuclear,0.0,0.0,0.0,0.0,0.0
p48267,pumped-hydro,0.0,0.0,0.0,0.0,0.0
p48267,pv,0.0,0.0,0.0,0.0,0.0
p48267,wind-ofs,0.0,0.0,0.0,0.0,0.0
p48267,wind-ons,0.0,0.0,0.0,0.0,0.0
p48269,battery,0.0,0.0,0.0,0.0,0.0
p48269,biomass,0.0,0.0,0.0,0.0,0.0
p48269,coal,0.0,0.0,0.0,0.0,0.0
p48269,gas,0.0,0.0,0.0,0.0,0.0
p48269,geothermal,0.0,0.0,0.0,0.0,0.0
p48269,h2,0.0,0.0,0.0,0.0,0.0
p48269,hydro,0.0,0.0,0.0,0.0,0.0
p48269,nuclear,0.0,0.0,0.0,0.0,0.0
p48269,pumped-hydro,0.0,0.0,0.0,0.0,0.0
p48269,pv,400.0,400.0,400.0,400.0,400.0
p48269,wind-ofs,0.0,0.0,0.0,0.0,0.0
p48269,wind-ons,921.5,921.5,921.5,921.5,921.5
p48271,battery,603.48,603.48,603.48,603.48,603.48
p48271,biomass,0.0,0.0,0.0,0.0,0.0
p48271,coal,0.0,0.0,0.0,0.0,0.0
p48271,gas,0.0,0.0,0.0,0.0,0.0
p48271,geothermal,0.0,0.0,0.0,0.0,0.0
p48271,h2,0.0,0.0,0.0,0.0,0.0
p48271,hydro,0.0,0.0,0.0,0.0,0.0
p48271,nuclear,0.0,0.0,0.0,0.0,0.0
p48271,pumped-hydro,0.0,0.0,0.0,0.0,0.0
p48271,pv,801.43,801.43,801.43,801.43,801.43
p48271,wind-ofs,0.0,0.0,0.0,0.0,0.0
p48271,wind-ons,0.0,0.0,0.0,0.0,0.0
p48273,battery,268.5,268.5,268.5,268.5,268.5
p48273,biomass,0.0,0.0,0.0,0.0,0.0
p48273,coal,0.0,0.0,0.0,0.0,0.0
p48273,gas,0.0,0.0,0.0,0.0,0.0
p48273,geothermal,0.0,0.0,0.0,0.0,0.0
p48273,h2,0.0,0.0,0.0,0.0,0.0
p48273,hydro,0.0,0.0,0.0,0.0,0.0
p48273,nuclear,0.0,0.0,0.0,0.0,0.0
p48273,pumped-hydro,0.0,0.0,0.0,0.0,0.0
p48273,pv,430.0,430.0,430.0,430.0,430.0
p48273,wind-ofs,0.0,0.0,0.0,0.0,0.0
p48273,wind-ons,0.0,0.0,0.0,0.0,0.0
p48275,battery,227.39,227.39,227.39,227.39,227.39
p48275,biomass,0.0,0.0,0.0,0.0,0.0
p48275,coal,0.0,0.0,0.0,0.0,0.0
p48275,gas,0.0,0.0,0.0,0.0,0.0
p48275,geothermal,0.0,0.0,0.0,0.0,0.0
p48275,h2,0.0,0.0,0.0,0.0,0.0
p48275,hydro,0.0,0.0,0.0,0.0,0.0
p48275,nuclear,0.0,0.0,0.0,0.0,0.0
p48275,pumped-hydro,0.0,0.0,0.0,0.0,0.0
p48275,pv,1234.12,1234.12,1234.12,1234.12,1234.12
p48275,wind-ofs,0.0,0.0,0.0,0.0,0.0
p48275,wind-ons,351.91,351.91,351.91,351.91,351.91
p48277,battery,861.05,861.05,861.05,861.05,861.05
p48277,biomass,0.0,0.0,0.0,0.0,0.0
p48277,coal,0.0,0.0,0.0,0.0,0.0
p48277,gas,66.0,66.0,66.0,66.0,66.0
p48277,geothermal,0.0,0.0,0.0,0.0,0.0
p48277,h2,0.0,0.0,0.0,0.0,0.0
p48277,hydro,0.0,0.0,0.0,0.0,0.0
p48277,nuclear,0.0,0.0,0.0,0.0,0.0
p48277,pumped-hydro,0.0,0.0,0.0,0.0,0.0
p48277,pv,4355.66,4355.66,4355.66,4355.66,4355.66
p48277,wind-ofs,0.0,0.0,0.0,0.0,0.0
p48277,wind-ons,793.6,793.6,793.6,793.6,793.6
p48279,battery,200.0,200.0,200.0,200.0,200.0
p48279,biomass,0.0,0.0,0.0,0.0,0.0
p48279,coal,0.0,0.0,0.0,0.0,0.0
p48279,gas,0.0,0.0,0.0,0.0,0.0
p48279,geothermal,0.0,0.0,0.0,0.0,0.0
p48279,h2,0.0,0.0,0.0,0.0,0.0
p48279,hydro,0.0,0.0,0.0,0.0,0.0
p48279,nuclear,0.0,0.0,0.0,0.0,0.0
p48279,pumped-hydro,0.0,0.0,0.0,0.0,0.0
p48279,pv,1267.88,1267.88,1267.88,1267.88,1267.88
p48279,wind-ofs,0.0,0.0,0.0,0.0,0.0
p48279,wind-ons,300.0,300.0,300.0,300.0,300.0
p48281,battery,615.73,615.73,615.73,615.73,615.73
p48281,biomass,0.0,0.0,0.0,0.0,0.0
p48281,coal,0.0,0.0,0.0,0.0,0.0
p48281,gas,0.0,0.0,0.0,0.0,0.0
p48281,geothermal,0.0,0.0,0.0,0.0,0.0
p48281,h2,0.0,0.0,0.0,0.0,0.0
p48281,hydro,0.0,0.0,0.0,0.0,0.0
p48281,nuclear,0.0,0.0,0.0,0.0,0.0
p48281,pumped-hydro,0.0,0.0,0.0,0.0,0.0
p48281,pv,150.0,150.0,150.0,150.0,150.0
p48281,wind-ofs,0.0,0.0,0.0,0.0,0.0
p48281,wind-ons,0.0,0.0,0.0,0.0,0.0
p48283,battery,800.65,800.65,800.65,800.65,800.65
p48283,biomass,0.0,0.0,0.0,0.0,0.0
p48283,coal,0.0,0.0,0.0,0.0,0.0
p48283,gas,0.0,0.0,0.0,0.0,0.0
p48283,geothermal,0.0,0.0,0.0,0.0,0.0
p48283,h2,0.0,0.0,0.0,0.0,0.0
p48283,hydro,0.0,0.0,0.0,0.0,0.0
p48283,nuclear,0.0,0.0,0.0,0.0,0.0
p48283,pumped-hydro,0.0,0.0,0.0,0.0,0.0
p48283,pv,1335.29,1335.29,1335.29,1335.29,1335.29
p48283,wind-ofs,0.0,0.0,0.0,0.0,0.0
p48283,wind-ons,394.02,394.02,394.02,394.02,394.02
p48285,battery,310.2,310.2,310.2,310.2,310.2
p48285,biomass,0.0,0.0,0.0,0.0,0.0
p48285,coal,0.0,0.0,0.0,0.0,0.0
p48285,gas,0.0,0.0,0.0,0.0,0.0
p48285,geothermal,0.0,0.0,0.0,0.0,0.0
p48285,h2,0.0,0.0,0.0,0.0,0.0
p48285,hydro,0.0,0.0,0.0,0.0,0.0
p48285,nuclear,0.0,0.0,0.0,0.0,0.0
p48285,pumped-hydro,0.0,0.0,0.0,0.0,0.0
p48285,pv,0.0,0.0,0.0,0.0,0.0
p48285,wind-ofs,0.0,0.0,0.0,0.0,0.0
p48285,wind-ons,0.0,0.0,0.0,0.0,0.0
p48287,battery,153.67,153.67,153.67,153.67,153.67
p48287,biomass,0.0,0.0,0.0,0.0,0.0
p48287,coal,0.0,0.0,0.0,0.0,0.0
p48287,gas,0.0,0.0,0.0,0.0,0.0
p48287,geothermal,0.0,0.0,0.0,0.0,0.0
p48287,h2,0.0,0.0,0.0,0.0,0.0
p48287,hydro,0.0,0.0,0.0,0.0,0.0
p48287,nuclear,0.0,0.0,0.0,0.0,0.0
p48287,pumped-hydro,0.0,0.0,0.0,0.0,0.0
p48287,pv,0.0,0.0,0.0,0.0,0.0
p48287,wind-ofs,0.0,0.0,0.0,0.0,0.0
p48287,wind-ons,0.0,0.0,0.0,0.0,0.0
p48289,battery,658.92,658.92,658.92,658.92,658.92
p48289,biomass,0.0,0.0,0.0,0.0,0.0
p48289,coal,0.0,0.0,0.0,0.0,0.0
p48289,gas,0.0,0.0,0.0,0.0,0.0
p48289,geothermal,0.0,0.0,0.0,0.0,0.0
p48289,h2,0.0,0.0,0.0,0.0,0.0
p48289,hydro,0.0,0.0,0.0,0.0,0.0
p48289,nuclear,0.0,0.0,0.0,0.0,0.0
p48289,pumped-hydro,0.0,0.0,0.0,0.0,0.0
p48289,pv,1322.9,1322.9,1322.9,1322.9,1322.9
p48289,wind-ofs,0.0,0.0,0.0,0.0,0.0
p48289,wind-ons,0.0,0.0,0.0,0.0,0.0
p48291,battery,0.0,0.0,0.0,0.0,0.0
p48291,biomass,0.0,0.0,0.0,0.0,0.0
p48291,coal,0.0,0.0,0.0,0.0,0.0
p48291,gas,465.0,465.0,465.0,465.0,465.0
p48291,geothermal,0.0,0.0,0.0,0.0,0.0
p48291,h2,0.0,0.0,0.0,0.0,0.0
p48291,hydro,0.0,0.0,0.0,0.0,0.0
p48291,nuclear,0.0,0.0,0.0,0.0,0.0
p48291,pumped-hydro,0.0,0.0,0.0,0.0,0.0
p48291,pv,1388.2,1388.2,1388.2,1388.2,1388.2
p48291,wind-ofs,0.0,0.0,0.0,0.0,0.0
p48291,wind-ons,0.0,0.0,0.0,0.0,0.0
p48293,battery,101.74000000000001,101.74000000000001,101.74000000000001,101.74000000000001,101.74000000000001
p48293,biomass,0.0,0.0,0.0,0.0,0.0
p48293,coal,0.0,0.0,0.0,0.0,0.0
p48293,gas,0.0,0.0,0.0,0.0,0.0
p48293,geothermal,0.0,0.0,0.0,0.0,0.0
p48293,h2,0.0,0.0,0.0,0.0,0.0
p48293,hydro,0.0,0.0,0.0,0.0,0.0
p48293,nuclear,0.0,0.0,0.0,0.0,0.0
p48293,pumped-hydro,0.0,0.0,0.0,0.0,0.0
p48293,pv,1500.98,1500.98,1500.98,1500.98,1500.98
p48293,wind-ofs,0.0,0.0,0.0,0.0,0.0
p48293,wind-ons,0.0,0.0,0.0,0.0,0.0
p48297,battery,120.8,120.8,120.8,120.8,120.8
p48297,biomass,0.0,0.0,0.0,0.0,0.0
p48297,coal,0.0,0.0,0.0,0.0,0.0
p48297,gas,0.0,0.0,0.0,0.0,0.0
p48297,geothermal,0.0,0.0,0.0,0.0,0.0
p48297,h2,0.0,0.0,0.0,0.0,0.0
p48297,hydro,0.0,0.0,0.0,0.0,0.0
p48297,nuclear,0.0,0.0,0.0,0.0,0.0
p48297,pumped-hydro,0.0,0.0,0.0,0.0,0.0
p48297,pv,225.56,225.56,225.56,225.56,225.56
p48297,wind-ofs,0.0,0.0,0.0,0.0,0.0
p48297,wind-ons,0.0,0.0,0.0,0.0,0.0
p48301,battery,0.0,0.0,0.0,0.0,0.0
p48301,biomass,0.0,0.0,0.0,0.0,0.0
p48301,coal,0.0,0.0,0.0,0.0,0.0
p48301,gas,44.4,44.4,44.4,44.4,44.4
p48301,geothermal,0.0,0.0,0.0,0.0,0.0
p48301,h2,0.0,0.0,0.0,0.0,0.0
p48301,hydro,0.0,0.0,0.0,0.0,0.0
p48301,nuclear,0.0,0.0,0.0,0.0,0.0
p48301,pumped-hydro,0.0,0.0,0.0,0.0,0.0
p48301,pv,0.0,0.0,0.0,0.0,0.0
p48301,wind-ofs,0.0,0.0,0.0,0.0,0.0
p48301,wind-ons,0.0,0.0,0.0,0.0,0.0
p48303,battery,679.8,679.8,679.8,679.8,679.8
p48303,biomass,0.0,0.0,0.0,0.0,0.0
p48303,coal,0.0,0.0,0.0,0.0,0.0
p48303,gas,0.0,0.0,0.0,0.0,0.0
p48303,geothermal,0.0,0.0,0.0,0.0,0.0
p48303,h2,0.0,0.0,0.0,0.0,0.0
p48303,hydro,0.0,0.0,0.0,0.0,0.0
p48303,nuclear,0.0,0.0,0.0,0.0,0.0
p48303,pumped-hydro,0.0,0.0,0.0,0.0,0.0
p48303,pv,0.0,0.0,0.0,0.0,0.0
p48303,wind-ofs,0.0,0.0,0.0,0.0,0.0
p48303,wind-ons,0.0,0.0,0.0,0.0,0.0
p48305,battery,0.0,0.0,0.0,0.0,0.0
p48305,biomass,0.0,0.0,0.0,0.0,0.0
p48305,coal,0.0,0.0,0.0,0.0,0.0
p48305,gas,0.0,0.0,0.0,0.0,0.0
p48305,geothermal,0.0,0.0,0.0,0.0,0.0
p48305,h2,0.0,0.0,0.0,0.0,0.0
p48305,hydro,0.0,0.0,0.0,0.0,0.0
p48305,nuclear,0.0,0.0,0.0,0.0,0.0
p48305,pumped-hydro,0.0,0.0,0.0,0.0,0.0
p48305,pv,0.0,0.0,0.0,0.0,0.0
p48305,wind-ofs,0.0,0.0,0.0,0.0,0.0
p48305,wind-ons,282.0,282.0,282.0,282.0,282.0
p48307,battery,200.83,200.83,200.83,200.83,200.83
p48307,biomass,0.0,0.0,0.0,0.0,0.0
p48307,coal,0.0,0.0,0.0,0.0,0.0
p48307,gas,0.0,0.0,0.0,0.0,0.0
p48307,geothermal,0.0,0.0,0.0,0.0,0.0
p48307,h2,0.0,0.0,0.0,0.0,0.0
p48307,hydro,0.0,0.0,0.0,0.0,0.0
p48307,nuclear,0.0,0.0,0.0,0.0,0.0
p48307,pumped-hydro,0.0,0.0,0.0,0.0,0.0
p48307,pv,0.0,0.0,0.0,0.0,0.0
p48307,wind-ofs,0.0,0.0,0.0,0.0,0.0
p48307,wind-ons,0.0,0.0,0.0,0.0,0.0
p48309,battery,883.4100000000001,883.4100000000001,883.4100000000001,883.4100000000001,883.4100000000001
p48309,biomass,0.0,0.0,0.0,0.0,0.0
p48309,coal,0.0,0.0,0.0,0.0,0.0
p48309,gas,43.36,43.36,43.36,43.36,43.36
p48309,geothermal,0.0,0.0,0.0,0.0,0.0
p48309,h2,0.0,0.0,0.0,0.0,0.0
p48309,hydro,0.0,0.0,0.0,0.0,0.0
p48309,nuclear,0.0,0.0,0.0,0.0,0.0
p48309,pumped-hydro,0.0,0.0,0.0,0.0,0.0
p48309,pv,1283.42,1283.42,1283.42,1283.42,1283.42
p48309,wind-ofs,0.0,0.0,0.0,0.0,0.0
p48309,wind-ons,600.0,600.0,600.0,600.0,600.0
p48311,battery,0.0,0.0,0.0,0.0,0.0
p48311,biomass,0.0,0.0,0.0,0.0,0.0
p48311,coal,0.0,0.0,0.0,0.0,0.0
p48311,gas,0.0,0.0,0.0,0.0,0.0
p48311,geothermal,0.0,0.0,0.0,0.0,0.0
p48311,h2,0.0,0.0,0.0,0.0,0.0
p48311,hydro,0.0,0.0,0.0,0.0,0.0
p48311,nuclear,0.0,0.0,0.0,0.0,0.0
p48311,pumped-hydro,0.0,0.0,0.0,0.0,0.0
p48311,pv,522.84,522.84,522.84,522.84,522.84
p48311,wind-ofs,0.0,0.0,0.0,0.0,0.0
p48311,wind-ons,0.0,0.0,0.0,0.0,0.0
p48313,battery,620.37,620.37,620.37,620.37,620.37
p48313,biomass,0.0,0.0,0.0,0.0,0.0
p48313,coal,0.0,0.0,0.0,0.0,0.0
p48313,gas,0.0,0.0,0.0,0.0,0.0
p48313,geothermal,0.0,0.0,0.0,0.0,0.0
p48313,h2,0.0,0.0,0.0,0.0,0.0
p48313,hydro,0.0,0.0,0.0,0.0,0.0
p48313,nuclear,0.0,0.0,0.0,0.0,0.0
p48313,pumped-hydro,0.0,0.0,0.0,0.0,0.0
p48313,pv,200.97,200.97,200.97,200.97,200.97
p48313,wind-ofs,0.0,0.0,0.0,0.0,0.0
p48313,wind-ons,0.0,0.0,0.0,0.0,0.0
p48315,battery,0.0,0.0,0.0,0.0,0.0
p48315,biomass,0.0,0.0,0.0,0.0,0.0
p48315,coal,0.0,0.0,0.0,0.0,0.0
p48315,gas,0.0,0.0,0.0,0.0,0.0
p48315,geothermal,0.0,0.0,0.0,0.0,0.0
p48315,h2,0.0,0.0,0.0,0.0,0.0
p48315,hydro,0.0,0.0,0.0,0.0,0.0
p48315,nuclear,0.0,0.0,0.0,0.0,0.0
p48315,pumped-hydro,0.0,0.0,0.0,0.0,0.0
p48315,pv,150.0,150.0,150.0,150.0,150.0
p48315,wind-ofs,0.0,0.0,0.0,0.0,0.0
p48315,wind-ons,0.0,0.0,0.0,0.0,0.0
p48317,battery,594.52,594.52,594.52,594.52,594.52
p48317,biomass,0.0,0.0,0.0,0.0,0.0
p48317,coal,0.0,0.0,0.0,0.0,0.0
p48317,gas,0.0,0.0,0.0,0.0,0.0
p48317,geothermal,0.0,0.0,0.0,0.0,0.0
p48317,h2,0.0,0.0,0.0,0.0,0.0
p48317,hydro,0.0,0.0,0.0,0.0,0.0
p48317,nuclear,0.0,0.0,0.0,0.0,0.0
p48317,pumped-hydro,0.0,0.0,0.0,0.0,0.0
p48317,pv,0.0,0.0,0.0,0.0,0.0
p48317,wind-ofs,0.0,0.0,0.0,0.0,0.0
p48317,wind-ons,0.0,0.0,0.0,0.0,0.0
p48319,battery,19.6,19.6,19.6,19.6,19.6
p48319,biomass,0.0,0.0,0.0,0.0,0.0
p48319,coal,0.0,0.0,0.0,0.0,0.0
p48319,gas,0.0,0.0,0.0,0.0,0.0
p48319,geothermal,0.0,0.0,0.0,0.0,0.0
p48319,h2,0.0,0.0,0.0,0.0,0.0
p48319,hydro,0.0,0.0,0.0,0.0,0.0
p48319,nuclear,0.0,0.0,0.0,0.0,0.0
p48319,pumped-hydro,0.0,0.0,0.0,0.0,0.0
p48319,pv,0.0,0.0,0.0,0.0,0.0
p48319,wind-ofs,0.0,0.0,0.0,0.0,0.0
p48319,wind-ons,0.0,0.0,0.0,0.0,0.0
p48321,battery,2026.83,2026.83,2026.83,2026.83,2026.83
p48321,biomass,0.0,0.0,0.0,0.0,0.0
p48321,coal,0.0,0.0,0.0,0.0,0.0
p48321,gas,0.0,0.0,0.0,0.0,0.0
p48321,geothermal,0.0,0.0,0.0,0.0,0.0
p48321,h2,0.0,0.0,0.0,0.0,0.0
p48321,hydro,0.0,0.0,0.0,0.0,0.0
p48321,nuclear,0.0,0.0,0.0,0.0,0.0
p48321,pumped-hydro,0.0,0.0,0.0,0.0,0.0
p48321,pv,3737.8700000000003,3737.8700000000003,3737.8700000000003,3737.8700000000003,3737.8700000000003
p48321,wind-ofs,0.0,0.0,0.0,0.0,0.0
p48321,wind-ons,482.4,482.4,482.4,482.4,482.4
p48323,battery,1214.16,1214.16,1214.16,1214.16,1214.16
p48323,biomass,0.0,0.0,0.0,0.0,0.0
p48323,coal,0.0,0.0,0.0,0.0,0.0
p48323,gas,0.0,0.0,0.0,0.0,0.0
p48323,geothermal,0.0,0.0,0.0,0.0,0.0
p48323,h2,0.0,0.0,0.0,0.0,0.0
p48323,hydro,0.0,0.0,0.0,0.0,0.0
p48323,nuclear,0.0,0.0,0.0,0.0,0.0
p48323,pumped-hydro,0.0,0.0,0.0,0.0,0.0
p48323,pv,502.4,502.4,502.4,502.4,502.4
p48323,wind-ofs,0.0,0.0,0.0,0.0,0.0
p48323,wind-ons,0.0,0.0,0.0,0.0,0.0
p48325,battery,382.5,382.5,382.5,382.5,382.5
p48325,biomass,0.0,0.0,0.0,0.0,0.0
p48325,coal,0.0,0.0,0.0,0.0,0.0
p48325,gas,0.0,0.0,0.0,0.0,0.0
p48325,geothermal,0.0,0.0,0.0,0.0,0.0
p48325,h2,0.0,0.0,0.0,0.0,0.0
p48325,hydro,0.0,0.0,0.0,0.0,0.0
p48325,nuclear,0.0,0.0,0.0,0.0,0.0
p48325,pumped-hydro,0.0,0.0,0.0,0.0,0.0
p48325,pv,210.9,210.9,210.9,210.9,210.9
p48325,wind-ofs,0.0,0.0,0.0,0.0,0.0
p48325,wind-ons,0.0,0.0,0.0,0.0,0.0
p48327,battery,509.16,509.16,509.16,509.16,509.16
p48327,biomass,0.0,0.0,0.0,0.0,0.0
p48327,coal,0.0,0.0,0.0,0.0,0.0
p48327,gas,0.0,0.0,0.0,0.0,0.0
p48327,geothermal,0.0,0.0,0.0,0.0,0.0
p48327,h2,0.0,0.0,0.0,0.0,0.0
p48327,hydro,0.0,0.0,0.0,0.0,0.0
p48327,nuclear,0.0,0.0,0.0,0.0,0.0
p48327,pumped-hydro,0.0,0.0,0.0,0.0,0.0
p48327,pv,152.32999999999998,152.32999999999998,152.32999999999998,152.32999999999998,152.32999999999998
p48327,wind-ofs,0.0,0.0,0.0,0.0,0.0
p48327,wind-ons,0.0,0.0,0.0,0.0,0.0
p48329,battery,406.03,406.03,406.03,406.03,406.03
p48329,biomass,0.0,0.0,0.0,0.0,0.0
p48329,coal,0.0,0.0,0.0,0.0,0.0
p48329,gas,453.0,453.0,453.0,453.0,453.0
p48329,geothermal,0.0,0.0,0.0,0.0,0.0
p48329,h2,0.0,0.0,0.0,0.0,0.0
p48329,hydro,0.0,0.0,0.0,0.0,0.0
p48329,nuclear,0.0,0.0,0.0,0.0,0.0
p48329,pumped-hydro,0.0,0.0,0.0,0.0,0.0
p48329,pv,133.7,133.7,133.7,133.7,133.7
p48329,wind-ofs,0.0,0.0,0.0,0.0,0.0
p48329,wind-ons,280.64,280.64,280.64,280.64,280.64
p48331,battery,1187.63,1187.63,1187.63,1187.63,1187.63
p48331,biomass,0.0,0.0,0.0,0.0,0.0
p48331,coal,0.0,0.0,0.0,0.0,0.0
p48331,gas,1264.34,1264.34,1264.34,1264.34,1264.34
p48331,geothermal,0.0,0.0,0.0,0.0,0.0
p48331,h2,0.0,0.0,0.0,0.0,0.0
p48331,hydro,0.0,0.0,0.0,0.0,0.0
p48331,nuclear,0.0,0.0,0.0,0.0,0.0
p48331,pumped-hydro,0.0,0.0,0.0,0.0,0.0
p48331,pv,3283.78,3283.78,3283.78,3283.78,3283.78
p48331,wind-ofs,0.0,0.0,0.0,0.0,0.0
p48331,wind-ons,0.0,0.0,0.0,0.0,0.0
p48333,battery,514.67,514.67,514.67,514.67,514.67
p48333,biomass,0.0,0.0,0.0,0.0,0.0
p48333,coal,0.0,0.0,0.0,0.0,0.0
p48333,gas,0.0,0.0,0.0,0.0,0.0
p48333,geothermal,0.0,0.0,0.0,0.0,0.0
p48333,h2,0.0,0.0,0.0,0.0,0.0
p48333,hydro,0.0,0.0,0.0,0.0,0.0
p48333,nuclear,0.0,0.0,0.0,0.0,0.0
p48333,pumped-hydro,0.0,0.0,0.0,0.0,0.0
p48333,pv,309.59000000000003,309.59000000000003,309.59000000000003,309.59000000000003,309.59000000000003
p48333,wind-ofs,0.0,0.0,0.0,0.0,0.0
p48333,wind-ons,604.8,604.8,604.8,604.8,604.8
p48335,battery,850.32,850.32,850.32,850.32,850.32
p48335,biomass,0.0,0.0,0.0,0.0,0.0
p48335,coal,0.0,0.0,0.0,0.0,0.0
p48335,gas,0.0,0.0,0.0,0.0,0.0
p48335,geothermal,0.0,0.0,0.0,0.0,0.0
p48335,h2,0.0,0.0,0.0,0.0,0.0
p48335,hydro,0.0,0.0,0.0,0.0,0.0
p48335,nuclear,0.0,0.0,0.0,0.0,0.0
p48335,pumped-hydro,0.0,0.0,0.0,0.0,0.0
p48335,pv,975.01,975.01,975.01,975.01,975.01
p48335,wind-ofs,0.0,0.0,0.0,0.0,0.0
p48335,wind-ons,0.0,0.0,0.0,0.0,0.0
p48337,battery,308.07,308.07,308.07,308.07,308.07
p48337,biomass,0.0,0.0,0.0,0.0,0.0
p48337,coal,0.0,0.0,0.0,0.0,0.0
p48337,gas,0.0,0.0,0.0,0.0,0.0
p48337,geothermal,0.0,0.0,0.0,0.0,0.0
p48337,h2,0.0,0.0,0.0,0.0,0.0
p48337,hydro,0.0,0.0,0.0,0.0,0.0
p48337,nuclear,0.0,0.0,0.0,0.0,0.0
p48337,pumped-hydro,0.0,0.0,0.0,0.0,0.0
p48337,pv,160.49,160.49,160.49,160.49,160.49
p48337,wind-ofs,0.0,0.0,0.0,0.0,0.0
p48337,wind-ons,0.0,0.0,0.0,0.0,0.0
p48339,battery,367.15999999999997,367.15999999999997,367.15999999999997,367.15999999999997,367.15999999999997
p48339,biomass,0.0,0.0,0.0,0.0,0.0
p48339,coal,0.0,0.0,0.0,0.0,0.0
p48339,gas,0.0,0.0,0.0,0.0,0.0
p48339,geothermal,0.0,0.0,0.0,0.0,0.0
p48339,h2,0.0,0.0,0.0,0.0,0.0
p48339,hydro,0.0,0.0,0.0,0.0,0.0
p48339,nuclear,0.0,0.0,0.0,0.0,0.0
p48339,pumped-hydro,0.0,0.0,0.0,0.0,0.0
p48339,pv,0.0,0.0,0.0,0.0,0.0
p48339,wind-ofs,0.0,0.0,0.0,0.0,0.0
p48339,wind-ons,0.0,0.0,0.0,0.0,0.0
p48343,battery,0.0,0.0,0.0,0.0,0.0
p48343,biomass,0.0,0.0,0.0,0.0,0.0
p48343,coal,0.0,0.0,0.0,0.0,0.0
p48343,gas,1119.0,1119.0,1119.0,1119.0,1119.0
p48343,geothermal,0.0,0.0,0.0,0.0,0.0
p48343,h2,0.0,0.0,0.0,0.0,0.0
p48343,hydro,0.0,0.0,0.0,0.0,0.0
p48343,nuclear,0.0,0.0,0.0,0.0,0.0
p48343,pumped-hydro,0.0,0.0,0.0,0.0,0.0
p48343,pv,300.0,300.0,300.0,300.0,300.0
p48343,wind-ofs,0.0,0.0,0.0,0.0,0.0
p48343,wind-ons,0.0,0.0,0.0,0.0,0.0
p48345,battery,0.0,0.0,0.0,0.0,0.0
p48345,biomass,0.0,0.0,0.0,0.0,0.0
p48345,coal,0.0,0.0,0.0,0.0,0.0
p48345,gas,0.0,0.0,0.0,0.0,0.0
p48345,geothermal,0.0,0.0,0.0,0.0,0.0
p48345,h2,0.0,0.0,0.0,0.0,0.0
p48345,hydro,0.0,0.0,0.0,0.0,0.0
p48345,nuclear,0.0,0.0,0.0,0.0,0.0
p48345,pumped-hydro,0.0,0.0,0.0,0.0,0.0
p48345,pv,504.0,504.0,504.0,504.0,504.0
p48345,wind-ofs,0.0,0.0,0.0,0.0,0.0
p48345,wind-ons,300.0,300.0,300.0,300.0,300.0
p48347,battery,467.25,467.25,467.25,467.25,467.25
p48347,biomass,0.0,0.0,0.0,0.0,0.0
p48347,coal,0.0,0.0,0.0,0.0,0.0
p48347,gas,0.0,0.0,0.0,0.0,0.0
p48347,geothermal,0.0,0.0,0.0,0.0,0.0
p48347,h2,0.0,0.0,0.0,0.0,0.0
p48347,hydro,0.0,0.0,0.0,0.0,0.0
p48347,nuclear,0.0,0.0,0.0,0.0,0.0
p48347,pumped-hydro,0.0,0.0,0.0,0.0,0.0
p48347,pv,876.9,876.9,876.9,876.9,876.9
p48347,wind-ofs,0.0,0.0,0.0,0.0,0.0
p48347,wind-ons,0.0,0.0,0.0,0.0,0.0
p48349,battery,497.7,497.7,497.7,497.7,497.7
p48349,biomass,0.0,0.0,0.0,0.0,0.0
p48349,coal,0.0,0.0,0.0,0.0,0.0
p48349,gas,0.0,0.0,0.0,0.0,0.0
p48349,geothermal,0.0,0.0,0.0,0.0,0.0
p48349,h2,0.0,0.0,0.0,0.0,0.0
p48349,hydro,0.0,0.0,0.0,0.0,0.0
p48349,nuclear,0.0,0.0,0.0,0.0,0.0
p48349,pumped-hydro,0.0,0.0,0.0,0.0,0.0
p48349,pv,3017.34,3017.34,3017.34,3017.34,3017.34
p48349,wind-ofs,0.0,0.0,0.0,0.0,0.0
p48349,wind-ons,1200.8,1200.8,1200.8,1200.8,1200.8
p48351,battery,100.0,100.0,100.0,100.0,100.0
p48351,biomass,0.0,0.0,0.0,0.0,0.0
p48351,coal,0.0,0.0,0.0,0.0,0.0
p48351,gas,0.0,0.0,0.0,0.0,0.0
p48351,geothermal,0.0,0.0,0.0,0.0,0.0
p48351,h2,0.0,0.0,0.0,0.0,0.0
p48351,hydro,0.0,0.0,0.0,0.0,0.0
p48351,nuclear,0.0,0.0,0.0,0.0,0.0
p48351,pumped-hydro,0.0,0.0,0.0,0.0,0.0
p48351,pv,705.0,705.0,705.0,705.0,705.0
p48351,wind-ofs,0.0,0.0,0.0,0.0,0.0
p48351,wind-ons,0.0,0.0,0.0,0.0,0.0
p48353,battery,611.42,611.42,611.42,611.42,611.42
p48353,biomass,0.0,0.0,0.0,0.0,0.0
p48353,coal,0.0,0.0,0.0,0.0,0.0
p48353,gas,0.0,0.0,0.0,0.0,0.0
p48353,geothermal,0.0,0.0,0.0,0.0,0.0
p48353,h2,0.0,0.0,0.0,0.0,0.0
p48353,hydro,0.0,0.0,0.0,0.0,0.0
p48353,nuclear,0.0,0.0,0.0,0.0,0.0
p48353,pumped-hydro,0.0,0.0,0.0,0.0,0.0
p48353,pv,1133.8600000000001,1133.8600000000001,1133.8600000000001,1133.8600000000001,1133.8600000000001
p48353,wind-ofs,0.0,0.0,0.0,0.0,0.0
p48353,wind-ons,449.22,449.22,449.22,449.22,449.22
p48355,battery,2185.76,2185.76,2185.76,2185.76,2185.76
p48355,biomass,0.0,0.0,0.0,0.0,0.0
p48355,coal,0.0,0.0,0.0,0.0,0.0
p48355,gas,1056.8,1056.8,1056.8,1056.8,1056.8
p48355,geothermal,0.0,0.0,0.0,0.0,0.0
p48355,h2,0.0,0.0,0.0,0.0,0.0
p48355,hydro,0.0,0.0,0.0,0.0,0.0
p48355,nuclear,0.0,0.0,0.0,0.0,0.0
p48355,pumped-hydro,0.0,0.0,0.0,0.0,0.0
p48355,pv,1335.5,1335.5,1335.5,1335.5,1335.5
p48355,wind-ofs,0.0,0.0,0.0,0.0,0.0
p48355,wind-ons,0.0,0.0,0.0,0.0,0.0
p48357,battery,0.0,0.0,0.0,0.0,0.0
p48357,biomass,0.0,0.0,0.0,0.0,0.0
p48357,coal,0.0,0.0,0.0,0.0,0.0
p48357,gas,0.0,0.0,0.0,0.0,0.0
p48357,geothermal,0.0,0.0,0.0,0.0,0.0
p48357,h2,0.0,0.0,0.0,0.0,0.0
p48357,hydro,0.0,0.0,0.0,0.0,0.0
p48357,nuclear,0.0,0.0,0.0,0.0,0.0
p48357,pumped-hydro,0.0,0.0,0.0,0.0,0.0
p48357,pv,400.2,400.2,400.2,400.2,400.2
p48357,wind-ofs,0.0,0.0,0.0,0.0,0.0
p48357,wind-ons,285.0,285.0,285.0,285.0,285.0
p48359,battery,0.0,0.0,0.0,0.0,0.0
p48359,biomass,0.0,0.0,0.0,0.0,0.0
p48359,coal,0.0,0.0,0.0,0.0,0.0
p48359,gas,0.0,0.0,0.0,0.0,0.0
p48359,geothermal,0.0,0.0,0.0,0.0,0.0
p48359,h2,0.0,0.0,0.0,0.0,0.0
p48359,hydro,0.0,0.0,0.0,0.0,0.0
p48359,nuclear,0.0,0.0,0.0,0.0,0.0
p48359,pumped-hydro,0.0,0.0,0.0,0.0,0.0
p48359,pv,0.0,0.0,0.0,0.0,0.0
p48359,wind-ofs,0.0,0.0,0.0,0.0,0.0
p48359,wind-ons,352.38,352.38,352.38,352.38,352.38
p48361,battery,0.0,0.0,0.0,0.0,0.0
p48361,biomass,0.0,0.0,0.0,0.0,0.0
p48361,coal,0.0,0.0,0.0,0.0,0.0
p48361,gas,1292.0,1292.0,1292.0,1292.0,1292.0
p48361,geothermal,0.0,0.0,0.0,0.0,0.0
p48361,h2,0.0,0.0,0.0,0.0,0.0
p48361,hydro,0.0,0.0,0.0,0.0,0.0
p48361,nuclear,0.0,0.0,0.0,0.0,0.0
p48361,pumped-hydro,0.0,0.0,0.0,0.0,0.0
p48361,pv,700.0,700.0,700.0,700.0,700.0
p48361,wind-ofs,0.0,0.0,0.0,0.0,0.0
p48361,wind-ons,0.0,0.0,0.0,0.0,0.0
p48363,battery,241.36,241.36,241.36,241.36,241.36
p48363,biomass,0.0,0.0,0.0,0.0,0.0
p48363,coal,0.0,0.0,0.0,0.0,0.0
p48363,gas,0.0,0.0,0.0,0.0,0.0
p48363,geothermal,0.0,0.0,0.0,0.0,0.0
p48363,h2,0.0,0.0,0.0,0.0,0.0
p48363,hydro,0.0,0.0,0.0,0.0,0.0
p48363,nuclear,0.0,0.0,0.0,0.0,0.0
p48363,pumped-hydro,0.0,0.0,0.0,0.0,0.0
p48363,pv,365.03000000000003,365.03000000000003,365.03000000000003,365.03000000000003,365.03000000000003
p48363,wind-ofs,0.0,0.0,0.0,0.0,0.0
p48363,wind-ons,0.0,0.0,0.0,0.0,0.0
p48367,battery,104.0,104.0,104.0,104.0,104.0
p48367,biomass,0.0,0.0,0.0,0.0,0.0
p48367,coal,0.0,0.0,0.0,0.0,0.0
p48367,gas,0.0,0.0,0.0,0.0,0.0
p48367,geothermal,0.0,0.0,0.0,0.0,0.0
p48367,h2,0.0,0.0,0.0,0.0,0.0
p48367,hydro,0.0,0.0,0.0,0.0,0.0
p48367,nuclear,0.0,0.0,0.0,0.0,0.0
p48367,pumped-hydro,0.0,0.0,0.0,0.0,0.0
p48367,pv,602.2,602.2,602.2,602.2,602.2
p48367,wind-ofs,0.0,0.0,0.0,0.0,0.0
p48367,wind-ons,0.0,0.0,0.0,0.0,0.0
p48369,battery,0.0,0.0,0.0,0.0,0.0
p48369,biomass,0.0,0.0,0.0,0.0,0.0
p48369,coal,0.0,0.0,0.0,0.0,0.0
p48369,gas,0.0,0.0,0.0,0.0,0.0
p48369,geothermal,0.0,0.0,0.0,0.0,0.0
p48369,h2,0.0,0.0,0.0,0.0,0.0
p48369,hydro,0.0,0.0,0.0,0.0,0.0
p48369,nuclear,0.0,0.0,0.0,0.0,0.0
p48369,pumped-hydro,0.0,0.0,0.0,0.0,0.0
p48369,pv,0.0,0.0,0.0,0.0,0.0
p48369,wind-ofs,0.0,0.0,0.0,0.0,0.0
p48369,wind-ons,565.0,565.0,565.0,565.0,565.0
p48371,battery,2524.54,2524.54,2524.54,2524.54,2524.54
p48371,biomass,0.0,0.0,0.0,0.0,0.0
p48371,coal,0.0,0.0,0.0,0.0,0.0
p48371,gas,107.0,107.0,107.0,107.0,107.0
p48371,geothermal,0.0,0.0,0.0,0.0,0.0
p48371,h2,0.0,0.0,0.0,0.0,0.0
p48371,hydro,0.0,0.0,0.0,0.0,0.0
p48371,nuclear,0.0,0.0,0.0,0.0,0.0
p48371,pumped-hydro,0.0,0.0,0.0,0.0,0.0
p48371,pv,2718.28,2718.28,2718.28,2718.28,2718.28
p48371,wind-ofs,0.0,0.0,0.0,0.0,0.0
p48371,wind-ons,888.26,888.26,888.26,888.26,888.26
p48373,battery,0.0,0.0,0.0,0.0,0.0
p48373,biomass,0.0,0.0,0.0,0.0,0.0
p48373,coal,0.0,0.0,0.0,0.0,0.0
p48373,gas,0.0,0.0,0.0,0.0,0.0
p48373,geothermal,0.0,0.0,0.0,0.0,0.0
p48373,h2,0.0,0.0,0.0,0.0,0.0
p48373,hydro,0.0,0.0,0.0,0.0,0.0
p48373,nuclear,0.0,0.0,0.0,0.0,0.0
p48373,pumped-hydro,0.0,0.0,0.0,0.0,0.0
p48373,pv,435.0,435.0,435.0,435.0,435.0
p48373,wind-ofs,0.0,0.0,0.0,0.0,0.0
p48373,wind-ons,0.0,0.0,0.0,0.0,0.0
p48375,battery,200.0,200.0,200.0,200.0,200.0
p48375,biomass,0.0,0.0,0.0,0.0,0.0
p48375,coal,0.0,0.0,0.0,0.0,0.0
p48375,gas,0.0,0.0,0.0,0.0,0.0
p48375,geothermal,0.0,0.0,0.0,0.0,0.0
p48375,h2,0.0,0.0,0.0,0.0,0.0
p48375,hydro,0.0,0.0,0.0,0.0,0.0
p48375,nuclear,0.0,0.0,0.0,0.0,0.0
p48375,pumped-hydro,0.0,0.0,0.0,0.0,0.0
p48375,pv,0.0,0.0,0.0,0.0,0.0
p48375,wind-ofs,0.0,0.0,0.0,0.0,0.0
p48375,wind-ons,330.84,330.84,330.84,330.84,330.84
p48379,battery,176.13,176.13,176.13,176.13,176.13
p48379,biomass,0.0,0.0,0.0,0.0,0.0
p48379,coal,0.0,0.0,0.0,0.0,0.0
p48379,gas,0.0,0.0,0.0,0.0,0.0
p48379,geothermal,0.0,0.0,0.0,0.0,0.0
p48379,h2,0.0,0.0,0.0,0.0,0.0
p48379,hydro,0.0,0.0,0.0,0.0,0.0
p48379,nuclear,0.0,0.0,0.0,0.0,0.0
p48379,pumped-hydro,0.0,0.0,0.0,0.0,0.0
p48379,pv,251.62,251.62,251.62,251.62,251.62
p48379,wind-ofs,0.0,0.0,0.0,0.0,0.0
p48379,wind-ons,0.0,0.0,0.0,0.0,0.0
p48381,battery,275.0,275.0,275.0,275.0,275.0
p48381,biomass,0.0,0.0,0.0,0.0,0.0
p48381,coal,0.0,0.0,0.0,0.0,0.0
p48381,gas,0.0,0.0,0.0,0.0,0.0
p48381,geothermal,0.0,0.0,0.0,0.0,0.0
p48381,h2,0.0,0.0,0.0,0.0,0.0
p48381,hydro,0.0,0.0,0.0,0.0,0.0
p48381,nuclear,0.0,0.0,0.0,0.0,0.0
p48381,pumped-hydro,0.0,0.0,0.0,0.0,0.0
p48381,pv,300.0,300.0,300.0,300.0,300.0
p48381,wind-ofs,0.0,0.0,0.0,0.0,0.0
p48381,wind-ons,0.0,0.0,0.0,0.0,0.0
p48383,battery,307.85,307.85,307.85,307.85,307.85
p48383,biomass,0.0,0.0,0.0,0.0,0.0
p48383,coal,0.0,0.0,0.0,0.0,0.0
p48383,gas,0.0,0.0,0.0,0.0,0.0
p48383,geothermal,0.0,0.0,0.0,0.0,0.0
p48383,h2,0.0,0.0,0.0,0.0,0.0
p48383,hydro,0.0,0.0,0.0,0.0,0.0
p48383,nuclear,0.0,0.0,0.0,0.0,0.0
p48383,pumped-hydro,0.0,0.0,0.0,0.0,0.0
p48383,pv,0.0,0.0,0.0,0.0,0.0
p48383,wind-ofs,0.0,0.0,0.0,0.0,0.0
p48383,wind-ons,0.0,0.0,0.0,0.0,0.0
p48385,battery,9.9,9.9,9.9,9.9,9.9
p48385,biomass,0.0,0.0,0.0,0.0,0.0
p48385,coal,0.0,0.0,0.0,0.0,0.0
p48385,gas,0.0,0.0,0.0,0.0,0.0
p48385,geothermal,0.0,0.0,0.0,0.0,0.0
p48385,h2,0.0,0.0,0.0,0.0,0.0
p48385,hydro,0.0,0.0,0.0,0.0,0.0
p48385,nuclear,0.0,0.0,0.0,0.0,0.0
p48385,pumped-hydro,0.0,0.0,0.0,0.0,0.0
p48385,pv,0.0,0.0,0.0,0.0,0.0
p48385,wind-ofs,0.0,0.0,0.0,0.0,0.0
p48385,wind-ons,0.0,0.0,0.0,0.0,0.0
p48387,battery,130.57,130.57,130.57,130.57,130.57
p48387,biomass,0.0,0.0,0.0,0.0,0.0
p48387,coal,0.0,0.0,0.0,0.0,0.0
p48387,gas,0.0,0.0,0.0,0.0,0.0
p48387,geothermal,0.0,0.0,0.0,0.0,0.0
p48387,h2,0.0,0.0,0.0,0.0,0.0
p48387,hydro,0.0,0.0,0.0,0.0,0.0
p48387,nuclear,0.0,0.0,0.0,0.0,0.0
p48387,pumped-hydro,0.0,0.0,0.0,0.0,0.0
p48387,pv,125.63,125.63,125.63,125.63,125.63
p48387,wind-ofs,0.0,0.0,0.0,0.0,0.0
p48387,wind-ons,0.0,0.0,0.0,0.0,0.0
p48389,battery,986.1,986.1,986.1,986.1,986.1
p48389,biomass,0.0,0.0,0.0,0.0,0.0
p48389,coal,0.0,0.0,0.0,0.0,0.0
p48389,gas,451.2,451.2,451.2,451.2,451.2
p48389,geothermal,0.0,0.0,0.0,0.0,0.0
p48389,h2,0.0,0.0,0.0,0.0,0.0
p48389,hydro,0.0,0.0,0.0,0.0,0.0
p48389,nuclear,0.0,0.0,0.0,0.0,0.0
p48389,pumped-hydro,0.0,0.0,0.0,0.0,0.0
p48389,pv,947.55,947.55,947.55,947.55,947.55
p48389,wind-ofs,0.0,0.0,0.0,0.0,0.0
p48389,wind-ons,0.0,0.0,0.0,0.0,0.0
p48391,battery,1021.98,1021.98,1021.98,1021.98,1021.98
p48391,biomass,0.0,0.0,0.0,0.0,0.0
p48391,coal,0.0,0.0,0.0,0.0,0.0
p48391,gas,0.0,0.0,0.0,0.0,0.0
p48391,geothermal,0.0,0.0,0.0,0.0,0.0
p48391,h2,0.0,0.0,0.0,0.0,0.0
p48391,hydro,0.0,0.0,0.0,0.0,0.0
p48391,nuclear,0.0,0.0,0.0,0.0,0.0
p48391,pumped-hydro,0.0,0.0,0.0,0.0,0.0
p48391,pv,2845.4399999999996,2845.4399999999996,2845.4399999999996,2845.4399999999996,2845.4399999999996
p48391,wind-ofs,0.0,0.0,0.0,0.0,0.0
p48391,wind-ons,0.0,0.0,0.0,0.0,0.0
p48395,battery,2526.92,2526.92,2526.92,2526.92,2526.92
p48395,biomass,0.0,0.0,0.0,0.0,0.0
p48395,coal,0.0,0.0,0.0,0.0,0.0
p48395,gas,0.0,0.0,0.0,0.0,0.0
p48395,geothermal,0.0,0.0,0.0,0.0,0.0
p48395,h2,0.0,0.0,0.0,0.0,0.0
p48395,hydro,0.0,0.0,0.0,0.0,0.0
p48395,nuclear,0.0,0.0,0.0,0.0,0.0
p48395,pumped-hydro,0.0,0.0,0.0,0.0,0.0
p48395,pv,1687.92,1687.92,1687.92,1687.92,1687.92
p48395,wind-ofs,0.0,0.0,0.0,0.0,0.0
p48395,wind-ons,0.0,0.0,0.0,0.0,0.0
p48397,battery,250.72,250.72,250.72,250.72,250.72
p48397,biomass,0.0,0.0,0.0,0.0,0.0
p48397,coal,0.0,0.0,0.0,0.0,0.0
p48397,gas,0.0,0.0,0.0,0.0,0.0
p48397,geothermal,0.0,0.0,0.0,0.0,0.0
p48397,h2,0.0,0.0,0.0,0.0,0.0
p48397,hydro,0.0,0.0,0.0,0.0,0.0
p48397,nuclear,0.0,0.0,0.0,0.0,0.0
p48397,pumped-hydro,0.0,0.0,0.0,0.0,0.0
p48397,pv,0.0,0.0,0.0,0.0,0.0
p48397,wind-ofs,0.0,0.0,0.0,0.0,0.0
p48397,wind-ons,0.0,0.0,0.0,0.0,0.0
p48399,battery,255.94,255.94,255.94,255.94,255.94
p48399,biomass,0.0,0.0,0.0,0.0,0.0
p48399,coal,0.0,0.0,0.0,0.0,0.0
p48399,gas,0.0,0.0,0.0,0.0,0.0
p48399,geothermal,0.0,0.0,0.0,0.0,0.0
p48399,h2,0.0,0.0,0.0,0.0,0.0
p48399,hydro,0.0,0.0,0.0,0.0,0.0
p48399,nuclear,0.0,0.0,0.0,0.0,0.0
p48399,pumped-hydro,0.0,0.0,0.0,0.0,0.0
p48399,pv,381.41999999999996,381.41999999999996,381.41999999999996,381.41999999999996,381.41999999999996
p48399,wind-ofs,0.0,0.0,0.0,0.0,0.0
p48399,wind-ons,0.0,0.0,0.0,0.0,0.0
p48401,battery,757.1500000000001,757.1500000000001,757.1500000000001,757.1500000000001,757.1500000000001
p48401,biomass,0.0,0.0,0.0,0.0,0.0
p48401,coal,0.0,0.0,0.0,0.0,0.0
p48401,gas,0.0,0.0,0.0,0.0,0.0
p48401,geothermal,0.0,0.0,0.0,0.0,0.0
p48401,h2,0.0,0.0,0.0,0.0,0.0
p48401,hydro,0.0,0.0,0.0,0.0,0.0
p48401,nuclear,0.0,0.0,0.0,0.0,0.0
p48401,pumped-hydro,0.0,0.0,0.0,0.0,0.0
p48401,pv,402.12,402.12,402.12,402.12,402.12
p48401,wind-ofs,0.0,0.0,0.0,0.0,0.0
p48401,wind-ons,0.0,0.0,0.0,0.0,0.0
p48407,battery,100.0,100.0,100.0,100.0,100.0
p48407,biomass,0.0,0.0,0.0,0.0,0.0
p48407,coal,0.0,0.0,0.0,0.0,0.0
p48407,gas,0.0,0.0,0.0,0.0,0.0
p48407,geothermal,0.0,0.0,0.0,0.0,0.0
p48407,h2,0.0,0.0,0.0,0.0,0.0
p48407,hydro,0.0,0.0,0.0,0.0,0.0
p48407,nuclear,0.0,0.0,0.0,0.0,0.0
p48407,pumped-hydro,0.0,0.0,0.0,0.0,0.0
p48407,pv,150.0,150.0,150.0,150.0,150.0
p48407,wind-ofs,0.0,0.0,0.0,0.0,0.0
p48407,wind-ons,0.0,0.0,0.0,0.0,0.0
p48409,battery,1239.29,1239.29,1239.29,1239.29,1239.29
p48409,biomass,0.0,0.0,0.0,0.0,0.0
p48409,coal,0.0,0.0,0.0,0.0,0.0
p48409,gas,0.0,0.0,0.0,0.0,0.0
p48409,geothermal,0.0,0.0,0.0,0.0,0.0
p48409,h2,0.0,0.0,0.0,0.0,0.0
p48409,hydro,0.0,0.0,0.0,0.0,0.0
p48409,nuclear,0.0,0.0,0.0,0.0,0.0
p48409,pumped-hydro,0.0,0.0,0.0,0.0,0.0
p48409,pv,1954.58,1954.58,1954.58,1954.58,1954.58
p48409,wind-ofs,0.0,0.0,0.0,0.0,0.0
p48409,wind-ons,1330.89,1330.89,1330.89,1330.89,1330.89
p48413,battery,1151.64,1151.64,1151.64,1151.64,1151.64
p48413,biomass,0.0,0.0,0.0,0.0,0.0
p48413,coal,0.0,0.0,0.0,0.0,0.0
p48413,gas,0.0,0.0,0.0,0.0,0.0
p48413,geothermal,0.0,0.0,0.0,0.0,0.0
p48413,h2,0.0,0.0,0.0,0.0,0.0
p48413,hydro,0.0,0.0,0.0,0.0,0.0
p48413,nuclear,0.0,0.0,0.0,0.0,0.0
p48413,pumped-hydro,0.0,0.0,0.0,0.0,0.0
p48413,pv,1394.52,1394.52,1394.52,1394.52,1394.52
p48413,wind-ofs,0.0,0.0,0.0,0.0,0.0
p48413,wind-ons,241.13,241.13,241.13,241.13,241.13
p48415,battery,2308.91,2308.91,2308.91,2308.91,2308.91
p48415,biomass,0.0,0.0,0.0,0.0,0.0
p48415,coal,0.0,0.0,0.0,0.0,0.0
p48415,gas,0.0,0.0,0.0,0.0,0.0
p48415,geothermal,0.0,0.0,0.0,0.0,0.0
p48415,h2,0.0,0.0,0.0,0.0,0.0
p48415,hydro,0.0,0.0,0.0,0.0,0.0
p48415,nuclear,0.0,0.0,0.0,0.0,0.0
p48415,pumped-hydro,0.0,0.0,0.0,0.0,0.0
p48415,pv,1248.6299999999999,1248.6299999999999,1248.6299999999999,1248.6299999999999,1248.6299999999999
p48415,wind-ofs,0.0,0.0,0.0,0.0,0.0
p48415,wind-ons,1102.84,1102.84,1102.84,1102.84,1102.84
p48417,battery,63.14,63.14,63.14,63.14,63.14
p48417,biomass,0.0,0.0,0.0,0.0,0.0
p48417,coal,0.0,0.0,0.0,0.0,0.0
p48417,gas,0.0,0.0,0.0,0.0,0.0
p48417,geothermal,0.0,0.0,0.0,0.0,0.0
p48417,h2,0.0,0.0,0.0,0.0,0.0
p48417,hydro,0.0,0.0,0.0,0.0,0.0
p48417,nuclear,0.0,0.0,0.0,0.0,0.0
p48417,pumped-hydro,0.0,0.0,0.0,0.0,0.0
p48417,pv,0.0,0.0,0.0,0.0,0.0
p48417,wind-ofs,0.0,0.0,0.0,0.0,0.0
p48417,wind-ons,0.0,0.0,0.0,0.0,0.0
p48421,battery,0.0,0.0,0.0,0.0,0.0
p48421,biomass,0.0,0.0,0.0,0.0,0.0
p48421,coal,0.0,0.0,0.0,0.0,0.0
p48421,gas,0.0,0.0,0.0,0.0,0.0
p48421,geothermal,0.0,0.0,0.0,0.0,0.0
p48421,h2,0.0,0.0,0.0,0.0,0.0
p48421,hydro,0.0,0.0,0.0,0.0,0.0
p48421,nuclear,0.0,0.0,0.0,0.0,0.0
p48421,pumped-hydro,0.0,0.0,0.0,0.0,0.0
p48421,pv,0.0,0.0,0.0,0.0,0.0
p48421,wind-ofs,0.0,0.0,0.0,0.0,0.0
p48421,wind-ons,280.0,280.0,280.0,280.0,280.0
p48423,battery,686.1700000000001,686.1700000000001,686.1700000000001,686.1700000000001,686.1700000000001
p48423,biomass,0.0,0.0,0.0,0.0,0.0
p48423,coal,0.0,0.0,0.0,0.0,0.0
p48423,gas,0.0,0.0,0.0,0.0,0.0
p48423,geothermal,0.0,0.0,0.0,0.0,0.0
p48423,h2,0.0,0.0,0.0,0.0,0.0
p48423,hydro,0.0,0.0,0.0,0.0,0.0
p48423,nuclear,0.0,0.0,0.0,0.0,0.0
p48423,pumped-hydro,0.0,0.0,0.0,0.0,0.0
p48423,pv,0.0,0.0,0.0,0.0,0.0
p48423,wind-ofs,0.0,0.0,0.0,0.0,0.0
p48423,wind-ons,0.0,0.0,0.0,0.0,0.0
p48425,battery,0.0,0.0,0.0,0.0,0.0
p48425,biomass,0.0,0.0,0.0,0.0,0.0
p48425,coal,0.0,0.0,0.0,0.0,0.0
p48425,gas,0.0,0.0,0.0,0.0,0.0
p48425,geothermal,0.0,0.0,0.0,0.0,0.0
p48425,h2,0.0,0.0,0.0,0.0,0.0
p48425,hydro,0.0,0.0,0.0,0.0,0.0
p48425,nuclear,0.0,0.0,0.0,0.0,0.0
p48425,pumped-hydro,0.0,0.0,0.0,0.0,0.0
p48425,pv,577.98,577.98,577.98,577.98,577.98
p48425,wind-ofs,0.0,0.0,0.0,0.0,0.0
p48425,wind-ons,0.0,0.0,0.0,0.0,0.0
p48427,battery,1840.66,1840.66,1840.66,1840.66,1840.66
p48427,biomass,0.0,0.0,0.0,0.0,0.0
p48427,coal,0.0,0.0,0.0,0.0,0.0
p48427,gas,0.0,0.0,0.0,0.0,0.0
p48427,geothermal,0.0,0.0,0.0,0.0,0.0
p48427,h2,0.0,0.0,0.0,0.0,0.0
p48427,hydro,0.0,0.0,0.0,0.0,0.0
p48427,nuclear,0.0,0.0,0.0,0.0,0.0
p48427,pumped-hydro,0.0,0.0,0.0,0.0,0.0
p48427,pv,1904.8,1904.8,1904.8,1904.8,1904.8
p48427,wind-ofs,0.0,0.0,0.0,0.0,0.0
p48427,wind-ons,999.3000000000001,999.3000000000001,999.3000000000001,999.3000000000001,999.3000000000001
p48429,battery,0.0,0.0,0.0,0.0,0.0
p48429,biomass,0.0,0.0,0.0,0.0,0.0
p48429,coal,0.0,0.0,0.0,0.0,0.0
p48429,gas,0.0,0.0,0.0,0.0,0.0
p48429,geothermal,0.0,0.0,0.0,0.0,0.0
p48429,h2,0.0,0.0,0.0,0.0,0.0
p48429,hydro,0.0,0.0,0.0,0.0,0.0
p48429,nuclear,0.0,0.0,0.0,0.0,0.0
p48429,pumped-hydro,0.0,0.0,0.0,0.0,0.0
p48429,pv,0.0,0.0,0.0,0.0,0.0
p48429,wind-ofs,0.0,0.0,0.0,0.0,0.0
p48429,wind-ons,296.8,296.8,296.8,296.8,296.8
p48431,battery,0.0,0.0,0.0,0.0,0.0
p48431,biomass,0.0,0.0,0.0,0.0,0.0
p48431,coal,0.0,0.0,0.0,0.0,0.0
p48431,gas,0.0,0.0,0.0,0.0,0.0
p48431,geothermal,0.0,0.0,0.0,0.0,0.0
p48431,h2,0.0,0.0,0.0,0.0,0.0
p48431,hydro,0.0,0.0,0.0,0.0,0.0
p48431,nuclear,0.0,0.0,0.0,0.0,0.0
p48431,pumped-hydro,0.0,0.0,0.0,0.0,0.0
p48431,pv,0.0,0.0,0.0,0.0,0.0
p48431,wind-ofs,0.0,0.0,0.0,0.0,0.0
p48431,wind-ons,281.0,281.0,281.0,281.0,281.0
p48433,battery,0.0,0.0,0.0,0.0,0.0
p48433,biomass,0.0,0.0,0.0,0.0,0.0
p48433,coal,0.0,0.0,0.0,0.0,0.0
p48433,gas,0.0,0.0,0.0,0.0,0.0
p48433,geothermal,0.0,0.0,0.0,0.0,0.0
p48433,h2,0.0,0.0,0.0,0.0,0.0
p48433,hydro,0.0,0.0,0.0,0.0,0.0
p48433,nuclear,0.0,0.0,0.0,0.0,0.0
p48433,pumped-hydro,0.0,0.0,0.0,0.0,0.0
p48433,pv,1613.6,1613.6,1613.6,1613.6,1613.6
p48433,wind-ofs,0.0,0.0,0.0,0.0,0.0
p48433,wind-ons,0.0,0.0,0.0,0.0,0.0
p48435,battery,307.06,307.06,307.06,307.06,307.06
p48435,biomass,0.0,0.0,0.0,0.0,0.0
p48435,coal,0.0,0.0,0.0,0.0,0.0
p48435,gas,0.0,0.0,0.0,0.0,0.0
p48435,geothermal,0.0,0.0,0.0,0.0,0.0
p48435,h2,0.0,0.0,0.0,0.0,0.0
p48435,hydro,0.0,0.0,0.0,0.0,0.0
p48435,nuclear,0.0,0.0,0.0,0.0,0.0
p48435,pumped-hydro,0.0,0.0,0.0,0.0,0.0
p48435,pv,0.0,0.0,0.0,0.0,0.0
p48435,wind-ofs,0.0,0.0,0.0,0.0,0.0
p48435,wind-ons,750.05,750.05,750.05,750.05,750.05
p48437,battery,503.85,503.85,503.85,503.85,503.85
p48437,biomass,0.0,0.0,0.0,0.0,0.0
p48437,coal,0.0,0.0,0.0,0.0,0.0
p48437,gas,0.0,0.0,0.0,0.0,0.0
p48437,geothermal,0.0,0.0,0.0,0.0,0.0
p48437,h2,0.0,0.0,0.0,0.0,0.0
p48437,hydro,0.0,0.0,0.0,0.0,0.0
p48437,nuclear,0.0,0.0,0.0,0.0,0.0
p48437,pumped-hydro,0.0,0.0,0.0,0.0,0.0
p48437,pv,1204.74,1204.74,1204.74,1204.74,1204.74
p48437,wind-ofs,0.0,0.0,0.0,0.0,0.0
p48437,wind-ons,0.0,0.0,0.0,0.0,0.0
p48439,battery,1398.2,1398.2,1398.2,1398.2,1398.2
p48439,biomass,0.0,0.0,0.0,0.0,0.0
p48439,coal,0.0,0.0,0.0,0.0,0.0
p48439,gas,0.0,0.0,0.0,0.0,0.0
p48439,geothermal,0.0,0.0,0.0,0.0,0.0
p48439,h2,0.0,0.0,0.0,0.0,0.0
p48439,hydro,0.0,0.0,0.0,0.0,0.0
p48439,nuclear,0.0,0.0,0.0,0.0,0.0
p48439,pumped-hydro,0.0,0.0,0.0,0.0,0.0
p48439,pv,0.0,0.0,0.0,0.0,0.0
p48439,wind-ofs,0.0,0.0,0.0,0.0,0.0
p48439,wind-ons,0.0,0.0,0.0,0.0,0.0
p48441,battery,626.93,626.93,626.93,626.93,626.93
p48441,biomass,0.0,0.0,0.0,0.0,0.0
p48441,coal,0.0,0.0,0.0,0.0,0.0
p48441,gas,0.0,0.0,0.0,0.0,0.0
p48441,geothermal,0.0,0.0,0.0,0.0,0.0
p48441,h2,0.0,0.0,0.0,0.0,0.0
p48441,hydro,0.0,0.0,0.0,0.0,0.0
p48441,nuclear,0.0,0.0,0.0,0.0,0.0
p48441,pumped-hydro,0.0,0.0,0.0,0.0,0.0
p48441,pv,200.93,200.93,200.93,200.93,200.93
p48441,wind-ofs,0.0,0.0,0.0,0.0,0.0
p48441,wind-ons,256.63,256.63,256.63,256.63,256.63
p48445,battery,0.0,0.0,0.0,0.0,0.0
p48445,biomass,0.0,0.0,0.0,0.0,0.0
p48445,coal,0.0,0.0,0.0,0.0,0.0
p48445,gas,0.0,0.0,0.0,0.0,0.0
p48445,geothermal,0.0,0.0,0.0,0.0,0.0
p48445,h2,0.0,0.0,0.0,0.0,0.0
p48445,hydro,0.0,0.0,0.0,0.0,0.0
p48445,nuclear,0.0,0.0,0.0,0.0,0.0
p48445,pumped-hydro,0.0,0.0,0.0,0.0,0.0
p48445,pv,550.0,550.0,550.0,550.0,550.0
p48445,wind-ofs,0.0,0.0,0.0,0.0,0.0
p48445,wind-ons,352.5,352.5,352.5,352.5,352.5
p48447,battery,430.48,430.48,430.48,430.48,430.48
p48447,biomass,0.0,0.0,0.0,0.0,0.0
p48447,coal,0.0,0.0,0.0,0.0,0.0
p48447,gas,0.0,0.0,0.0,0.0,0.0
p48447,geothermal,0.0,0.0,0.0,0.0,0.0
p48447,h2,0.0,0.0,0.0,0.0,0.0
p48447,hydro,0.0,0.0,0.0,0.0,0.0
p48447,nuclear,0.0,0.0,0.0,0.0,0.0
p48447,pumped-hydro,0.0,0.0,0.0,0.0,0.0
p48447,pv,0.0,0.0,0.0,0.0,0.0
p48447,wind-ofs,0.0,0.0,0.0,0.0,0.0
p48447,wind-ons,558.0,558.0,558.0,558.0,558.0
p48449,battery,400.0,400.0,400.0,400.0,400.0
p48449,biomass,0.0,0.0,0.0,0.0,0.0
p48449,coal,0.0,0.0,0.0,0.0,0.0
p48449,gas,0.0,0.0,0.0,0.0,0.0
p48449,geothermal,0.0,0.0,0.0,0.0,0.0
p48449,h2,0.0,0.0,0.0,0.0,0.0
p48449,hydro,0.0,0.0,0.0,0.0,0.0
p48449,nuclear,0.0,0.0,0.0,0.0,0.0
p48449,pumped-hydro,0.0,0.0,0.0,0.0,0.0
p48449,pv,0.0,0.0,0.0,0.0,0.0
p48449,wind-ofs,0.0,0.0,0.0,0.0,0.0
p48449,wind-ons,0.0,0.0,0.0,0.0,0.0
p48451,battery,861.27,861.27,861.27,861.27,861.27
p48451,biomass,0.0,0.0,0.0,0.0,0.0
p48451,coal,0.0,0.0,0.0,0.0,0.0
p48451,gas,0.0,0.0,0.0,0.0,0.0
p48451,geothermal,0.0,0.0,0.0,0.0,0.0
p48451,h2,0.0,0.0,0.0,0.0,0.0
p48451,hydro,0.0,0.0,0.0,0.0,0.0
p48451,nuclear,0.0,0.0,0.0,0.0,0.0
p48451,pumped-hydro,0.0,0.0,0.0,0.0,0.0
p48451,pv,899.76,899.76,899.76,899.76,899.76
p48451,wind-ofs,0.0,0.0,0.0,0.0,0.0
p48451,wind-ons,180.0,180.0,180.0,180.0,180.0
p48453,battery,415.73,415.73,415.73,415.73,415.73
p48453,biomass,0.0,0.0,0.0,0.0,0.0
p48453,coal,0.0,0.0,0.0,0.0,0.0
p48453,gas,0.0,0.0,0.0,0.0,0.0
p48453,geothermal,0.0,0.0,0.0,0.0,0.0
p48453,h2,0.0,0.0,0.0,0.0,0.0
p48453,hydro,0.0,0.0,0.0,0.0,0.0
p48453,nuclear,0.0,0.0,0.0,0.0,0.0
p48453,pumped-hydro,0.0,0.0,0.0,0.0,0.0
p48453,pv,0.0,0.0,0.0,0.0,0.0
p48453,wind-ofs,0.0,0.0,0.0,0.0,0.0
p48453,wind-ons,0.0,0.0,0.0,0.0,0.0
p48455,battery,0.0,0.0,0.0,0.0,0.0
p48455,biomass,0.0,0.0,0.0,0.0,0.0
p48455,coal,0.0,0.0,0.0,0.0,0.0
p48455,gas,0.0,0.0,0.0,0.0,0.0
p48455,geothermal,0.0,0.0,0.0,0.0,0.0
p48455,h2,0.0,0.0,0.0,0.0,0.0
p48455,hydro,0.0,0.0,0.0,0.0,0.0
p48455,nuclear,0.0,0.0,0.0,0.0,0.0
p48455,pumped-hydro,0.0,0.0,0.0,0.0,0.0
p48455,pv,250.0,250.0,250.0,250.0,250.0
p48455,wind-ofs,0.0,0.0,0.0,0.0,0.0
p48455,wind-ons,0.0,0.0,0.0,0.0,0.0
p48457,battery,100.0,100.0,100.0,100.0,100.0
p48457,biomass,0.0,0.0,0.0,0.0,0.0
p48457,coal,0.0,0.0,0.0,0.0,0.0
p48457,gas,0.0,0.0,0.0,0.0,0.0
p48457,geothermal,0.0,0.0,0.0,0.0,0.0
p48457,h2,0.0,0.0,0.0,0.0,0.0
p48457,hydro,0.0,0.0,0.0,0.0,0.0
p48457,nuclear,0.0,0.0,0.0,0.0,0.0
p48457,pumped-hydro,0.0,0.0,0.0,0.0,0.0
p48457,pv,290.0,290.0,290.0,290.0,290.0
p48457,wind-ofs,0.0,0.0,0.0,0.0,0.0
p48457,wind-ons,0.0,0.0,0.0,0.0,0.0
p48461,battery,1961.95,1961.95,1961.95,1961.95,1961.95
p48461,biomass,0.0,0.0,0.0,0.0,0.0
p48461,coal,0.0,0.0,0.0,0.0,0.0
p48461,gas,888.0,888.0,888.0,888.0,888.0
p48461,geothermal,0.0,0.0,0.0,0.0,0.0
p48461,h2,0.0,0.0,0.0,0.0,0.0
p48461,hydro,0.0,0.0,0.0,0.0,0.0
p48461,nuclear,0.0,0.0,0.0,0.0,0.0
p48461,pumped-hydro,0.0,0.0,0.0,0.0,0.0
p48461,pv,1533.6100000000001,1533.6100000000001,1533.6100000000001,1533.6100000000001,1533.6100000000001
p48461,wind-ofs,0.0,0.0,0.0,0.0,0.0
p48461,wind-ons,1240.5,1240.5,1240.5,1240.5,1240.5
p48463,battery,436.0,436.0,436.0,436.0,436.0
p48463,biomass,0.0,0.0,0.0,0.0,0.0
p48463,coal,0.0,0.0,0.0,0.0,0.0
p48463,gas,0.0,0.0,0.0,0.0,0.0
p48463,geothermal,0.0,0.0,0.0,0.0,0.0
p48463,h2,0.0,0.0,0.0,0.0,0.0
p48463,hydro,0.0,0.0,0.0,0.0,0.0
p48463,nuclear,0.0,0.0,0.0,0.0,0.0
p48463,pumped-hydro,0.0,0.0,0.0,0.0,0.0
p48463,pv,631.16,631.16,631.16,631.16,631.16
p48463,wind-ofs,0.0,0.0,0.0,0.0,0.0
p48463,wind-ons,0.0,0.0,0.0,0.0,0.0
p48465,battery,403.62,403.62,403.62,403.62,403.62
p48465,biomass,0.0,0.0,0.0,0.0,0.0
p48465,coal,0.0,0.0,0.0,0.0,0.0
p48465,gas,0.0,0.0,0.0,0.0,0.0
p48465,geothermal,0.0,0.0,0.0,0.0,0.0
p48465,h2,0.0,0.0,0.0,0.0,0.0
p48465,hydro,0.0,0.0,0.0,0.0,0.0
p48465,nuclear,0.0,0.0,0.0,0.0,0.0
p48465,pumped-hydro,0.0,0.0,0.0,0.0,0.0
p48465,pv,242.77,242.77,242.77,242.77,242.77
p48465,wind-ofs,0.0,0.0,0.0,0.0,0.0
p48465,wind-ons,276.0,276.0,276.0,276.0,276.0
p48467,battery,940.19,940.19,940.19,940.19,940.19
p48467,biomass,0.0,0.0,0.0,0.0,0.0
p48467,coal,0.0,0.0,0.0,0.0,0.0
p48467,gas,0.0,0.0,0.0,0.0,0.0
p48467,geothermal,0.0,0.0,0.0,0.0,0.0
p48467,h2,0.0,0.0,0.0,0.0,0.0
p48467,hydro,0.0,0.0,0.0,0.0,0.0
p48467,nuclear,0.0,0.0,0.0,0.0,0.0
p48467,pumped-hydro,0.0,0.0,0.0,0.0,0.0
p48467,pv,272.51,272.51,272.51,272.51,272.51
p48467,wind-ofs,0.0,0.0,0.0,0.0,0.0
p48467,wind-ons,0.0,0.0,0.0,0.0,0.0
p48469,battery,1857.15,1857.15,1857.15,1857.15,1857.15
p48469,biomass,0.0,0.0,0.0,0.0,0.0
p48469,coal,0.0,0.0,0.0,0.0,0.0
p48469,gas,0.0,0.0,0.0,0.0,0.0
p48469,geothermal,0.0,0.0,0.0,0.0,0.0
p48469,h2,0.0,0.0,0.0,0.0,0.0
p48469,hydro,0.0,0.0,0.0,0.0,0.0
p48469,nuclear,0.0,0.0,0.0,0.0,0.0
p48469,pumped-hydro,0.0,0.0,0.0,0.0,0.0
p48469,pv,2395.59,2395.59,2395.59,2395.59,2395.59
p48469,wind-ofs,0.0,0.0,0.0,0.0,0.0
p48469,wind-ons,506.58,506.58,506.58,506.58,506.58
p48471,battery,0.0,0.0,0.0,0.0,0.0
p48471,biomass,0.0,0.0,0.0,0.0,0.0
p48471,coal,0.0,0.0,0.0,0.0,0.0
p48471,gas,0.0,0.0,0.0,0.0,0.0
p48471,geothermal,0.0,0.0,0.0,0.0,0.0
p48471,h2,0.0,0.0,0.0,0.0,0.0
p48471,hydro,0.0,0.0,0.0,0.0,0.0
p48471,nuclear,0.0,0.0,0.0,0.0,0.0
p48471,pumped-hydro,0.0,0.0,0.0,0.0,0.0
p48471,pv,575.0,575.0,575.0,575.0,575.0
p48471,wind-ofs,0.0,0.0,0.0,0.0,0.0
p48471,wind-ons,0.0,0.0,0.0,0.0,0.0
p48473,battery,1319.29,1319.29,1319.29,1319.29,1319.29
p48473,biomass,0.0,0.0,0.0,0.0,0.0
p48473,coal,0.0,0.0,0.0,0.0,0.0
p48473,gas,0.0,0.0,0.0,0.0,0.0
p48473,geothermal,0.0,0.0,0.0,0.0,0.0
p48473,h2,0.0,0.0,0.0,0.0,0.0
p48473,hydro,0.0,0.0,0.0,0.0,0.0
p48473,nuclear,0.0,0.0,0.0,0.0,0.0
p48473,pumped-hydro,0.0,0.0,0.0,0.0,0.0
p48473,pv,969.12,969.12,969.12,969.12,969.12
p48473,wind-ofs,0.0,0.0,0.0,0.0,0.0
p48473,wind-ons,0.0,0.0,0.0,0.0,0.0
p48475,battery,725.45,725.45,725.45,725.45,725.45
p48475,biomass,0.0,0.0,0.0,0.0,0.0
p48475,coal,0.0,0.0,0.0,0.0,0.0
p48475,gas,2230.0,2230.0,2230.0,2230.0,2230.0
p48475,geothermal,0.0,0.0,0.0,0.0,0.0
p48475,h2,0.0,0.0,0.0,0.0,0.0
p48475,hydro,0.0,0.0,0.0,0.0,0.0
p48475,nuclear,0.0,0.0,0.0,0.0,0.0
p48475,pumped-hydro,0.0,0.0,0.0,0.0,0.0
p48475,pv,264.0,264.0,264.0,264.0,264.0
p48475,wind-ofs,0.0,0.0,0.0,0.0,0.0
p48475,wind-ons,0.0,0.0,0.0,0.0,0.0
p48477,battery,208.8,208.8,208.8,208.8,208.8
p48477,biomass,0.0,0.0,0.0,0.0,0.0
p48477,coal,0.0,0.0,0.0,0.0,0.0
p48477,gas,0.0,0.0,0.0,0.0,0.0
p48477,geothermal,0.0,0.0,0.0,0.0,0.0
p48477,h2,0.0,0.0,0.0,0.0,0.0
p48477,hydro,0.0,0.0,0.0,0.0,0.0
p48477,nuclear,0.0,0.0,0.0,0.0,0.0
p48477,pumped-hydro,0.0,0.0,0.0,0.0,0.0
p48477,pv,60.24,60.24,60.24,60.24,60.24
p48477,wind-ofs,0.0,0.0,0.0,0.0,0.0
p48477,wind-ons,0.0,0.0,0.0,0.0,0.0
p48479,battery,1978.19,1978.19,1978.19,1978.19,1978.19
p48479,biomass,0.0,0.0,0.0,0.0,0.0
p48479,coal,0.0,0.0,0.0,0.0,0.0
p48479,gas,0.0,0.0,0.0,0.0,0.0
p48479,geothermal,0.0,0.0,0.0,0.0,0.0
p48479,h2,0.0,0.0,0.0,0.0,0.0
p48479,hydro,0.0,0.0,0.0,0.0,0.0
p48479,nuclear,0.0,0.0,0.0,0.0,0.0
p48479,pumped-hydro,0.0,0.0,0.0,0.0,0.0
p48479,pv,2053.6,2053.6,2053.6,2053.6,2053.6
p48479,wind-ofs,0.0,0.0,0.0,0.0,0.0
p48479,wind-ons,769.98,769.98,769.98,769.98,769.98
p48481,battery,4041.14,4041.14,4041.14,4041.14,4041.14
p48481,biomass,0.0,0.0,0.0,0.0,0.0
p48481,coal,0.0,0.0,0.0,0.0,0.0
p48481,gas,1316.1,1316.1,1316.1,1316.1,1316.1
p48481,geothermal,0.0,0.0,0.0,0.0,0.0
p48481,h2,0.0,0.0,0.0,0.0,0.0
p48481,hydro,0.0,0.0,0.0,0.0,0.0
p48481,nuclear,0.0,0.0,0.0,0.0,0.0
p48481,pumped-hydro,0.0,0.0,0.0,0.0,0.0
p48481,pv,5785.92,5785.92,5785.92,5785.92,5785.92
p48481,wind-ofs,0.0,0.0,0.0,0.0,0.0
p48481,wind-ons,725.4,725.4,725.4,725.4,725.4
p48483,battery,0.0,0.0,0.0,0.0,0.0
p48483,biomass,0.0,0.0,0.0,0.0,0.0
p48483,coal,0.0,0.0,0.0,0.0,0.0
p48483,gas,0.0,0.0,0.0,0.0,0.0
p48483,geothermal,0.0,0.0,0.0,0.0,0.0
p48483,h2,0.0,0.0,0.0,0.0,0.0
p48483,hydro,0.0,0.0,0.0,0.0,0.0
p48483,nuclear,0.0,0.0,0.0,0.0,0.0
p48483,pumped-hydro,0.0,0.0,0.0,0.0,0.0
p48483,pv,150.0,150.0,150.0,150.0,150.0
p48483,wind-ofs,0.0,0.0,0.0,0.0,0.0
p48483,wind-ons,0.0,0.0,0.0,0.0,0.0
p48485,battery,1233.93,1233.93,1233.93,1233.93,1233.93
p48485,biomass,0.0,0.0,0.0,0.0,0.0
p48485,coal,0.0,0.0,0.0,0.0,0.0
p48485,gas,0.0,0.0,0.0,0.0,0.0
p48485,geothermal,0.0,0.0,0.0,0.0,0.0
p48485,h2,0.0,0.0,0.0,0.0,0.0
p48485,hydro,0.0,0.0,0.0,0.0,0.0
p48485,nuclear,0.0,0.0,0.0,0.0,0.0
p48485,pumped-hydro,0.0,0.0,0.0,0.0,0.0
p48485,pv,1752.56,1752.56,1752.56,1752.56,1752.56
p48485,wind-ofs,0.0,0.0,0.0,0.0,0.0
p48485,wind-ons,0.0,0.0,0.0,0.0,0.0
p48487,battery,805.86,805.86,805.86,805.86,805.86
p48487,biomass,0.0,0.0,0.0,0.0,0.0
p48487,coal,0.0,0.0,0.0,0.0,0.0
p48487,gas,680.0,680.0,680.0,680.0,680.0
p48487,geothermal,0.0,0.0,0.0,0.0,0.0
p48487,h2,0.0,0.0,0.0,0.0,0.0
p48487,hydro,0.0,0.0,0.0,0.0,0.0
p48487,nuclear,0.0,0.0,0.0,0.0,0.0
p48487,pumped-hydro,0.0,0.0,0.0,0.0,0.0
p48487,pv,1116.68,1116.68,1116.68,1116.68,1116.68
p48487,wind-ofs,0.0,0.0,0.0,0.0,0.0
p48487,wind-ons,307.72,307.72,307.72,307.72,307.72
p48489,battery,401.2,401.2,401.2,401.2,401.2
p48489,biomass,0.0,0.0,0.0,0.0,0.0
p48489,coal,0.0,0.0,0.0,0.0,0.0
p48489,gas,0.0,0.0,0.0,0.0,0.0
p48489,geothermal,0.0,0.0,0.0,0.0,0.0
p48489,h2,0.0,0.0,0.0,0.0,0.0
p48489,hydro,0.0,0.0,0.0,0.0,0.0
p48489,nuclear,0.0,0.0,0.0,0.0,0.0
p48489,pumped-hydro,0.0,0.0,0.0,0.0,0.0
p48489,pv,0.0,0.0,0.0,0.0,0.0
p48489,wind-ofs,0.0,0.0,0.0,0.0,0.0
p48489,wind-ons,1501.8,1501.8,1501.8,1501.8,1501.8
p48491,battery,100.51,100.51,100.51,100.51,100.51
p48491,biomass,0.0,0.0,0.0,0.0,0.0
p48491,coal,0.0,0.0,0.0,0.0,0.0
p48491,gas,0.0,0.0,0.0,0.0,0.0
p48491,geothermal,0.0,0.0,0.0,0.0,0.0
p48491,h2,0.0,0.0,0.0,0.0,0.0
p48491,hydro,0.0,0.0,0.0,0.0,0.0
p48491,nuclear,0.0,0.0,0.0,0.0,0.0
p48491,pumped-hydro,0.0,0.0,0.0,0.0,0.0
p48491,pv,0.0,0.0,0.0,0.0,0.0
p48491,wind-ofs,0.0,0.0,0.0,0.0,0.0
p48491,wind-ons,0.0,0.0,0.0,0.0,0.0
p48493,battery,722.8299999999999,722.8299999999999,722.8299999999999,722.8299999999999,722.8299999999999
p48493,biomass,0.0,0.0,0.0,0.0,0.0
p48493,coal,0.0,0.0,0.0,0.0,0.0
p48493,gas,0.0,0.0,0.0,0.0,0.0
p48493,geothermal,0.0,0.0,0.0,0.0,0.0
p48493,h2,0.0,0.0,0.0,0.0,0.0
p48493,hydro,0.0,0.0,0.0,0.0,0.0
p48493,nuclear,0.0,0.0,0.0,0.0,0.0
p48493,pumped-hydro,0.0,0.0,0.0,0.0,0.0
p48493,pv,1373.48,1373.48,1373.48,1373.48,1373.48
p48493,wind-ofs,0.0,0.0,0.0,0.0,0.0
p48493,wind-ons,0.0,0.0,0.0,0.0,0.0
p48495,battery,206.88,206.88,206.88,206.88,206.88
p48495,biomass,0.0,0.0,0.0,0.0,0.0
p48495,coal,0.0,0.0,0.0,0.0,0.0
p48495,gas,0.0,0.0,0.0,0.0,0.0
p48495,geothermal,0.0,0.0,0.0,0.0,0.0
p48495,h2,0.0,0.0,0.0,0.0,0.0
p48495,hydro,0.0,0.0,0.0,0.0,0.0
p48495,nuclear,0.0,0.0,0.0,0.0,0.0
p48495,pumped-hydro,0.0,0.0,0.0,0.0,0.0
p48495,pv,205.53,205.53,205.53,205.53,205.53
p48495,wind-ofs,0.0,0.0,0.0,0.0,0.0
p48495,wind-ons,0.0,0.0,0.0,0.0,0.0
p48497,battery,1565.21,1565.21,1565.21,1565.21,1565.21
p48497,biomass,0.0,0.0,0.0,0.0,0.0
p48497,coal,0.0,0.0,0.0,0.0,0.0
p48497,gas,42.0,42.0,42.0,42.0,42.0
p48497,geothermal,0.0,0.0,0.0,0.0,0.0
p48497,h2,0.0,0.0,0.0,0.0,0.0
p48497,hydro,0.0,0.0,0.0,0.0,0.0
p48497,nuclear,0.0,0.0,0.0,0.0,0.0
p48497,pumped-hydro,0.0,0.0,0.0,0.0,0.0
p48497,pv,276.72,276.72,276.72,276.72,276.72
p48497,wind-ofs,0.0,0.0,0.0,0.0,0.0
p48497,wind-ons,0.0,0.0,0.0,0.0,0.0
p48501,battery,507.0,507.0,507.0,507.0,507.0
p48501,biomass,0.0,0.0,0.0,0.0,0.0
p48501,coal,0.0,0.0,0.0,0.0,0.0
p48501,gas,504.0,504.0,504.0,504.0,504.0
p48501,geothermal,0.0,0.0,0.0,0.0,0.0
p48501,h2,0.0,0.0,0.0,0.0,0.0
p48501,hydro,0.0,0.0,0.0,0.0,0.0
p48501,nuclear,0.0,0.0,0.0,0.0,0.0
p48501,pumped-hydro,0.0,0.0,0.0,0.0,0.0
p48501,pv,980.0,980.0,980.0,980.0,980.0
p48501,wind-ofs,0.0,0.0,0.0,0.0,0.0
p48501,wind-ons,0.0,0.0,0.0,0.0,0.0
p48503,battery,461.88,461.88,461.88,461.88,461.88
p48503,biomass,0.0,0.0,0.0,0.0,0.0
p48503,coal,0.0,0.0,0.0,0.0,0.0
p48503,gas,0.0,0.0,0.0,0.0,0.0
p48503,geothermal,0.0,0.0,0.0,0.0,0.0
p48503,h2,0.0,0.0,0.0,0.0,0.0
p48503,hydro,0.0,0.0,0.0,0.0,0.0
p48503,nuclear,0.0,0.0,0.0,0.0,0.0
p48503,pumped-hydro,0.0,0.0,0.0,0.0,0.0
p48503,pv,503.99,503.99,503.99,503.99,503.99
p48503,wind-ofs,0.0,0.0,0.0,0.0,0.0
p48503,wind-ons,998.28,998.28,998.28,998.28,998.28
p48505,battery,954.9799999999999,954.9799999999999,954.9799999999999,954.9799999999999,954.9799999999999
p48505,biomass,0.0,0.0,0.0,0.0,0.0
p48505,coal,0.0,0.0,0.0,0.0,0.0
p48505,gas,0.0,0.0,0.0,0.0,0.0
p48505,geothermal,0.0,0.0,0.0,0.0,0.0
p48505,h2,0.0,0.0,0.0,0.0,0.0
p48505,hydro,0.0,0.0,0.0,0.0,0.0
p48505,nuclear,0.0,0.0,0.0,0.0,0.0
p48505,pumped-hydro,0.0,0.0,0.0,0.0,0.0
p48505,pv,1843.67,1843.67,1843.67,1843.67,1843.67
p48505,wind-ofs,0.0,0.0,0.0,0.0,0.0
p48505,wind-ons,1187.0,1187.0,1187.0,1187.0,1187.0
p48507,battery,621.21,621.21,621.21,621.21,621.21
p48507,biomass,0.0,0.0,0.0,0.0,0.0
p48507,coal,0.0,0.0,0.0,0.0,0.0
p48507,gas,0.0,0.0,0.0,0.0,0.0
p48507,geothermal,0.0,0.0,0.0,0.0,0.0
p48507,h2,0.0,0.0,0.0,0.0,0.0
p48507,hydro,0.0,0.0,0.0,0.0,0.0
p48507,nuclear,0.0,0.0,0.0,0.0,0.0
p48507,pumped-hydro,0.0,0.0,0.0,0.0,0.0
p48507,pv,121.28,121.28,121.28,121.28,121.28
p48507,wind-ofs,0.0,0.0,0.0,0.0,0.0
p48507,wind-ons,0.0,0.0,0.0,0.0,0.0
p49001,battery,240.0,240.0,240.0,240.0,240.0
p49001,biomass,0.0,0.0,0.0,0.0,0.0
p49001,coal,0.0,0.0,0.0,0.0,0.0
p49001,gas,0.0,0.0,0.0,0.0,0.0
p49001,geothermal,22.810000000000002,22.810000000000002,22.810000000000002,22.810000000000002,22.810000000000002
p49001,h2,0.0,0.0,0.0,0.0,0.0
p49001,hydro,0.0,0.0,0.0,0.0,0.0
p49001,nuclear,0.0,0.0,0.0,0.0,0.0
p49001,pumped-hydro,0.0,0.0,0.0,0.0,0.0
p49001,pv,198.0,198.0,198.0,198.0,198.0
p49001,wind-ofs,0.0,0.0,0.0,0.0,0.0
p49001,wind-ons,0.0,0.0,0.0,0.0,0.0
p49003,battery,80.0,80.0,80.0,80.0,80.0
p49003,biomass,0.0,0.0,0.0,0.0,0.0
p49003,coal,0.0,0.0,0.0,0.0,0.0
p49003,gas,0.0,0.0,0.0,0.0,0.0
p49003,geothermal,0.0,0.0,0.0,0.0,0.0
p49003,h2,0.0,0.0,0.0,0.0,0.0
p49003,hydro,0.0,0.0,0.0,0.0,0.0
p49003,nuclear,0.0,0.0,0.0,0.0,0.0
p49003,pumped-hydro,0.0,0.0,0.0,0.0,0.0
p49003,pv,509.0,509.0,509.0,509.0,509.0
p49003,wind-ofs,0.0,0.0,0.0,0.0,0.0
p49003,wind-ons,0.0,0.0,0.0,0.0,0.0
p49005,battery,0.0,0.0,0.0,0.0,0.0
p49005,biomass,0.0,0.0,0.0,0.0,0.0
p49005,coal,0.0,0.0,0.0,0.0,0.0
p49005,gas,0.0,0.0,0.0,0.0,0.0
p49005,geothermal,0.0,0.0,0.0,0.0,0.0
p49005,h2,0.0,0.0,0.0,0.0,0.0
p49005,hydro,0.0,0.0,0.0,0.0,0.0
p49005,nuclear,0.0,0.0,0.0,0.0,0.0
p49005,pumped-hydro,0.0,0.0,0.0,0.0,0.0
p49005,pv,300.0,300.0,300.0,300.0,300.0
p49005,wind-ofs,0.0,0.0,0.0,0.0,0.0
p49005,wind-ons,0.0,0.0,0.0,0.0,0.0
p49007,battery,0.0,0.0,0.0,0.0,0.0
p49007,biomass,0.0,0.0,0.0,0.0,0.0
p49007,coal,0.0,0.0,0.0,0.0,0.0
p49007,gas,0.0,0.0,0.0,0.0,0.0
p49007,geothermal,0.0,0.0,0.0,0.0,0.0
p49007,h2,0.0,0.0,0.0,0.0,0.0
p49007,hydro,0.0,0.0,0.0,0.0,0.0
p49007,nuclear,0.0,0.0,0.0,0.0,0.0
p49007,pumped-hydro,0.0,0.0,0.0,0.0,0.0
p49007,pv,165.0,165.0,165.0,165.0,165.0
p49007,wind-ofs,0.0,0.0,0.0,0.0,0.0
p49007,wind-ons,0.0,0.0,0.0,0.0,0.0
p49013,battery,150.0,150.0,150.0,150.0,150.0
p49013,biomass,0.0,0.0,0.0,0.0,0.0
p49013,coal,0.0,0.0,0.0,0.0,0.0
p49013,gas,0.0,0.0,0.0,0.0,0.0
p49013,geothermal,0.0,0.0,0.0,0.0,0.0
p49013,h2,0.0,0.0,0.0,0.0,0.0
p49013,hydro,0.0,0.0,0.0,0.0,0.0
p49013,nuclear,0.0,0.0,0.0,0.0,0.0
p49013,pumped-hydro,0.0,0.0,0.0,0.0,0.0
p49013,pv,100.0,100.0,100.0,100.0,100.0
p49013,wind-ofs,0.0,0.0,0.0,0.0,0.0
p49013,wind-ons,0.0,0.0,0.0,0.0,0.0
p49015,battery,899.6,899.6,899.6,899.6,899.6
p49015,biomass,0.0,0.0,0.0,0.0,0.0
p49015,coal,0.0,0.0,0.0,0.0,0.0
p49015,gas,0.0,0.0,0.0,0.0,0.0
p49015,geothermal,0.0,0.0,0.0,0.0,0.0
p49015,h2,0.0,0.0,0.0,0.0,0.0
p49015,hydro,0.0,0.0,0.0,0.0,0.0
p49015,nuclear,0.0,0.0,0.0,0.0,0.0
p49015,pumped-hydro,0.0,0.0,0.0,0.0,0.0
p49015,pv,3685.0,3685.0,3685.0,3685.0,3685.0
p49015,wind-ofs,0.0,0.0,0.0,0.0,0.0
p49015,wind-ons,0.0,0.0,0.0,0.0,0.0
p49021,battery,540.0,540.0,540.0,540.0,540.0
p49021,biomass,0.0,0.0,0.0,0.0,0.0
p49021,coal,0.0,0.0,0.0,0.0,0.0
p49021,gas,0.0,0.0,0.0,0.0,0.0
p49021,geothermal,20.0,20.0,20.0,20.0,20.0
p49021,h2,0.0,0.0,0.0,0.0,0.0
p49021,hydro,0.0,0.0,0.0,0.0,0.0
p49021,nuclear,0.0,0.0,0.0,0.0,0.0
p49021,pumped-hydro,0.0,0.0,0.0,0.0,0.0
p49021,pv,2201.8,2201.8,2201.8,2201.8,2201.8
p49021,wind-ofs,0.0,0.0,0.0,0.0,0.0
p49021,wind-ons,0.0,0.0,0.0,0.0,0.0
p49023,battery,1234.6,1234.6,1234.6,1234.6,1234.6
p49023,biomass,0.0,0.0,0.0,0.0,0.0
p49023,coal,0.0,0.0,0.0,0.0,0.0
p49023,gas,692.0,692.0,692.0,692.0,692.0
p49023,geothermal,0.0,0.0,0.0,0.0,0.0
p49023,h2,0.0,0.0,0.0,0.0,0.0
p49023,hydro,0.0,0.0,0.0,0.0,0.0
p49023,nuclear,0.0,0.0,0.0,0.0,0.0
p49023,pumped-hydro,0.0,0.0,0.0,0.0,0.0
p49023,pv,1300.0,1300.0,1300.0,1300.0,1300.0
p49023,wind-ofs,0.0,0.0,0.0,0.0,0.0
p49023,wind-ons,0.0,0.0,0.0,0.0,0.0
p49025,battery,0.0,0.0,0.0,0.0,0.0
p49025,biomass,0.0,0.0,0.0,0.0,0.0
p49025,coal,0.0,0.0,0.0,0.0,0.0
p49025,gas,0.0,0.0,0.0,0.0,0.0
p49025,geothermal,0.0,0.0,0.0,0.0,0.0
p49025,h2,0.0,0.0,0.0,0.0,0.0
p49025,hydro,0.0,0.0,0.0,0.0,0.0
p49025,nuclear,0.0,0.0,0.0,0.0,0.0
p49025,pumped-hydro,0.0,0.0,0.0,0.0,0.0
p49025,pv,1075.0,1075.0,1075.0,1075.0,1075.0
p49025,wind-ofs,0.0,0.0,0.0,0.0,0.0
p49025,wind-ons,0.0,0.0,0.0,0.0,0.0
p49027,battery,3429.0,3429.0,3429.0,3429.0,3429.0
p49027,biomass,0.0,0.0,0.0,0.0,0.0
p49027,coal,0.0,0.0,0.0,0.0,0.0
p49027,gas,199.9,199.9,199.9,199.9,199.9
p49027,geothermal,80.0,80.0,80.0,80.0,80.0
p49027,h2,0.0,0.0,0.0,0.0,0.0
p49027,hydro,0.0,0.0,0.0,0.0,0.0
p49027,nuclear,0.0,0.0,0.0,0.0,0.0
p49027,pumped-hydro,0.0,0.0,0.0,0.0,0.0
p49027,pv,6722.0,6722.0,6722.0,6722.0,6722.0
p49027,wind-ofs,0.0,0.0,0.0,0.0,0.0
p49027,wind-ons,900.0,900.0,900.0,900.0,900.0
p49033,battery,0.0,0.0,0.0,0.0,0.0
p49033,biomass,0.0,0.0,0.0,0.0,0.0
p49033,coal,0.0,0.0,0.0,0.0,0.0
p49033,gas,0.0,0.0,0.0,0.0,0.0
p49033,geothermal,0.0,0.0,0.0,0.0,0.0
p49033,h2,0.0,0.0,0.0,0.0,0.0
p49033,hydro,0.0,0.0,0.0,0.0,0.0
p49033,nuclear,0.0,0.0,0.0,0.0,0.0
p49033,pumped-hydro,0.0,0.0,0.0,0.0,0.0
p49033,pv,40.0,40.0,40.0,40.0,40.0
p49033,wind-ofs,0.0,0.0,0.0,0.0,0.0
p49033,wind-ons,0.0,0.0,0.0,0.0,0.0
p49035,battery,2329.0,2329.0,2329.0,2329.0,2329.0
p49035,biomass,0.0,0.0,0.0,0.0,0.0
p49035,coal,0.0,0.0,0.0,0.0,0.0
p49035,gas,34.0,34.0,34.0,34.0,34.0
p49035,geothermal,0.0,0.0,0.0,0.0,0.0
p49035,h2,0.0,0.0,0.0,0.0,0.0
p49035,hydro,0.0,0.0,0.0,0.0,0.0
p49035,nuclear,0.0,0.0,0.0,0.0,0.0
p49035,pumped-hydro,0.0,0.0,0.0,0.0,0.0
p49035,pv,0.0,0.0,0.0,0.0,0.0
p49035,wind-ofs,0.0,0.0,0.0,0.0,0.0
p49035,wind-ons,8.0,8.0,8.0,8.0,8.0
p49037,battery,300.0,300.0,300.0,300.0,300.0
p49037,biomass,0.0,0.0,0.0,0.0,0.0
p49037,coal,0.0,0.0,0.0,0.0,0.0
p49037,gas,525.0,525.0,525.0,525.0,525.0
p49037,geothermal,0.0,0.0,0.0,0.0,0.0
p49037,h2,0.0,0.0,0.0,0.0,0.0
p49037,hydro,0.0,0.0,0.0,0.0,0.0
p49037,nuclear,0.0,0.0,0.0,0.0,0.0
p49037,pumped-hydro,0.0,0.0,0.0,0.0,0.0
p49037,pv,843.8,843.8,843.8,843.8,843.8
p49037,wind-ofs,0.0,0.0,0.0,0.0,0.0
p49037,wind-ons,402.0,402.0,402.0,402.0,402.0
p49039,battery,0.0,0.0,0.0,0.0,0.0
p49039,biomass,0.0,0.0,0.0,0.0,0.0
p49039,coal,0.0,0.0,0.0,0.0,0.0
p49039,gas,0.0,0.0,0.0,0.0,0.0
p49039,geothermal,0.0,0.0,0.0,0.0,0.0
p49039,h2,0.0,0.0,0.0,0.0,0.0
p49039,hydro,0.0,0.0,0.0,0.0,0.0
p49039,nuclear,0.0,0.0,0.0,0.0,0.0
p49039,pumped-hydro,0.0,0.0,0.0,0.0,0.0
p49039,pv,300.0,300.0,300.0,300.0,300.0
p49039,wind-ofs,0.0,0.0,0.0,0.0,0.0
p49039,wind-ons,0.0,0.0,0.0,0.0,0.0
p49041,battery,580.0,580.0,580.0,580.0,580.0
p49041,biomass,0.0,0.0,0.0,0.0,0.0
p49041,coal,0.0,0.0,0.0,0.0,0.0
p49041,gas,0.0,0.0,0.0,0.0,0.0
p49041,geothermal,20.0,20.0,20.0,20.0,20.0
p49041,h2,0.0,0.0,0.0,0.0,0.0
p49041,hydro,0.0,0.0,0.0,0.0,0.0
p49041,nuclear,0.0,0.0,0.0,0.0,0.0
p49041,pumped-hydro,0.0,0.0,0.0,0.0,0.0
p49041,pv,0.0,0.0,0.0,0.0,0.0
p49041,wind-ofs,0.0,0.0,0.0,0.0,0.0
p49041,wind-ons,0.0,0.0,0.0,0.0,0.0
p49043,battery,0.0,0.0,0.0,0.0,0.0
p49043,biomass,0.0,0.0,0.0,0.0,0.0
p49043,coal,0.0,0.0,0.0,0.0,0.0
p49043,gas,0.0,0.0,0.0,0.0,0.0
p49043,geothermal,0.0,0.0,0.0,0.0,0.0
p49043,h2,0.0,0.0,0.0,0.0,0.0
p49043,hydro,0.0,0.0,0.0,0.0,0.0
p49043,nuclear,0.0,0.0,0.0,0.0,0.0
p49043,pumped-hydro,0.0,0.0,0.0,0.0,0.0
p49043,pv,0.0,0.0,0.0,0.0,0.0
p49043,wind-ofs,0.0,0.0,0.0,0.0,0.0
p49043,wind-ons,200.0,200.0,200.0,200.0,200.0
p49045,battery,75.0,75.0,75.0,75.0,75.0
p49045,biomass,0.0,0.0,0.0,0.0,0.0
p49045,coal,0.0,0.0,0.0,0.0,0.0
p49045,gas,0.0,0.0,0.0,0.0,0.0
p49045,geothermal,0.0,0.0,0.0,0.0,0.0
p49045,h2,0.0,0.0,0.0,0.0,0.0
p49045,hydro,0.0,0.0,0.0,0.0,0.0
p49045,nuclear,0.0,0.0,0.0,0.0,0.0
p49045,pumped-hydro,0.0,0.0,0.0,0.0,0.0
p49045,pv,2154.6,2154.6,2154.6,2154.6,2154.6
p49045,wind-ofs,0.0,0.0,0.0,0.0,0.0
p49045,wind-ons,0.0,0.0,0.0,0.0,0.0
p49047,battery,40.0,40.0,40.0,40.0,40.0
p49047,biomass,0.0,0.0,0.0,0.0,0.0
p49047,coal,0.0,0.0,0.0,0.0,0.0
p49047,gas,0.0,0.0,0.0,0.0,0.0
p49047,geothermal,0.0,0.0,0.0,0.0,0.0
p49047,h2,0.0,0.0,0.0,0.0,0.0
p49047,hydro,0.0,0.0,0.0,0.0,0.0
p49047,nuclear,0.0,0.0,0.0,0.0,0.0
p49047,pumped-hydro,0.0,0.0,0.0,0.0,0.0
p49047,pv,0.0,0.0,0.0,0.0,0.0
p49047,wind-ofs,0.0,0.0,0.0,0.0,0.0
p49047,wind-ons,0.0,0.0,0.0,0.0,0.0
p49049,battery,946.0,946.0,946.0,946.0,946.0
p49049,biomass,0.0,0.0,0.0,0.0,0.0
p49049,coal,0.0,0.0,0.0,0.0,0.0
p49049,gas,1330.0,1330.0,1330.0,1330.0,1330.0
p49049,geothermal,0.0,0.0,0.0,0.0,0.0
p49049,h2,0.0,0.0,0.0,0.0,0.0
p49049,hydro,0.0,0.0,0.0,0.0,0.0
p49049,nuclear,0.0,0.0,0.0,0.0,0.0
p49049,pumped-hydro,0.0,0.0,0.0,0.0,0.0
p49049,pv,4763.0,4763.0,4763.0,4763.0,4763.0
p49049,wind-ofs,0.0,0.0,0.0,0.0,0.0
p49049,wind-ons,0.0,0.0,0.0,0.0,0.0
p49053,battery,180.0,180.0,180.0,180.0,180.0
p49053,biomass,0.0,0.0,0.0,0.0,0.0
p49053,coal,0.0,0.0,0.0,0.0,0.0
p49053,gas,0.0,0.0,0.0,0.0,0.0
p49053,geothermal,0.0,0.0,0.0,0.0,0.0
p49053,h2,0.0,0.0,0.0,0.0,0.0
p49053,hydro,0.0,0.0,0.0,0.0,0.0
p49053,nuclear,0.0,0.0,0.0,0.0,0.0
p49053,pumped-hydro,0.0,0.0,0.0,0.0,0.0
p49053,pv,600.0,600.0,600.0,600.0,600.0
p49053,wind-ofs,0.0,0.0,0.0,0.0,0.0
p49053,wind-ons,0.0,0.0,0.0,0.0,0.0
p49057,battery,199.9,199.9,199.9,199.9,199.9
p49057,biomass,0.0,0.0,0.0,0.0,0.0
p49057,coal,0.0,0.0,0.0,0.0,0.0
p49057,gas,0.0,0.0,0.0,0.0,0.0
p49057,geothermal,0.0,0.0,0.0,0.0,0.0
p49057,h2,0.0,0.0,0.0,0.0,0.0
p49057,hydro,0.0,0.0,0.0,0.0,0.0
p49057,nuclear,0.0,0.0,0.0,0.0,0.0
p49057,pumped-hydro,0.0,0.0,0.0,0.0,0.0
p49057,pv,0.0,0.0,0.0,0.0,0.0
p49057,wind-ofs,0.0,0.0,0.0,0.0,0.0
p49057,wind-ons,0.0,0.0,0.0,0.0,0.0
p50001,battery,0.0,0.0,0.0,0.0,0.0
p50001,biomass,0.0,0.0,0.0,0.0,0.0
p50001,coal,0.0,0.0,0.0,0.0,0.0
p50001,gas,0.0,0.0,0.0,0.0,0.0
p50001,geothermal,0.0,0.0,0.0,0.0,0.0
p50001,h2,0.0,0.0,0.0,0.0,0.0
p50001,hydro,0.0,0.0,0.0,0.0,0.0
p50001,nuclear,0.0,0.0,0.0,0.0,0.0
p50001,pumped-hydro,0.0,0.0,0.0,0.0,0.0
p50001,pv,100.0,100.0,100.0,100.0,100.0
p50001,wind-ofs,0.0,0.0,0.0,0.0,0.0
p50001,wind-ons,0.0,0.0,0.0,0.0,0.0
p50003,battery,0.0,0.0,0.0,0.0,0.0
p50003,biomass,0.0,0.0,0.0,0.0,0.0
p50003,coal,0.0,0.0,0.0,0.0,0.0
p50003,gas,0.0,0.0,0.0,0.0,0.0
p50003,geothermal,0.0,0.0,0.0,0.0,0.0
p50003,h2,0.0,0.0,0.0,0.0,0.0
p50003,hydro,0.0,0.0,0.0,0.0,0.0
p50003,nuclear,0.0,0.0,0.0,0.0,0.0
p50003,pumped-hydro,0.0,0.0,0.0,0.0,0.0
p50003,pv,40.0,40.0,40.0,40.0,40.0
p50003,wind-ofs,0.0,0.0,0.0,0.0,0.0
p50003,wind-ons,0.0,0.0,0.0,0.0,0.0
p50005,battery,0.0,0.0,0.0,0.0,0.0
p50005,biomass,0.0,0.0,0.0,0.0,0.0
p50005,coal,0.0,0.0,0.0,0.0,0.0
p50005,gas,0.0,0.0,0.0,0.0,0.0
p50005,geothermal,0.0,0.0,0.0,0.0,0.0
p50005,h2,0.0,0.0,0.0,0.0,0.0
p50005,hydro,0.0,0.0,0.0,0.0,0.0
p50005,nuclear,0.0,0.0,0.0,0.0,0.0
p50005,pumped-hydro,0.0,0.0,0.0,0.0,0.0
p50005,pv,0.0,0.0,0.0,0.0,0.0
p50005,wind-ofs,0.0,0.0,0.0,0.0,0.0
p50005,wind-ons,35.2000007629394,35.2000007629394,35.2000007629394,35.2000007629394,35.2000007629394
p50007,battery,16.0,16.0,16.0,16.0,16.0
p50007,biomass,0.0,0.0,0.0,0.0,0.0
p50007,coal,0.0,0.0,0.0,0.0,0.0
p50007,gas,0.0,0.0,0.0,0.0,0.0
p50007,geothermal,0.0,0.0,0.0,0.0,0.0
p50007,h2,0.0,0.0,0.0,0.0,0.0
p50007,hydro,0.0,0.0,0.0,0.0,0.0
p50007,nuclear,0.0,0.0,0.0,0.0,0.0
p50007,pumped-hydro,0.0,0.0,0.0,0.0,0.0
p50007,pv,0.0,0.0,0.0,0.0,0.0
p50007,wind-ofs,0.0,0.0,0.0,0.0,0.0
p50007,wind-ons,0.0,0.0,0.0,0.0,0.0
p50011,battery,19.2999992370605,19.2999992370605,19.2999992370605,19.2999992370605,19.2999992370605
p50011,biomass,0.0,0.0,0.0,0.0,0.0
p50011,coal,0.0,0.0,0.0,0.0,0.0
p50011,gas,0.0,0.0,0.0,0.0,0.0
p50011,geothermal,0.0,0.0,0.0,0.0,0.0
p50011,h2,0.0,0.0,0.0,0.0,0.0
p50011,hydro,0.0,0.0,0.0,0.0,0.0
p50011,nuclear,0.0,0.0,0.0,0.0,0.0
p50011,pumped-hydro,0.0,0.0,0.0,0.0,0.0
p50011,pv,0.0,0.0,0.0,0.0,0.0
p50011,wind-ofs,0.0,0.0,0.0,0.0,0.0
p50011,wind-ons,0.0,0.0,0.0,0.0,0.0
p50021,battery,0.0,0.0,0.0,0.0,0.0
p50021,biomass,0.0,0.0,0.0,0.0,0.0
p50021,coal,0.0,0.0,0.0,0.0,0.0
p50021,gas,0.0,0.0,0.0,0.0,0.0
p50021,geothermal,0.0,0.0,0.0,0.0,0.0
p50021,h2,0.0,0.0,0.0,0.0,0.0
p50021,hydro,0.0,0.0,0.0,0.0,0.0
p50021,nuclear,0.0,0.0,0.0,0.0,0.0
p50021,pumped-hydro,0.0,0.0,0.0,0.0,0.0
p50021,pv,40.0,40.0,40.0,40.0,40.0
p50021,wind-ofs,0.0,0.0,0.0,0.0,0.0
p50021,wind-ons,0.0,0.0,0.0,0.0,0.0
p50025,battery,100.955001831054,100.955001831054,100.955001831054,100.955001831054,100.955001831054
p50025,biomass,0.0,0.0,0.0,0.0,0.0
p50025,coal,0.0,0.0,0.0,0.0,0.0
p50025,gas,0.0,0.0,0.0,0.0,0.0
p50025,geothermal,0.0,0.0,0.0,0.0,0.0
p50025,h2,0.0,0.0,0.0,0.0,0.0
p50025,hydro,0.0,0.0,0.0,0.0,0.0
p50025,nuclear,0.0,0.0,0.0,0.0,0.0
p50025,pumped-hydro,0.0,0.0,0.0,0.0,0.0
p50025,pv,0.0,0.0,0.0,0.0,0.0
p50025,wind-ofs,0.0,0.0,0.0,0.0,0.0
p50025,wind-ons,0.0,0.0,0.0,0.0,0.0
p50027,battery,133.9999961853025,133.9999961853025,133.9999961853025,133.9999961853025,133.9999961853025
p50027,biomass,0.0,0.0,0.0,0.0,0.0
p50027,coal,0.0,0.0,0.0,0.0,0.0
p50027,gas,0.0,0.0,0.0,0.0,0.0
p50027,geothermal,0.0,0.0,0.0,0.0,0.0
p50027,h2,0.0,0.0,0.0,0.0,0.0
p50027,hydro,0.0,0.0,0.0,0.0,0.0
p50027,nuclear,0.0,0.0,0.0,0.0,0.0
p50027,pumped-hydro,0.0,0.0,0.0,0.0,0.0
p50027,pv,0.0,0.0,0.0,0.0,0.0
p50027,wind-ofs,0.0,0.0,0.0,0.0,0.0
p50027,wind-ons,0.0,0.0,0.0,0.0,0.0
p51001,battery,29.0,29.0,29.0,29.0,29.0
p51001,biomass,0.0,0.0,0.0,0.0,0.0
p51001,coal,0.0,0.0,0.0,0.0,0.0
p51001,gas,0.0,0.0,0.0,0.0,0.0
p51001,geothermal,0.0,0.0,0.0,0.0,0.0
p51001,h2,0.0,0.0,0.0,0.0,0.0
p51001,hydro,0.0,0.0,0.0,0.0,0.0
p51001,nuclear,0.0,0.0,0.0,0.0,0.0
p51001,pumped-hydro,0.0,0.0,0.0,0.0,0.0
p51001,pv,0.0,0.0,0.0,0.0,0.0
p51001,wind-ofs,0.0,0.0,0.0,0.0,0.0
p51001,wind-ons,0.0,0.0,0.0,0.0,0.0
p51003,battery,0.0,0.0,0.0,0.0,0.0
p51003,biomass,0.0,0.0,0.0,0.0,0.0
p51003,coal,0.0,0.0,0.0,0.0,0.0
p51003,gas,0.0,0.0,0.0,0.0,0.0
p51003,geothermal,0.0,0.0,0.0,0.0,0.0
p51003,h2,0.0,0.0,0.0,0.0,0.0
p51003,hydro,0.0,0.0,0.0,0.0,0.0
p51003,nuclear,0.0,0.0,0.0,0.0,0.0
p51003,pumped-hydro,0.0,0.0,0.0,0.0,0.0
p51003,pv,276.0,276.0,276.0,276.0,276.0
p51003,wind-ofs,0.0,0.0,0.0,0.0,0.0
p51003,wind-ons,0.0,0.0,0.0,0.0,0.0
p51007,battery,0.0,0.0,0.0,0.0,0.0
p51007,biomass,0.0,0.0,0.0,0.0,0.0
p51007,coal,0.0,0.0,0.0,0.0,0.0
p51007,gas,0.0,0.0,0.0,0.0,0.0
p51007,geothermal,0.0,0.0,0.0,0.0,0.0
p51007,h2,0.0,0.0,0.0,0.0,0.0
p51007,hydro,0.0,0.0,0.0,0.0,0.0
p51007,nuclear,0.0,0.0,0.0,0.0,0.0
p51007,pumped-hydro,0.0,0.0,0.0,0.0,0.0
p51007,pv,106.0,106.0,106.0,106.0,106.0
p51007,wind-ofs,0.0,0.0,0.0,0.0,0.0
p51007,wind-ons,0.0,0.0,0.0,0.0,0.0
p51009,battery,80.0,80.0,80.0,80.0,80.0
p51009,biomass,0.0,0.0,0.0,0.0,0.0
p51009,coal,0.0,0.0,0.0,0.0,0.0
p51009,gas,0.0,0.0,0.0,0.0,0.0
p51009,geothermal,0.0,0.0,0.0,0.0,0.0
p51009,h2,0.0,0.0,0.0,0.0,0.0
p51009,hydro,0.0,0.0,0.0,0.0,0.0
p51009,nuclear,0.0,0.0,0.0,0.0,0.0
p51009,pumped-hydro,0.0,0.0,0.0,0.0,0.0
p51009,pv,78.0,78.0,78.0,78.0,78.0
p51009,wind-ofs,0.0,0.0,0.0,0.0,0.0
p51009,wind-ons,0.0,0.0,0.0,0.0,0.0
p51013,battery,0.0,0.0,0.0,0.0,0.0
p51013,biomass,0.0,0.0,0.0,0.0,0.0
p51013,coal,0.0,0.0,0.0,0.0,0.0
p51013,gas,0.0,0.0,0.0,0.0,0.0
p51013,geothermal,0.0,0.0,0.0,0.0,0.0
p51013,h2,0.0,0.0,0.0,0.0,0.0
p51013,hydro,0.0,0.0,0.0,0.0,0.0
p51013,nuclear,0.0,0.0,0.0,0.0,0.0
p51013,pumped-hydro,0.0,0.0,0.0,0.0,0.0
p51013,pv,0.0,0.0,0.0,0.0,0.0
p51013,wind-ofs,0.0,0.0,0.0,0.0,0.0
p51013,wind-ons,0.0,0.0,0.0,0.0,0.0
p51015,battery,310.0,310.0,310.0,310.0,310.0
p51015,biomass,0.0,0.0,0.0,0.0,0.0
p51015,coal,0.0,0.0,0.0,0.0,0.0
p51015,gas,0.0,0.0,0.0,0.0,0.0
p51015,geothermal,0.0,0.0,0.0,0.0,0.0
p51015,h2,0.0,0.0,0.0,0.0,0.0
p51015,hydro,0.0,0.0,0.0,0.0,0.0
p51015,nuclear,0.0,0.0,0.0,0.0,0.0
p51015,pumped-hydro,0.0,0.0,0.0,0.0,0.0
p51015,pv,150.0,150.0,150.0,150.0,150.0
p51015,wind-ofs,0.0,0.0,0.0,0.0,0.0
p51015,wind-ons,0.0,0.0,0.0,0.0,0.0
p51019,battery,75.0,75.0,75.0,75.0,75.0
p51019,biomass,0.0,0.0,0.0,0.0,0.0
p51019,coal,0.0,0.0,0.0,0.0,0.0
p51019,gas,0.0,0.0,0.0,0.0,0.0
p51019,geothermal,0.0,0.0,0.0,0.0,0.0
p51019,h2,0.0,0.0,0.0,0.0,0.0
p51019,hydro,0.0,0.0,0.0,0.0,0.0
p51019,nuclear,0.0,0.0,0.0,0.0,0.0
p51019,pumped-hydro,0.0,0.0,0.0,0.0,0.0
p51019,pv,0.0,0.0,0.0,0.0,0.0
p51019,wind-ofs,0.0,0.0,0.0,0.0,0.0
p51019,wind-ons,0.0,0.0,0.0,0.0,0.0
p51023,battery,160.0,160.0,160.0,160.0,160.0
p51023,biomass,0.0,0.0,0.0,0.0,0.0
p51023,coal,0.0,0.0,0.0,0.0,0.0
p51023,gas,0.0,0.0,0.0,0.0,0.0
p51023,geothermal,0.0,0.0,0.0,0.0,0.0
p51023,h2,0.0,0.0,0.0,0.0,0.0
p51023,hydro,0.0,0.0,0.0,0.0,0.0
p51023,nuclear,0.0,0.0,0.0,0.0,0.0
p51023,pumped-hydro,0.0,0.0,0.0,0.0,0.0
p51023,pv,0.0,0.0,0.0,0.0,0.0
p51023,wind-ofs,0.0,0.0,0.0,0.0,0.0
p51023,wind-ons,156.4,156.4,156.4,156.4,156.4
p51025,battery,388.7,388.7,388.7,388.7,388.7
p51025,biomass,0.0,0.0,0.0,0.0,0.0
p51025,coal,0.0,0.0,0.0,0.0,0.0
p51025,gas,34.0,34.0,34.0,34.0,34.0
p51025,geothermal,0.0,0.0,0.0,0.0,0.0
p51025,h2,0.0,0.0,0.0,0.0,0.0
p51025,hydro,0.0,0.0,0.0,0.0,0.0
p51025,nuclear,0.0,0.0,0.0,0.0,0.0
p51025,pumped-hydro,0.0,0.0,0.0,0.0,0.0
p51025,pv,1503.45,1503.45,1503.45,1503.45,1503.45
p51025,wind-ofs,0.0,0.0,0.0,0.0,0.0
p51025,wind-ons,0.0,0.0,0.0,0.0,0.0
p51027,battery,0.0,0.0,0.0,0.0,0.0
p51027,biomass,0.0,0.0,0.0,0.0,0.0
p51027,coal,0.0,0.0,0.0,0.0,0.0
p51027,gas,0.0,0.0,0.0,0.0,0.0
p51027,geothermal,0.0,0.0,0.0,0.0,0.0
p51027,h2,0.0,0.0,0.0,0.0,0.0
p51027,hydro,0.0,0.0,0.0,0.0,0.0
p51027,nuclear,0.0,0.0,0.0,0.0,0.0
p51027,pumped-hydro,0.0,0.0,0.0,0.0,0.0
p51027,pv,150.25,150.25,150.25,150.25,150.25
p51027,wind-ofs,0.0,0.0,0.0,0.0,0.0
p51027,wind-ons,0.0,0.0,0.0,0.0,0.0
p51029,battery,50.0,50.0,50.0,50.0,50.0
p51029,biomass,0.0,0.0,0.0,0.0,0.0
p51029,coal,0.0,0.0,0.0,0.0,0.0
p51029,gas,0.0,0.0,0.0,0.0,0.0
p51029,geothermal,0.0,0.0,0.0,0.0,0.0
p51029,h2,0.0,0.0,0.0,0.0,0.0
p51029,hydro,0.0,0.0,0.0,0.0,0.0
p51029,nuclear,0.0,0.0,0.0,0.0,0.0
p51029,pumped-hydro,0.0,0.0,0.0,0.0,0.0
p51029,pv,499.0,499.0,499.0,499.0,499.0
p51029,wind-ofs,0.0,0.0,0.0,0.0,0.0
p51029,wind-ons,0.0,0.0,0.0,0.0,0.0
p51031,battery,40.0,40.0,40.0,40.0,40.0
p51031,biomass,0.0,0.0,0.0,0.0,0.0
p51031,coal,0.0,0.0,0.0,0.0,0.0
p51031,gas,0.0,0.0,0.0,0.0,0.0
p51031,geothermal,0.0,0.0,0.0,0.0,0.0
p51031,h2,0.0,0.0,0.0,0.0,0.0
p51031,hydro,0.0,0.0,0.0,0.0,0.0
p51031,nuclear,0.0,0.0,0.0,0.0,0.0
p51031,pumped-hydro,0.0,0.0,0.0,0.0,0.0
p51031,pv,330.4,330.4,330.4,330.4,330.4
p51031,wind-ofs,0.0,0.0,0.0,0.0,0.0
p51031,wind-ons,0.0,0.0,0.0,0.0,0.0
p51033,battery,640.0,640.0,640.0,640.0,640.0
p51033,biomass,0.0,0.0,0.0,0.0,0.0
p51033,coal,0.0,0.0,0.0,0.0,0.0
p51033,gas,53.1,53.1,53.1,53.1,53.1
p51033,geothermal,0.0,0.0,0.0,0.0,0.0
p51033,h2,0.0,0.0,0.0,0.0,0.0
p51033,hydro,0.0,0.0,0.0,0.0,0.0
p51033,nuclear,0.0,0.0,0.0,0.0,0.0
p51033,pumped-hydro,0.0,0.0,0.0,0.0,0.0
p51033,pv,246.57999999999998,246.57999999999998,246.57999999999998,246.57999999999998,246.57999999999998
p51033,wind-ofs,0.0,0.0,0.0,0.0,0.0
p51033,wind-ons,0.0,0.0,0.0,0.0,0.0
p51035,battery,0.0,0.0,0.0,0.0,0.0
p51035,biomass,0.0,0.0,0.0,0.0,0.0
p51035,coal,0.0,0.0,0.0,0.0,0.0
p51035,gas,0.0,0.0,0.0,0.0,0.0
p51035,geothermal,0.0,0.0,0.0,0.0,0.0
p51035,h2,0.0,0.0,0.0,0.0,0.0
p51035,hydro,0.0,0.0,0.0,0.0,0.0
p51035,nuclear,0.0,0.0,0.0,0.0,0.0
p51035,pumped-hydro,0.0,0.0,0.0,0.0,0.0
p51035,pv,190.0,190.0,190.0,190.0,190.0
p51035,wind-ofs,0.0,0.0,0.0,0.0,0.0
p51035,wind-ons,0.0,0.0,0.0,0.0,0.0
p51036,battery,220.0,220.0,220.0,220.0,220.0
p51036,biomass,0.0,0.0,0.0,0.0,0.0
p51036,coal,0.0,0.0,0.0,0.0,0.0
p51036,gas,0.0,0.0,0.0,0.0,0.0
p51036,geothermal,0.0,0.0,0.0,0.0,0.0
p51036,h2,0.0,0.0,0.0,0.0,0.0
p51036,hydro,0.0,0.0,0.0,0.0,0.0
p51036,nuclear,0.0,0.0,0.0,0.0,0.0
p51036,pumped-hydro,0.0,0.0,0.0,0.0,0.0
p51036,pv,266.35,266.35,266.35,266.35,266.35
p51036,wind-ofs,0.0,0.0,0.0,0.0,0.0
p51036,wind-ons,0.0,0.0,0.0,0.0,0.0
p51037,battery,0.0,0.0,0.0,0.0,0.0
p51037,biomass,0.0,0.0,0.0,0.0,0.0
p51037,coal,0.0,0.0,0.0,0.0,0.0
p51037,gas,0.0,0.0,0.0,0.0,0.0
p51037,geothermal,0.0,0.0,0.0,0.0,0.0
p51037,h2,0.0,0.0,0.0,0.0,0.0
p51037,hydro,0.0,0.0,0.0,0.0,0.0
p51037,nuclear,0.0,0.0,0.0,0.0,0.0
p51037,pumped-hydro,0.0,0.0,0.0,0.0,0.0
p51037,pv,1043.17,1043.17,1043.17,1043.17,1043.17
p51037,wind-ofs,0.0,0.0,0.0,0.0,0.0
p51037,wind-ons,0.0,0.0,0.0,0.0,0.0
p51041,battery,446.0,446.0,446.0,446.0,446.0
p51041,biomass,0.0,0.0,0.0,0.0,0.0
p51041,coal,0.0,0.0,0.0,0.0,0.0
p51041,gas,1138.0,1138.0,1138.0,1138.0,1138.0
p51041,geothermal,0.0,0.0,0.0,0.0,0.0
p51041,h2,0.0,0.0,0.0,0.0,0.0
p51041,hydro,0.0,0.0,0.0,0.0,0.0
p51041,nuclear,0.0,0.0,0.0,0.0,0.0
p51041,pumped-hydro,0.0,0.0,0.0,0.0,0.0
p51041,pv,92.0,92.0,92.0,92.0,92.0
p51041,wind-ofs,0.0,0.0,0.0,0.0,0.0
p51041,wind-ons,0.0,0.0,0.0,0.0,0.0
p51043,battery,0.0,0.0,0.0,0.0,0.0
p51043,biomass,0.0,0.0,0.0,0.0,0.0
p51043,coal,0.0,0.0,0.0,0.0,0.0
p51043,gas,0.0,0.0,0.0,0.0,0.0
p51043,geothermal,0.0,0.0,0.0,0.0,0.0
p51043,h2,0.0,0.0,0.0,0.0,0.0
p51043,hydro,0.0,0.0,0.0,0.0,0.0
p51043,nuclear,0.0,0.0,0.0,0.0,0.0
p51043,pumped-hydro,0.0,0.0,0.0,0.0,0.0
p51043,pv,100.0,100.0,100.0,100.0,100.0
p51043,wind-ofs,0.0,0.0,0.0,0.0,0.0
p51043,wind-ons,0.0,0.0,0.0,0.0,0.0
p51047,battery,0.0,0.0,0.0,0.0,0.0
p51047,biomass,0.0,0.0,0.0,0.0,0.0
p51047,coal,0.0,0.0,0.0,0.0,0.0
p51047,gas,0.0,0.0,0.0,0.0,0.0
p51047,geothermal,0.0,0.0,0.0,0.0,0.0
p51047,h2,0.0,0.0,0.0,0.0,0.0
p51047,hydro,0.0,0.0,0.0,0.0,0.0
p51047,nuclear,0.0,0.0,0.0,0.0,0.0
p51047,pumped-hydro,0.0,0.0,0.0,0.0,0.0
p51047,pv,420.0,420.0,420.0,420.0,420.0
p51047,wind-ofs,0.0,0.0,0.0,0.0,0.0
p51047,wind-ons,0.0,0.0,0.0,0.0,0.0
p51049,battery,52.4,52.4,52.4,52.4,52.4
p51049,biomass,0.0,0.0,0.0,0.0,0.0
p51049,coal,0.0,0.0,0.0,0.0,0.0
p51049,gas,0.0,0.0,0.0,0.0,0.0
p51049,geothermal,0.0,0.0,0.0,0.0,0.0
p51049,h2,0.0,0.0,0.0,0.0,0.0
p51049,hydro,0.0,0.0,0.0,0.0,0.0
p51049,nuclear,0.0,0.0,0.0,0.0,0.0
p51049,pumped-hydro,0.0,0.0,0.0,0.0,0.0
p51049,pv,833.996,833.996,833.996,833.996,833.996
p51049,wind-ofs,0.0,0.0,0.0,0.0,0.0
p51049,wind-ons,0.0,0.0,0.0,0.0,0.0
p51051,battery,0.0,0.0,0.0,0.0,0.0
p51051,biomass,0.0,0.0,0.0,0.0,0.0
p51051,coal,0.0,0.0,0.0,0.0,0.0
p51051,gas,0.0,0.0,0.0,0.0,0.0
p51051,geothermal,0.0,0.0,0.0,0.0,0.0
p51051,h2,0.0,0.0,0.0,0.0,0.0
p51051,hydro,0.0,0.0,0.0,0.0,0.0
p51051,nuclear,0.0,0.0,0.0,0.0,0.0
p51051,pumped-hydro,0.0,0.0,0.0,0.0,0.0
p51051,pv,40.0,40.0,40.0,40.0,40.0
p51051,wind-ofs,0.0,0.0,0.0,0.0,0.0
p51051,wind-ons,0.0,0.0,0.0,0.0,0.0
p51053,battery,0.0,0.0,0.0,0.0,0.0
p51053,biomass,0.0,0.0,0.0,0.0,0.0
p51053,coal,0.0,0.0,0.0,0.0,0.0
p51053,gas,0.0,0.0,0.0,0.0,0.0
p51053,geothermal,0.0,0.0,0.0,0.0,0.0
p51053,h2,0.0,0.0,0.0,0.0,0.0
p51053,hydro,0.0,0.0,0.0,0.0,0.0
p51053,nuclear,0.0,0.0,0.0,0.0,0.0
p51053,pumped-hydro,0.0,0.0,0.0,0.0,0.0
p51053,pv,77.0,77.0,77.0,77.0,77.0
p51053,wind-ofs,0.0,0.0,0.0,0.0,0.0
p51053,wind-ons,0.0,0.0,0.0,0.0,0.0
p51057,battery,0.0,0.0,0.0,0.0,0.0
p51057,biomass,0.0,0.0,0.0,0.0,0.0
p51057,coal,0.0,0.0,0.0,0.0,0.0
p51057,gas,0.0,0.0,0.0,0.0,0.0
p51057,geothermal,0.0,0.0,0.0,0.0,0.0
p51057,h2,0.0,0.0,0.0,0.0,0.0
p51057,hydro,0.0,0.0,0.0,0.0,0.0
p51057,nuclear,0.0,0.0,0.0,0.0,0.0
p51057,pumped-hydro,0.0,0.0,0.0,0.0,0.0
p51057,pv,40.0,40.0,40.0,40.0,40.0
p51057,wind-ofs,0.0,0.0,0.0,0.0,0.0
p51057,wind-ons,0.0,0.0,0.0,0.0,0.0
p51059,battery,0.0,0.0,0.0,0.0,0.0
p51059,biomass,0.0,0.0,0.0,0.0,0.0
p51059,coal,0.0,0.0,0.0,0.0,0.0
p51059,gas,0.0,0.0,0.0,0.0,0.0
p51059,geothermal,0.0,0.0,0.0,0.0,0.0
p51059,h2,0.0,0.0,0.0,0.0,0.0
p51059,hydro,0.0,0.0,0.0,0.0,0.0
p51059,nuclear,0.0,0.0,0.0,0.0,0.0
p51059,pumped-hydro,0.0,0.0,0.0,0.0,0.0
p51059,pv,0.0,0.0,0.0,0.0,0.0
p51059,wind-ofs,0.0,0.0,0.0,0.0,0.0
p51059,wind-ons,0.0,0.0,0.0,0.0,0.0
p51061,battery,435.0,435.0,435.0,435.0,435.0
p51061,biomass,0.0,0.0,0.0,0.0,0.0
p51061,coal,0.0,0.0,0.0,0.0,0.0
p51061,gas,51.5,51.5,51.5,51.5,51.5
p51061,geothermal,0.0,0.0,0.0,0.0,0.0
p51061,h2,0.0,0.0,0.0,0.0,0.0
p51061,hydro,0.0,0.0,0.0,0.0,0.0
p51061,nuclear,0.0,0.0,0.0,0.0,0.0
p51061,pumped-hydro,0.0,0.0,0.0,0.0,0.0
p51061,pv,180.0,180.0,180.0,180.0,180.0
p51061,wind-ofs,0.0,0.0,0.0,0.0,0.0
p51061,wind-ons,0.0,0.0,0.0,0.0,0.0
p51065,battery,100.0,100.0,100.0,100.0,100.0
p51065,biomass,0.0,0.0,0.0,0.0,0.0
p51065,coal,0.0,0.0,0.0,0.0,0.0
p51065,gas,0.0,0.0,0.0,0.0,0.0
p51065,geothermal,0.0,0.0,0.0,0.0,0.0
p51065,h2,0.0,0.0,0.0,0.0,0.0
p51065,hydro,0.0,0.0,0.0,0.0,0.0
p51065,nuclear,0.0,0.0,0.0,0.0,0.0
p51065,pumped-hydro,0.0,0.0,0.0,0.0,0.0
p51065,pv,57.0,57.0,57.0,57.0,57.0
p51065,wind-ofs,0.0,0.0,0.0,0.0,0.0
p51065,wind-ons,0.0,0.0,0.0,0.0,0.0
p51067,battery,200.0,200.0,200.0,200.0,200.0
p51067,biomass,0.0,0.0,0.0,0.0,0.0
p51067,coal,0.0,0.0,0.0,0.0,0.0
p51067,gas,0.0,0.0,0.0,0.0,0.0
p51067,geothermal,0.0,0.0,0.0,0.0,0.0
p51067,h2,0.0,0.0,0.0,0.0,0.0
p51067,hydro,0.0,0.0,0.0,0.0,0.0
p51067,nuclear,0.0,0.0,0.0,0.0,0.0
p51067,pumped-hydro,0.0,0.0,0.0,0.0,0.0
p51067,pv,65.0,65.0,65.0,65.0,65.0
p51067,wind-ofs,0.0,0.0,0.0,0.0,0.0
p51067,wind-ons,0.0,0.0,0.0,0.0,0.0
p51069,battery,360.0,360.0,360.0,360.0,360.0
p51069,biomass,0.0,0.0,0.0,0.0,0.0
p51069,coal,0.0,0.0,0.0,0.0,0.0
p51069,gas,0.0,0.0,0.0,0.0,0.0
p51069,geothermal,0.0,0.0,0.0,0.0,0.0
p51069,h2,0.0,0.0,0.0,0.0,0.0
p51069,hydro,0.0,0.0,0.0,0.0,0.0
p51069,nuclear,0.0,0.0,0.0,0.0,0.0
p51069,pumped-hydro,0.0,0.0,0.0,0.0,0.0
p51069,pv,200.0,200.0,200.0,200.0,200.0
p51069,wind-ofs,0.0,0.0,0.0,0.0,0.0
p51069,wind-ons,0.0,0.0,0.0,0.0,0.0
p51071,battery,80.0,80.0,80.0,80.0,80.0
p51071,biomass,0.0,0.0,0.0,0.0,0.0
p51071,coal,0.0,0.0,0.0,0.0,0.0
p51071,gas,0.0,0.0,0.0,0.0,0.0
p51071,geothermal,0.0,0.0,0.0,0.0,0.0
p51071,h2,0.0,0.0,0.0,0.0,0.0
p51071,hydro,0.0,0.0,0.0,0.0,0.0
p51071,nuclear,0.0,0.0,0.0,0.0,0.0
p51071,pumped-hydro,0.0,0.0,0.0,0.0,0.0
p51071,pv,120.0,120.0,120.0,120.0,120.0
p51071,wind-ofs,0.0,0.0,0.0,0.0,0.0
p51071,wind-ons,0.0,0.0,0.0,0.0,0.0
p51073,battery,52.84,52.84,52.84,52.84,52.84
p51073,biomass,0.0,0.0,0.0,0.0,0.0
p51073,coal,0.0,0.0,0.0,0.0,0.0
p51073,gas,0.0,0.0,0.0,0.0,0.0
p51073,geothermal,0.0,0.0,0.0,0.0,0.0
p51073,h2,0.0,0.0,0.0,0.0,0.0
p51073,hydro,0.0,0.0,0.0,0.0,0.0
p51073,nuclear,0.0,0.0,0.0,0.0,0.0
p51073,pumped-hydro,0.0,0.0,0.0,0.0,0.0
p51073,pv,200.0,200.0,200.0,200.0,200.0
p51073,wind-ofs,0.0,0.0,0.0,0.0,0.0
p51073,wind-ons,0.0,0.0,0.0,0.0,0.0
p51075,battery,0.0,0.0,0.0,0.0,0.0
p51075,biomass,0.0,0.0,0.0,0.0,0.0
p51075,coal,0.0,0.0,0.0,0.0,0.0
p51075,gas,0.0,0.0,0.0,0.0,0.0
p51075,geothermal,0.0,0.0,0.0,0.0,0.0
p51075,h2,0.0,0.0,0.0,0.0,0.0
p51075,hydro,0.0,0.0,0.0,0.0,0.0
p51075,nuclear,0.0,0.0,0.0,0.0,0.0
p51075,pumped-hydro,0.0,0.0,0.0,0.0,0.0
p51075,pv,20.0,20.0,20.0,20.0,20.0
p51075,wind-ofs,0.0,0.0,0.0,0.0,0.0
p51075,wind-ons,0.0,0.0,0.0,0.0,0.0
p51077,battery,0.0,0.0,0.0,0.0,0.0
p51077,biomass,0.0,0.0,0.0,0.0,0.0
p51077,coal,0.0,0.0,0.0,0.0,0.0
p51077,gas,0.0,0.0,0.0,0.0,0.0
p51077,geothermal,0.0,0.0,0.0,0.0,0.0
p51077,h2,0.0,0.0,0.0,0.0,0.0
p51077,hydro,0.0,0.0,0.0,0.0,0.0
p51077,nuclear,0.0,0.0,0.0,0.0,0.0
p51077,pumped-hydro,0.0,0.0,0.0,0.0,0.0
p51077,pv,0.0,0.0,0.0,0.0,0.0
p51077,wind-ofs,0.0,0.0,0.0,0.0,0.0
p51077,wind-ons,126.6,126.6,126.6,126.6,126.6
p51081,battery,195.0,195.0,195.0,195.0,195.0
p51081,biomass,0.0,0.0,0.0,0.0,0.0
p51081,coal,0.0,0.0,0.0,0.0,0.0
p51081,gas,44.9,44.9,44.9,44.9,44.9
p51081,geothermal,0.0,0.0,0.0,0.0,0.0
p51081,h2,0.0,0.0,0.0,0.0,0.0
p51081,hydro,0.0,0.0,0.0,0.0,0.0
p51081,nuclear,0.0,0.0,0.0,0.0,0.0
p51081,pumped-hydro,0.0,0.0,0.0,0.0,0.0
p51081,pv,171.4,171.4,171.4,171.4,171.4
p51081,wind-ofs,0.0,0.0,0.0,0.0,0.0
p51081,wind-ons,0.0,0.0,0.0,0.0,0.0
p51083,battery,225.0,225.0,225.0,225.0,225.0
p51083,biomass,0.0,0.0,0.0,0.0,0.0
p51083,coal,0.0,0.0,0.0,0.0,0.0
p51083,gas,0.0,0.0,0.0,0.0,0.0
p51083,geothermal,0.0,0.0,0.0,0.0,0.0
p51083,h2,0.0,0.0,0.0,0.0,0.0
p51083,hydro,0.0,0.0,0.0,0.0,0.0
p51083,nuclear,0.0,0.0,0.0,0.0,0.0
p51083,pumped-hydro,0.0,0.0,0.0,0.0,0.0
p51083,pv,1292.1,1292.1,1292.1,1292.1,1292.1
p51083,wind-ofs,0.0,0.0,0.0,0.0,0.0
p51083,wind-ons,0.0,0.0,0.0,0.0,0.0
p51085,battery,370.0,370.0,370.0,370.0,370.0
p51085,biomass,0.0,0.0,0.0,0.0,0.0
p51085,coal,0.0,0.0,0.0,0.0,0.0
p51085,gas,0.0,0.0,0.0,0.0,0.0
p51085,geothermal,0.0,0.0,0.0,0.0,0.0
p51085,h2,0.0,0.0,0.0,0.0,0.0
p51085,hydro,0.0,0.0,0.0,0.0,0.0
p51085,nuclear,0.0,0.0,0.0,0.0,0.0
p51085,pumped-hydro,0.0,0.0,0.0,0.0,0.0
p51085,pv,104.0,104.0,104.0,104.0,104.0
p51085,wind-ofs,0.0,0.0,0.0,0.0,0.0
p51085,wind-ons,0.0,0.0,0.0,0.0,0.0
p51087,battery,0.0,0.0,0.0,0.0,0.0
p51087,biomass,0.0,0.0,0.0,0.0,0.0
p51087,coal,0.0,0.0,0.0,0.0,0.0
p51087,gas,0.0,0.0,0.0,0.0,0.0
p51087,geothermal,0.0,0.0,0.0,0.0,0.0
p51087,h2,0.0,0.0,0.0,0.0,0.0
p51087,hydro,0.0,0.0,0.0,0.0,0.0
p51087,nuclear,0.0,0.0,0.0,0.0,0.0
p51087,pumped-hydro,0.0,0.0,0.0,0.0,0.0
p51087,pv,20.0,20.0,20.0,20.0,20.0
p51087,wind-ofs,0.0,0.0,0.0,0.0,0.0
p51087,wind-ons,0.0,0.0,0.0,0.0,0.0
p51089,battery,0.0,0.0,0.0,0.0,0.0
p51089,biomass,0.0,0.0,0.0,0.0,0.0
p51089,coal,0.0,0.0,0.0,0.0,0.0
p51089,gas,0.0,0.0,0.0,0.0,0.0
p51089,geothermal,0.0,0.0,0.0,0.0,0.0
p51089,h2,0.0,0.0,0.0,0.0,0.0
p51089,hydro,0.0,0.0,0.0,0.0,0.0
p51089,nuclear,0.0,0.0,0.0,0.0,0.0
p51089,pumped-hydro,0.0,0.0,0.0,0.0,0.0
p51089,pv,280.0,280.0,280.0,280.0,280.0
p51089,wind-ofs,0.0,0.0,0.0,0.0,0.0
p51089,wind-ons,0.0,0.0,0.0,0.0,0.0
p51093,battery,0.0,0.0,0.0,0.0,0.0
p51093,biomass,0.0,0.0,0.0,0.0,0.0
p51093,coal,0.0,0.0,0.0,0.0,0.0
p51093,gas,0.0,0.0,0.0,0.0,0.0
p51093,geothermal,0.0,0.0,0.0,0.0,0.0
p51093,h2,0.0,0.0,0.0,0.0,0.0
p51093,hydro,0.0,0.0,0.0,0.0,0.0
p51093,nuclear,0.0,0.0,0.0,0.0,0.0
p51093,pumped-hydro,0.0,0.0,0.0,0.0,0.0
p51093,pv,742.0,742.0,742.0,742.0,742.0
p51093,wind-ofs,0.0,0.0,0.0,0.0,0.0
p51093,wind-ons,0.0,0.0,0.0,0.0,0.0
p51097,battery,0.0,0.0,0.0,0.0,0.0
p51097,biomass,0.0,0.0,0.0,0.0,0.0
p51097,coal,0.0,0.0,0.0,0.0,0.0
p51097,gas,0.0,0.0,0.0,0.0,0.0
p51097,geothermal,0.0,0.0,0.0,0.0,0.0
p51097,h2,0.0,0.0,0.0,0.0,0.0
p51097,hydro,0.0,0.0,0.0,0.0,0.0
p51097,nuclear,0.0,0.0,0.0,0.0,0.0
p51097,pumped-hydro,0.0,0.0,0.0,0.0,0.0
p51097,pv,365.058,365.058,365.058,365.058,365.058
p51097,wind-ofs,0.0,0.0,0.0,0.0,0.0
p51097,wind-ons,0.0,0.0,0.0,0.0,0.0
p51099,battery,459.3,459.3,459.3,459.3,459.3
p51099,biomass,0.0,0.0,0.0,0.0,0.0
p51099,coal,0.0,0.0,0.0,0.0,0.0
p51099,gas,0.0,0.0,0.0,0.0,0.0
p51099,geothermal,0.0,0.0,0.0,0.0,0.0
p51099,h2,0.0,0.0,0.0,0.0,0.0
p51099,hydro,0.0,0.0,0.0,0.0,0.0
p51099,nuclear,0.0,0.0,0.0,0.0,0.0
p51099,pumped-hydro,0.0,0.0,0.0,0.0,0.0
p51099,pv,268.0,268.0,268.0,268.0,268.0
p51099,wind-ofs,0.0,0.0,0.0,0.0,0.0
p51099,wind-ons,0.0,0.0,0.0,0.0,0.0
p51101,battery,0.0,0.0,0.0,0.0,0.0
p51101,biomass,0.0,0.0,0.0,0.0,0.0
p51101,coal,0.0,0.0,0.0,0.0,0.0
p51101,gas,0.0,0.0,0.0,0.0,0.0
p51101,geothermal,0.0,0.0,0.0,0.0,0.0
p51101,h2,0.0,0.0,0.0,0.0,0.0
p51101,hydro,0.0,0.0,0.0,0.0,0.0
p51101,nuclear,0.0,0.0,0.0,0.0,0.0
p51101,pumped-hydro,0.0,0.0,0.0,0.0,0.0
p51101,pv,74.0,74.0,74.0,74.0,74.0
p51101,wind-ofs,0.0,0.0,0.0,0.0,0.0
p51101,wind-ons,0.0,0.0,0.0,0.0,0.0
p51103,battery,80.0,80.0,80.0,80.0,80.0
p51103,biomass,0.0,0.0,0.0,0.0,0.0
p51103,coal,0.0,0.0,0.0,0.0,0.0
p51103,gas,0.0,0.0,0.0,0.0,0.0
p51103,geothermal,0.0,0.0,0.0,0.0,0.0
p51103,h2,0.0,0.0,0.0,0.0,0.0
p51103,hydro,0.0,0.0,0.0,0.0,0.0
p51103,nuclear,0.0,0.0,0.0,0.0,0.0
p51103,pumped-hydro,0.0,0.0,0.0,0.0,0.0
p51103,pv,271.22,271.22,271.22,271.22,271.22
p51103,wind-ofs,0.0,0.0,0.0,0.0,0.0
p51103,wind-ons,0.0,0.0,0.0,0.0,0.0
p51107,battery,240.0,240.0,240.0,240.0,240.0
p51107,biomass,0.0,0.0,0.0,0.0,0.0
p51107,coal,0.0,0.0,0.0,0.0,0.0
p51107,gas,0.0,0.0,0.0,0.0,0.0
p51107,geothermal,0.0,0.0,0.0,0.0,0.0
p51107,h2,0.0,0.0,0.0,0.0,0.0
p51107,hydro,0.0,0.0,0.0,0.0,0.0
p51107,nuclear,0.0,0.0,0.0,0.0,0.0
p51107,pumped-hydro,0.0,0.0,0.0,0.0,0.0
p51107,pv,200.0,200.0,200.0,200.0,200.0
p51107,wind-ofs,0.0,0.0,0.0,0.0,0.0
p51107,wind-ons,0.0,0.0,0.0,0.0,0.0
p51109,battery,100.0,100.0,100.0,100.0,100.0
p51109,biomass,0.0,0.0,0.0,0.0,0.0
p51109,coal,0.0,0.0,0.0,0.0,0.0
p51109,gas,0.0,0.0,0.0,0.0,0.0
p51109,geothermal,0.0,0.0,0.0,0.0,0.0
p51109,h2,0.0,0.0,0.0,0.0,0.0
p51109,hydro,0.0,0.0,0.0,0.0,0.0
p51109,nuclear,0.0,0.0,0.0,0.0,0.0
p51109,pumped-hydro,0.0,0.0,0.0,0.0,0.0
p51109,pv,145.19,145.19,145.19,145.19,145.19
p51109,wind-ofs,0.0,0.0,0.0,0.0,0.0
p51109,wind-ons,0.0,0.0,0.0,0.0,0.0
p51111,battery,0.0,0.0,0.0,0.0,0.0
p51111,biomass,0.0,0.0,0.0,0.0,0.0
p51111,coal,0.0,0.0,0.0,0.0,0.0
p51111,gas,0.0,0.0,0.0,0.0,0.0
p51111,geothermal,0.0,0.0,0.0,0.0,0.0
p51111,h2,0.0,0.0,0.0,0.0,0.0
p51111,hydro,0.0,0.0,0.0,0.0,0.0
p51111,nuclear,0.0,0.0,0.0,0.0,0.0
p51111,pumped-hydro,0.0,0.0,0.0,0.0,0.0
p51111,pv,754.8,754.8,754.8,754.8,754.8
p51111,wind-ofs,0.0,0.0,0.0,0.0,0.0
p51111,wind-ons,0.0,0.0,0.0,0.0,0.0
p51117,battery,224.0,224.0,224.0,224.0,224.0
p51117,biomass,0.0,0.0,0.0,0.0,0.0
p51117,coal,0.0,0.0,0.0,0.0,0.0
p51117,gas,0.0,0.0,0.0,0.0,0.0
p51117,geothermal,0.0,0.0,0.0,0.0,0.0
p51117,h2,0.0,0.0,0.0,0.0,0.0
p51117,hydro,0.0,0.0,0.0,0.0,0.0
p51117,nuclear,0.0,0.0,0.0,0.0,0.0
p51117,pumped-hydro,0.0,0.0,0.0,0.0,0.0
p51117,pv,536.0,536.0,536.0,536.0,536.0
p51117,wind-ofs,0.0,0.0,0.0,0.0,0.0
p51117,wind-ons,0.0,0.0,0.0,0.0,0.0
p51121,battery,80.0,80.0,80.0,80.0,80.0
p51121,biomass,0.0,0.0,0.0,0.0,0.0
p51121,coal,0.0,0.0,0.0,0.0,0.0
p51121,gas,0.0,0.0,0.0,0.0,0.0
p51121,geothermal,0.0,0.0,0.0,0.0,0.0
p51121,h2,0.0,0.0,0.0,0.0,0.0
p51121,hydro,0.0,0.0,0.0,0.0,0.0
p51121,nuclear,0.0,0.0,0.0,0.0,0.0
p51121,pumped-hydro,0.0,0.0,0.0,0.0,0.0
p51121,pv,30.43,30.43,30.43,30.43,30.43
p51121,wind-ofs,0.0,0.0,0.0,0.0,0.0
p51121,wind-ons,0.0,0.0,0.0,0.0,0.0
p51125,battery,0.0,0.0,0.0,0.0,0.0
p51125,biomass,0.0,0.0,0.0,0.0,0.0
p51125,coal,0.0,0.0,0.0,0.0,0.0
p51125,gas,0.0,0.0,0.0,0.0,0.0
p51125,geothermal,0.0,0.0,0.0,0.0,0.0
p51125,h2,0.0,0.0,0.0,0.0,0.0
p51125,hydro,0.0,0.0,0.0,0.0,0.0
p51125,nuclear,0.0,0.0,0.0,0.0,0.0
p51125,pumped-hydro,0.0,0.0,0.0,0.0,0.0
p51125,pv,117.0,117.0,117.0,117.0,117.0
p51125,wind-ofs,0.0,0.0,0.0,0.0,0.0
p51125,wind-ons,0.0,0.0,0.0,0.0,0.0
p51131,battery,20.0,20.0,20.0,20.0,20.0
p51131,biomass,0.0,0.0,0.0,0.0,0.0
p51131,coal,0.0,0.0,0.0,0.0,0.0
p51131,gas,0.0,0.0,0.0,0.0,0.0
p51131,geothermal,0.0,0.0,0.0,0.0,0.0
p51131,h2,0.0,0.0,0.0,0.0,0.0
p51131,hydro,0.0,0.0,0.0,0.0,0.0
p51131,nuclear,0.0,0.0,0.0,0.0,0.0
p51131,pumped-hydro,0.0,0.0,0.0,0.0,0.0
p51131,pv,0.0,0.0,0.0,0.0,0.0
p51131,wind-ofs,0.0,0.0,0.0,0.0,0.0
p51131,wind-ons,0.0,0.0,0.0,0.0,0.0
p51133,battery,0.0,0.0,0.0,0.0,0.0
p51133,biomass,0.0,0.0,0.0,0.0,0.0
p51133,coal,0.0,0.0,0.0,0.0,0.0
p51133,gas,0.0,0.0,0.0,0.0,0.0
p51133,geothermal,0.0,0.0,0.0,0.0,0.0
p51133,h2,0.0,0.0,0.0,0.0,0.0
p51133,hydro,0.0,0.0,0.0,0.0,0.0
p51133,nuclear,0.0,0.0,0.0,0.0,0.0
p51133,pumped-hydro,0.0,0.0,0.0,0.0,0.0
p51133,pv,5.0,5.0,5.0,5.0,5.0
p51133,wind-ofs,0.0,0.0,0.0,0.0,0.0
p51133,wind-ons,0.0,0.0,0.0,0.0,0.0
p51135,battery,0.0,0.0,0.0,0.0,0.0
p51135,biomass,0.0,0.0,0.0,0.0,0.0
p51135,coal,0.0,0.0,0.0,0.0,0.0
p51135,gas,0.0,0.0,0.0,0.0,0.0
p51135,geothermal,0.0,0.0,0.0,0.0,0.0
p51135,h2,0.0,0.0,0.0,0.0,0.0
p51135,hydro,0.0,0.0,0.0,0.0,0.0
p51135,nuclear,0.0,0.0,0.0,0.0,0.0
p51135,pumped-hydro,0.0,0.0,0.0,0.0,0.0
p51135,pv,100.3,100.3,100.3,100.3,100.3
p51135,wind-ofs,0.0,0.0,0.0,0.0,0.0
p51135,wind-ons,0.0,0.0,0.0,0.0,0.0
p51137,battery,75.0,75.0,75.0,75.0,75.0
p51137,biomass,0.0,0.0,0.0,0.0,0.0
p51137,coal,0.0,0.0,0.0,0.0,0.0
p51137,gas,0.0,0.0,0.0,0.0,0.0
p51137,geothermal,0.0,0.0,0.0,0.0,0.0
p51137,h2,0.0,0.0,0.0,0.0,0.0
p51137,hydro,0.0,0.0,0.0,0.0,0.0
p51137,nuclear,0.0,0.0,0.0,0.0,0.0
p51137,pumped-hydro,0.0,0.0,0.0,0.0,0.0
p51137,pv,0.0,0.0,0.0,0.0,0.0
p51137,wind-ofs,0.0,0.0,0.0,0.0,0.0
p51137,wind-ons,0.0,0.0,0.0,0.0,0.0
p51143,battery,155.0,155.0,155.0,155.0,155.0
p51143,biomass,0.0,0.0,0.0,0.0,0.0
p51143,coal,0.0,0.0,0.0,0.0,0.0
p51143,gas,0.0,0.0,0.0,0.0,0.0
p51143,geothermal,0.0,0.0,0.0,0.0,0.0
p51143,h2,0.0,0.0,0.0,0.0,0.0
p51143,hydro,0.0,0.0,0.0,0.0,0.0
p51143,nuclear,0.0,0.0,0.0,0.0,0.0
p51143,pumped-hydro,0.0,0.0,0.0,0.0,0.0
p51143,pv,1145.44,1145.44,1145.44,1145.44,1145.44
p51143,wind-ofs,0.0,0.0,0.0,0.0,0.0
p51143,wind-ons,0.0,0.0,0.0,0.0,0.0
p51145,battery,0.0,0.0,0.0,0.0,0.0
p51145,biomass,0.0,0.0,0.0,0.0,0.0
p51145,coal,0.0,0.0,0.0,0.0,0.0
p51145,gas,0.0,0.0,0.0,0.0,0.0
p51145,geothermal,0.0,0.0,0.0,0.0,0.0
p51145,h2,0.0,0.0,0.0,0.0,0.0
p51145,hydro,0.0,0.0,0.0,0.0,0.0
p51145,nuclear,0.0,0.0,0.0,0.0,0.0
p51145,pumped-hydro,0.0,0.0,0.0,0.0,0.0
p51145,pv,199.8,199.8,199.8,199.8,199.8
p51145,wind-ofs,0.0,0.0,0.0,0.0,0.0
p51145,wind-ons,0.0,0.0,0.0,0.0,0.0
p51147,battery,50.0,50.0,50.0,50.0,50.0
p51147,biomass,0.0,0.0,0.0,0.0,0.0
p51147,coal,0.0,0.0,0.0,0.0,0.0
p51147,gas,0.0,0.0,0.0,0.0,0.0
p51147,geothermal,0.0,0.0,0.0,0.0,0.0
p51147,h2,0.0,0.0,0.0,0.0,0.0
p51147,hydro,0.0,0.0,0.0,0.0,0.0
p51147,nuclear,0.0,0.0,0.0,0.0,0.0
p51147,pumped-hydro,0.0,0.0,0.0,0.0,0.0
p51147,pv,416.0,416.0,416.0,416.0,416.0
p51147,wind-ofs,0.0,0.0,0.0,0.0,0.0
p51147,wind-ons,0.0,0.0,0.0,0.0,0.0
p51149,battery,300.0,300.0,300.0,300.0,300.0
p51149,biomass,0.0,0.0,0.0,0.0,0.0
p51149,coal,0.0,0.0,0.0,0.0,0.0
p51149,gas,0.0,0.0,0.0,0.0,0.0
p51149,geothermal,0.0,0.0,0.0,0.0,0.0
p51149,h2,0.0,0.0,0.0,0.0,0.0
p51149,hydro,0.0,0.0,0.0,0.0,0.0
p51149,nuclear,0.0,0.0,0.0,0.0,0.0
p51149,pumped-hydro,0.0,0.0,0.0,0.0,0.0
p51149,pv,154.8,154.8,154.8,154.8,154.8
p51149,wind-ofs,0.0,0.0,0.0,0.0,0.0
p51149,wind-ons,0.0,0.0,0.0,0.0,0.0
p51153,battery,970.0,970.0,970.0,970.0,970.0
p51153,biomass,0.0,0.0,0.0,0.0,0.0
p51153,coal,0.0,0.0,0.0,0.0,0.0
p51153,gas,0.0,0.0,0.0,0.0,0.0
p51153,geothermal,0.0,0.0,0.0,0.0,0.0
p51153,h2,0.0,0.0,0.0,0.0,0.0
p51153,hydro,0.0,0.0,0.0,0.0,0.0
p51153,nuclear,0.0,0.0,0.0,0.0,0.0
p51153,pumped-hydro,0.0,0.0,0.0,0.0,0.0
p51153,pv,0.0,0.0,0.0,0.0,0.0
p51153,wind-ofs,0.0,0.0,0.0,0.0,0.0
p51153,wind-ons,0.0,0.0,0.0,0.0,0.0
p51155,battery,50.0,50.0,50.0,50.0,50.0
p51155,biomass,0.0,0.0,0.0,0.0,0.0
p51155,coal,0.0,0.0,0.0,0.0,0.0
p51155,gas,0.0,0.0,0.0,0.0,0.0
p51155,geothermal,0.0,0.0,0.0,0.0,0.0
p51155,h2,0.0,0.0,0.0,0.0,0.0
p51155,hydro,0.0,0.0,0.0,0.0,0.0
p51155,nuclear,0.0,0.0,0.0,0.0,0.0
p51155,pumped-hydro,0.0,0.0,0.0,0.0,0.0
p51155,pv,150.0,150.0,150.0,150.0,150.0
p51155,wind-ofs,0.0,0.0,0.0,0.0,0.0
p51155,wind-ons,77.0,77.0,77.0,77.0,77.0
p51159,battery,258.0,258.0,258.0,258.0,258.0
p51159,biomass,0.0,0.0,0.0,0.0,0.0
p51159,coal,0.0,0.0,0.0,0.0,0.0
p51159,gas,0.0,0.0,0.0,0.0,0.0
p51159,geothermal,0.0,0.0,0.0,0.0,0.0
p51159,h2,0.0,0.0,0.0,0.0,0.0
p51159,hydro,0.0,0.0,0.0,0.0,0.0
p51159,nuclear,0.0,0.0,0.0,0.0,0.0
p51159,pumped-hydro,0.0,0.0,0.0,0.0,0.0
p51159,pv,122.0,122.0,122.0,122.0,122.0
p51159,wind-ofs,0.0,0.0,0.0,0.0,0.0
p51159,wind-ons,0.0,0.0,0.0,0.0,0.0
p51161,battery,100.0,100.0,100.0,100.0,100.0
p51161,biomass,0.0,0.0,0.0,0.0,0.0
p51161,coal,0.0,0.0,0.0,0.0,0.0
p51161,gas,0.0,0.0,0.0,0.0,0.0
p51161,geothermal,0.0,0.0,0.0,0.0,0.0
p51161,h2,0.0,0.0,0.0,0.0,0.0
p51161,hydro,0.0,0.0,0.0,0.0,0.0
p51161,nuclear,0.0,0.0,0.0,0.0,0.0
p51161,pumped-hydro,0.0,0.0,0.0,0.0,0.0
p51161,pv,0.0,0.0,0.0,0.0,0.0
p51161,wind-ofs,0.0,0.0,0.0,0.0,0.0
p51161,wind-ons,0.0,0.0,0.0,0.0,0.0
p51163,battery,100.0,100.0,100.0,100.0,100.0
p51163,biomass,0.0,0.0,0.0,0.0,0.0
p51163,coal,0.0,0.0,0.0,0.0,0.0
p51163,gas,0.0,0.0,0.0,0.0,0.0
p51163,geothermal,0.0,0.0,0.0,0.0,0.0
p51163,h2,0.0,0.0,0.0,0.0,0.0
p51163,hydro,0.0,0.0,0.0,0.0,0.0
p51163,nuclear,0.0,0.0,0.0,0.0,0.0
p51163,pumped-hydro,0.0,0.0,0.0,0.0,0.0
p51163,pv,140.0,140.0,140.0,140.0,140.0
p51163,wind-ofs,0.0,0.0,0.0,0.0,0.0
p51163,wind-ons,0.0,0.0,0.0,0.0,0.0
p51165,battery,400.0,400.0,400.0,400.0,400.0
p51165,biomass,0.0,0.0,0.0,0.0,0.0
p51165,coal,0.0,0.0,0.0,0.0,0.0
p51165,gas,0.0,0.0,0.0,0.0,0.0
p51165,geothermal,0.0,0.0,0.0,0.0,0.0
p51165,h2,0.0,0.0,0.0,0.0,0.0
p51165,hydro,0.0,0.0,0.0,0.0,0.0
p51165,nuclear,0.0,0.0,0.0,0.0,0.0
p51165,pumped-hydro,0.0,0.0,0.0,0.0,0.0
p51165,pv,214.5,214.5,214.5,214.5,214.5
p51165,wind-ofs,0.0,0.0,0.0,0.0,0.0
p51165,wind-ons,0.0,0.0,0.0,0.0,0.0
p51171,battery,140.0,140.0,140.0,140.0,140.0
p51171,biomass,0.0,0.0,0.0,0.0,0.0
p51171,coal,0.0,0.0,0.0,0.0,0.0
p51171,gas,0.0,0.0,0.0,0.0,0.0
p51171,geothermal,0.0,0.0,0.0,0.0,0.0
p51171,h2,0.0,0.0,0.0,0.0,0.0
p51171,hydro,0.0,0.0,0.0,0.0,0.0
p51171,nuclear,0.0,0.0,0.0,0.0,0.0
p51171,pumped-hydro,0.0,0.0,0.0,0.0,0.0
p51171,pv,95.0,95.0,95.0,95.0,95.0
p51171,wind-ofs,0.0,0.0,0.0,0.0,0.0
p51171,wind-ons,0.0,0.0,0.0,0.0,0.0
p51173,battery,250.0,250.0,250.0,250.0,250.0
p51173,biomass,0.0,0.0,0.0,0.0,0.0
p51173,coal,0.0,0.0,0.0,0.0,0.0
p51173,gas,0.0,0.0,0.0,0.0,0.0
p51173,geothermal,0.0,0.0,0.0,0.0,0.0
p51173,h2,0.0,0.0,0.0,0.0,0.0
p51173,hydro,0.0,0.0,0.0,0.0,0.0
p51173,nuclear,0.0,0.0,0.0,0.0,0.0
p51173,pumped-hydro,0.0,0.0,0.0,0.0,0.0
p51173,pv,0.0,0.0,0.0,0.0,0.0
p51173,wind-ofs,0.0,0.0,0.0,0.0,0.0
p51173,wind-ons,0.0,0.0,0.0,0.0,0.0
p51175,battery,100.0,100.0,100.0,100.0,100.0
p51175,biomass,0.0,0.0,0.0,0.0,0.0
p51175,coal,0.0,0.0,0.0,0.0,0.0
p51175,gas,0.0,0.0,0.0,0.0,0.0
p51175,geothermal,0.0,0.0,0.0,0.0,0.0
p51175,h2,0.0,0.0,0.0,0.0,0.0
p51175,hydro,0.0,0.0,0.0,0.0,0.0
p51175,nuclear,0.0,0.0,0.0,0.0,0.0
p51175,pumped-hydro,0.0,0.0,0.0,0.0,0.0
p51175,pv,44.2,44.2,44.2,44.2,44.2
p51175,wind-ofs,0.0,0.0,0.0,0.0,0.0
p51175,wind-ons,0.0,0.0,0.0,0.0,0.0
p51177,battery,550.0,550.0,550.0,550.0,550.0
p51177,biomass,0.0,0.0,0.0,0.0,0.0
p51177,coal,0.0,0.0,0.0,0.0,0.0
p51177,gas,0.0,0.0,0.0,0.0,0.0
p51177,geothermal,0.0,0.0,0.0,0.0,0.0
p51177,h2,0.0,0.0,0.0,0.0,0.0
p51177,hydro,0.0,0.0,0.0,0.0,0.0
p51177,nuclear,0.0,0.0,0.0,0.0,0.0
p51177,pumped-hydro,0.0,0.0,0.0,0.0,0.0
p51177,pv,273.75,273.75,273.75,273.75,273.75
p51177,wind-ofs,0.0,0.0,0.0,0.0,0.0
p51177,wind-ons,0.0,0.0,0.0,0.0,0.0
p51181,battery,420.0,420.0,420.0,420.0,420.0
p51181,biomass,0.0,0.0,0.0,0.0,0.0
p51181,coal,0.0,0.0,0.0,0.0,0.0
p51181,gas,0.0,0.0,0.0,0.0,0.0
p51181,geothermal,0.0,0.0,0.0,0.0,0.0
p51181,h2,0.0,0.0,0.0,0.0,0.0
p51181,hydro,0.0,0.0,0.0,0.0,0.0
p51181,nuclear,0.0,0.0,0.0,0.0,0.0
p51181,pumped-hydro,0.0,0.0,0.0,0.0,0.0
p51181,pv,379.0,379.0,379.0,379.0,379.0
p51181,wind-ofs,0.0,0.0,0.0,0.0,0.0
p51181,wind-ons,0.0,0.0,0.0,0.0,0.0
p51183,battery,460.0,460.0,460.0,460.0,460.0
p51183,biomass,0.0,0.0,0.0,0.0,0.0
p51183,coal,0.0,0.0,0.0,0.0,0.0
p51183,gas,0.0,0.0,0.0,0.0,0.0
p51183,geothermal,0.0,0.0,0.0,0.0,0.0
p51183,h2,0.0,0.0,0.0,0.0,0.0
p51183,hydro,0.0,0.0,0.0,0.0,0.0
p51183,nuclear,0.0,0.0,0.0,0.0,0.0
p51183,pumped-hydro,0.0,0.0,0.0,0.0,0.0
p51183,pv,2175.65,2175.65,2175.65,2175.65,2175.65
p51183,wind-ofs,0.0,0.0,0.0,0.0,0.0
p51183,wind-ons,0.0,0.0,0.0,0.0,0.0
p51185,battery,80.0,80.0,80.0,80.0,80.0
p51185,biomass,0.0,0.0,0.0,0.0,0.0
p51185,coal,0.0,0.0,0.0,0.0,0.0
p51185,gas,0.0,0.0,0.0,0.0,0.0
p51185,geothermal,0.0,0.0,0.0,0.0,0.0
p51185,h2,0.0,0.0,0.0,0.0,0.0
p51185,hydro,0.0,0.0,0.0,0.0,0.0
p51185,nuclear,0.0,0.0,0.0,0.0,0.0
p51185,pumped-hydro,0.0,0.0,0.0,0.0,0.0
p51185,pv,100.0,100.0,100.0,100.0,100.0
p51185,wind-ofs,0.0,0.0,0.0,0.0,0.0
p51185,wind-ons,0.0,0.0,0.0,0.0,0.0
p51187,battery,0.0,0.0,0.0,0.0,0.0
p51187,biomass,0.0,0.0,0.0,0.0,0.0
p51187,coal,0.0,0.0,0.0,0.0,0.0
p51187,gas,19.0,19.0,19.0,19.0,19.0
p51187,geothermal,0.0,0.0,0.0,0.0,0.0
p51187,h2,0.0,0.0,0.0,0.0,0.0
p51187,hydro,0.0,0.0,0.0,0.0,0.0
p51187,nuclear,0.0,0.0,0.0,0.0,0.0
p51187,pumped-hydro,0.0,0.0,0.0,0.0,0.0
p51187,pv,0.0,0.0,0.0,0.0,0.0
p51187,wind-ofs,0.0,0.0,0.0,0.0,0.0
p51187,wind-ons,0.0,0.0,0.0,0.0,0.0
p51191,battery,212.1,212.1,212.1,212.1,212.1
p51191,biomass,0.0,0.0,0.0,0.0,0.0
p51191,coal,0.0,0.0,0.0,0.0,0.0
p51191,gas,0.0,0.0,0.0,0.0,0.0
p51191,geothermal,0.0,0.0,0.0,0.0,0.0
p51191,h2,0.0,0.0,0.0,0.0,0.0
p51191,hydro,0.0,0.0,0.0,0.0,0.0
p51191,nuclear,0.0,0.0,0.0,0.0,0.0
p51191,pumped-hydro,0.0,0.0,0.0,0.0,0.0
p51191,pv,0.0,0.0,0.0,0.0,0.0
p51191,wind-ofs,0.0,0.0,0.0,0.0,0.0
p51191,wind-ons,0.0,0.0,0.0,0.0,0.0
p51193,battery,0.0,0.0,0.0,0.0,0.0
p51193,biomass,0.0,0.0,0.0,0.0,0.0
p51193,coal,0.0,0.0,0.0,0.0,0.0
p51193,gas,0.0,0.0,0.0,0.0,0.0
p51193,geothermal,0.0,0.0,0.0,0.0,0.0
p51193,h2,0.0,0.0,0.0,0.0,0.0
p51193,hydro,0.0,0.0,0.0,0.0,0.0
p51193,nuclear,0.0,0.0,0.0,0.0,0.0
p51193,pumped-hydro,0.0,0.0,0.0,0.0,0.0
p51193,pv,181.0,181.0,181.0,181.0,181.0
p51193,wind-ofs,0.0,0.0,0.0,0.0,0.0
p51193,wind-ons,0.0,0.0,0.0,0.0,0.0
p51195,battery,0.0,0.0,0.0,0.0,0.0
p51195,biomass,0.0,0.0,0.0,0.0,0.0
p51195,coal,0.0,0.0,0.0,0.0,0.0
p51195,gas,0.0,0.0,0.0,0.0,0.0
p51195,geothermal,0.0,0.0,0.0,0.0,0.0
p51195,h2,0.0,0.0,0.0,0.0,0.0
p51195,hydro,0.0,0.0,0.0,0.0,0.0
p51195,nuclear,0.0,0.0,0.0,0.0,0.0
p51195,pumped-hydro,0.0,0.0,0.0,0.0,0.0
p51195,pv,151.78,151.78,151.78,151.78,151.78
p51195,wind-ofs,0.0,0.0,0.0,0.0,0.0
p51195,wind-ons,0.0,0.0,0.0,0.0,0.0
p51197,battery,52.2,52.2,52.2,52.2,52.2
p51197,biomass,0.0,0.0,0.0,0.0,0.0
p51197,coal,0.0,0.0,0.0,0.0,0.0
p51197,gas,0.0,0.0,0.0,0.0,0.0
p51197,geothermal,0.0,0.0,0.0,0.0,0.0
p51197,h2,0.0,0.0,0.0,0.0,0.0
p51197,hydro,0.0,0.0,0.0,0.0,0.0
p51197,nuclear,0.0,0.0,0.0,0.0,0.0
p51197,pumped-hydro,0.0,0.0,0.0,0.0,0.0
p51197,pv,550.0,550.0,550.0,550.0,550.0
p51197,wind-ofs,0.0,0.0,0.0,0.0,0.0
p51197,wind-ons,0.0,0.0,0.0,0.0,0.0
p51199,battery,133.0,133.0,133.0,133.0,133.0
p51199,biomass,0.0,0.0,0.0,0.0,0.0
p51199,coal,0.0,0.0,0.0,0.0,0.0
p51199,gas,0.0,0.0,0.0,0.0,0.0
p51199,geothermal,0.0,0.0,0.0,0.0,0.0
p51199,h2,0.0,0.0,0.0,0.0,0.0
p51199,hydro,0.0,0.0,0.0,0.0,0.0
p51199,nuclear,0.0,0.0,0.0,0.0,0.0
p51199,pumped-hydro,0.0,0.0,0.0,0.0,0.0
p51199,pv,0.0,0.0,0.0,0.0,0.0
p51199,wind-ofs,0.0,0.0,0.0,0.0,0.0
p51199,wind-ons,0.0,0.0,0.0,0.0,0.0
p53001,battery,100.0,100.0,100.0,100.0,100.0
p53001,biomass,0.0,0.0,0.0,0.0,0.0
p53001,coal,0.0,0.0,0.0,0.0,0.0
p53001,gas,0.0,0.0,0.0,0.0,0.0
p53001,geothermal,0.0,0.0,0.0,0.0,0.0
p53001,h2,0.0,0.0,0.0,0.0,0.0
p53001,hydro,0.0,0.0,0.0,0.0,0.0
p53001,nuclear,0.0,0.0,0.0,0.0,0.0
p53001,pumped-hydro,0.0,0.0,0.0,0.0,0.0
p53001,pv,514.5,514.5,514.5,514.5,514.5
p53001,wind-ofs,0.0,0.0,0.0,0.0,0.0
p53001,wind-ons,0.0,0.0,0.0,0.0,0.0
p53005,battery,6565.0,6565.0,6565.0,6565.0,6565.0
p53005,biomass,0.0,0.0,0.0,0.0,0.0
p53005,coal,0.0,0.0,0.0,0.0,0.0
p53005,gas,0.0,0.0,0.0,0.0,0.0
p53005,geothermal,0.0,0.0,0.0,0.0,0.0
p53005,h2,0.0,0.0,0.0,0.0,0.0
p53005,hydro,0.0,0.0,0.0,0.0,0.0
p53005,nuclear,1390.0,1390.0,1390.0,1390.0,1390.0
p53005,pumped-hydro,0.0,0.0,0.0,0.0,0.0
p53005,pv,7592.5,7592.5,7592.5,7592.5,7592.5
p53005,wind-ofs,0.0,0.0,0.0,0.0,0.0
p53005,wind-ons,1096.6,1096.6,1096.6,1096.6,1096.6
p53007,battery,0.0,0.0,0.0,0.0,0.0
p53007,biomass,0.0,0.0,0.0,0.0,0.0
p53007,coal,0.0,0.0,0.0,0.0,0.0
p53007,gas,0.0,0.0,0.0,0.0,0.0
p53007,geothermal,0.0,0.0,0.0,0.0,0.0
p53007,h2,0.0,0.0,0.0,0.0,0.0
p53007,hydro,0.0,0.0,0.0,0.0,0.0
p53007,nuclear,0.0,0.0,0.0,0.0,0.0
p53007,pumped-hydro,0.0,0.0,0.0,0.0,0.0
p53007,pv,0.0,0.0,0.0,0.0,0.0
p53007,wind-ofs,0.0,0.0,0.0,0.0,0.0
p53007,wind-ons,0.0,0.0,0.0,0.0,0.0
p53011,battery,20.0,20.0,20.0,20.0,20.0
p53011,biomass,0.0,0.0,0.0,0.0,0.0
p53011,coal,0.0,0.0,0.0,0.0,0.0
p53011,gas,286.0,286.0,286.0,286.0,286.0
p53011,geothermal,0.0,0.0,0.0,0.0,0.0
p53011,h2,0.0,0.0,0.0,0.0,0.0
p53011,hydro,0.0,0.0,0.0,0.0,0.0
p53011,nuclear,0.0,0.0,0.0,0.0,0.0
p53011,pumped-hydro,0.0,0.0,0.0,0.0,0.0
p53011,pv,2.0,2.0,2.0,2.0,2.0
p53011,wind-ofs,0.0,0.0,0.0,0.0,0.0
p53011,wind-ons,0.0,0.0,0.0,0.0,0.0
p53013,battery,109.9,109.9,109.9,109.9,109.9
p53013,biomass,0.0,0.0,0.0,0.0,0.0
p53013,coal,0.0,0.0,0.0,0.0,0.0
p53013,gas,0.0,0.0,0.0,0.0,0.0
p53013,geothermal,0.0,0.0,0.0,0.0,0.0
p53013,h2,0.0,0.0,0.0,0.0,0.0
p53013,hydro,0.0,0.0,0.0,0.0,0.0
p53013,nuclear,0.0,0.0,0.0,0.0,0.0
p53013,pumped-hydro,0.0,0.0,0.0,0.0,0.0
p53013,pv,259.6,259.6,259.6,259.6,259.6
p53013,wind-ofs,0.0,0.0,0.0,0.0,0.0
p53013,wind-ons,1000.0,1000.0,1000.0,1000.0,1000.0
p53015,battery,100.0,100.0,100.0,100.0,100.0
p53015,biomass,0.0,0.0,0.0,0.0,0.0
p53015,coal,0.0,0.0,0.0,0.0,0.0
p53015,gas,0.0,0.0,0.0,0.0,0.0
p53015,geothermal,0.0,0.0,0.0,0.0,0.0
p53015,h2,0.0,0.0,0.0,0.0,0.0
p53015,hydro,0.0,0.0,0.0,0.0,0.0
p53015,nuclear,0.0,0.0,0.0,0.0,0.0
p53015,pumped-hydro,0.0,0.0,0.0,0.0,0.0
p53015,pv,0.0,0.0,0.0,0.0,0.0
p53015,wind-ofs,0.0,0.0,0.0,0.0,0.0
p53015,wind-ons,1259.8,1259.8,1259.8,1259.8,1259.8
p53017,battery,3565.1,3565.1,3565.1,3565.1,3565.1
p53017,biomass,0.0,0.0,0.0,0.0,0.0
p53017,coal,0.0,0.0,0.0,0.0,0.0
p53017,gas,0.0,0.0,0.0,0.0,0.0
p53017,geothermal,0.0,0.0,0.0,0.0,0.0
p53017,h2,0.0,0.0,0.0,0.0,0.0
p53017,hydro,345.0,345.0,345.0,345.0,345.0
p53017,nuclear,0.0,0.0,0.0,0.0,0.0
p53017,pumped-hydro,0.0,0.0,0.0,0.0,0.0
p53017,pv,2123.5,2123.5,2123.5,2123.5,2123.5
p53017,wind-ofs,0.0,0.0,0.0,0.0,0.0
p53017,wind-ons,730.4,730.4,730.4,730.4,730.4
p53021,battery,398.0,398.0,398.0,398.0,398.0
p53021,biomass,0.0,0.0,0.0,0.0,0.0
p53021,coal,0.0,0.0,0.0,0.0,0.0
p53021,gas,0.0,0.0,0.0,0.0,0.0
p53021,geothermal,0.0,0.0,0.0,0.0,0.0
p53021,h2,0.0,0.0,0.0,0.0,0.0
p53021,hydro,0.0,0.0,0.0,0.0,0.0
p53021,nuclear,0.0,0.0,0.0,0.0,0.0
p53021,pumped-hydro,0.0,0.0,0.0,0.0,0.0
p53021,pv,223.3,223.3,223.3,223.3,223.3
p53021,wind-ofs,0.0,0.0,0.0,0.0,0.0
p53021,wind-ons,0.0,0.0,0.0,0.0,0.0
p53023,battery,185.0,185.0,185.0,185.0,185.0
p53023,biomass,0.0,0.0,0.0,0.0,0.0
p53023,coal,0.0,0.0,0.0,0.0,0.0
p53023,gas,0.0,0.0,0.0,0.0,0.0
p53023,geothermal,0.0,0.0,0.0,0.0,0.0
p53023,h2,0.0,0.0,0.0,0.0,0.0
p53023,hydro,0.0,0.0,0.0,0.0,0.0
p53023,nuclear,0.0,0.0,0.0,0.0,0.0
p53023,pumped-hydro,0.0,0.0,0.0,0.0,0.0
p53023,pv,700.0,700.0,700.0,700.0,700.0
p53023,wind-ofs,0.0,0.0,0.0,0.0,0.0
p53023,wind-ons,950.0,950.0,950.0,950.0,950.0
p53025,battery,1990.0,1990.0,1990.0,1990.0,1990.0
p53025,biomass,0.0,0.0,0.0,0.0,0.0
p53025,coal,0.0,0.0,0.0,0.0,0.0
p53025,gas,400.0,400.0,400.0,400.0,400.0
p53025,geothermal,0.0,0.0,0.0,0.0,0.0
p53025,h2,0.0,0.0,0.0,0.0,0.0
p53025,hydro,0.0,0.0,0.0,0.0,0.0
p53025,nuclear,0.0,0.0,0.0,0.0,0.0
p53025,pumped-hydro,0.0,0.0,0.0,0.0,0.0
p53025,pv,3560.0,3560.0,3560.0,3560.0,3560.0
p53025,wind-ofs,0.0,0.0,0.0,0.0,0.0
p53025,wind-ons,290.0,290.0,290.0,290.0,290.0
p53033,battery,680.0,680.0,680.0,680.0,680.0
p53033,biomass,0.0,0.0,0.0,0.0,0.0
p53033,coal,0.0,0.0,0.0,0.0,0.0
p53033,gas,0.0,0.0,0.0,0.0,0.0
p53033,geothermal,0.0,0.0,0.0,0.0,0.0
p53033,h2,0.0,0.0,0.0,0.0,0.0
p53033,hydro,0.0,0.0,0.0,0.0,0.0
p53033,nuclear,0.0,0.0,0.0,0.0,0.0
p53033,pumped-hydro,0.0,0.0,0.0,0.0,0.0
p53033,pv,0.0,0.0,0.0,0.0,0.0
p53033,wind-ofs,0.0,0.0,0.0,0.0,0.0
p53033,wind-ons,0.0,0.0,0.0,0.0,0.0
p53035,battery,800.0,800.0,800.0,800.0,800.0
p53035,biomass,0.0,0.0,0.0,0.0,0.0
p53035,coal,0.0,0.0,0.0,0.0,0.0
p53035,gas,0.0,0.0,0.0,0.0,0.0
p53035,geothermal,0.0,0.0,0.0,0.0,0.0
p53035,h2,0.0,0.0,0.0,0.0,0.0
p53035,hydro,0.0,0.0,0.0,0.0,0.0
p53035,nuclear,0.0,0.0,0.0,0.0,0.0
p53035,pumped-hydro,0.0,0.0,0.0,0.0,0.0
p53035,pv,0.0,0.0,0.0,0.0,0.0
p53035,wind-ofs,0.0,0.0,0.0,0.0,0.0
p53035,wind-ons,0.0,0.0,0.0,0.0,0.0
p53037,battery,0.0,0.0,0.0,0.0,0.0
p53037,biomass,0.0,0.0,0.0,0.0,0.0
p53037,coal,0.0,0.0,0.0,0.0,0.0
p53037,gas,0.0,0.0,0.0,0.0,0.0
p53037,geothermal,0.0,0.0,0.0,0.0,0.0
p53037,h2,0.0,0.0,0.0,0.0,0.0
p53037,hydro,0.0,0.0,0.0,0.0,0.0
p53037,nuclear,0.0,0.0,0.0,0.0,0.0
p53037,pumped-hydro,0.0,0.0,0.0,0.0,0.0
p53037,pv,299.9,299.9,299.9,299.9,299.9
p53037,wind-ofs,0.0,0.0,0.0,0.0,0.0
p53037,wind-ons,703.5,703.5,703.5,703.5,703.5
p53039,battery,2053.0,2053.0,2053.0,2053.0,2053.0
p53039,biomass,0.0,0.0,0.0,0.0,0.0
p53039,coal,0.0,0.0,0.0,0.0,0.0
p53039,gas,0.0,0.0,0.0,0.0,0.0
p53039,geothermal,0.0,0.0,0.0,0.0,0.0
p53039,h2,0.0,0.0,0.0,0.0,0.0
p53039,hydro,0.0,0.0,0.0,0.0,0.0
p53039,nuclear,0.0,0.0,0.0,0.0,0.0
p53039,pumped-hydro,0.0,0.0,0.0,0.0,0.0
p53039,pv,2216.0,2216.0,2216.0,2216.0,2216.0
p53039,wind-ofs,0.0,0.0,0.0,0.0,0.0
p53039,wind-ons,463.0,463.0,463.0,463.0,463.0
p53041,battery,610.3,610.3,610.3,610.3,610.3
p53041,biomass,0.0,0.0,0.0,0.0,0.0
p53041,coal,0.0,0.0,0.0,0.0,0.0
p53041,gas,0.0,0.0,0.0,0.0,0.0
p53041,geothermal,0.0,0.0,0.0,0.0,0.0
p53041,h2,0.0,0.0,0.0,0.0,0.0
p53041,hydro,0.0,0.0,0.0,0.0,0.0
p53041,nuclear,0.0,0.0,0.0,0.0,0.0
p53041,pumped-hydro,0.0,0.0,0.0,0.0,0.0
p53041,pv,182.6,182.6,182.6,182.6,182.6
p53041,wind-ofs,0.0,0.0,0.0,0.0,0.0
p53041,wind-ons,610.4000000000001,610.4000000000001,610.4000000000001,610.4000000000001,610.4000000000001
p53043,battery,150.0,150.0,150.0,150.0,150.0
p53043,biomass,0.0,0.0,0.0,0.0,0.0
p53043,coal,0.0,0.0,0.0,0.0,0.0
p53043,gas,0.25,0.25,0.25,0.25,0.25
p53043,geothermal,0.0,0.0,0.0,0.0,0.0
p53043,h2,0.0,0.0,0.0,0.0,0.0
p53043,hydro,0.0,0.0,0.0,0.0,0.0
p53043,nuclear,0.0,0.0,0.0,0.0,0.0
p53043,pumped-hydro,0.0,0.0,0.0,0.0,0.0
p53043,pv,231.0,231.0,231.0,231.0,231.0
p53043,wind-ofs,0.0,0.0,0.0,0.0,0.0
p53043,wind-ons,1900.0,1900.0,1900.0,1900.0,1900.0
p53045,battery,100.0,100.0,100.0,100.0,100.0
p53045,biomass,0.0,0.0,0.0,0.0,0.0
p53045,coal,0.0,0.0,0.0,0.0,0.0
p53045,gas,0.0,0.0,0.0,0.0,0.0
p53045,geothermal,0.0,0.0,0.0,0.0,0.0
p53045,h2,0.0,0.0,0.0,0.0,0.0
p53045,hydro,0.0,0.0,0.0,0.0,0.0
p53045,nuclear,0.0,0.0,0.0,0.0,0.0
p53045,pumped-hydro,0.0,0.0,0.0,0.0,0.0
p53045,pv,200.0,200.0,200.0,200.0,200.0
p53045,wind-ofs,0.0,0.0,0.0,0.0,0.0
p53045,wind-ons,300.0,300.0,300.0,300.0,300.0
p53053,battery,1200.0,1200.0,1200.0,1200.0,1200.0
p53053,biomass,0.0,0.0,0.0,0.0,0.0
p53053,coal,0.0,0.0,0.0,0.0,0.0
p53053,gas,0.0,0.0,0.0,0.0,0.0
p53053,geothermal,0.0,0.0,0.0,0.0,0.0
p53053,h2,0.0,0.0,0.0,0.0,0.0
p53053,hydro,0.0,0.0,0.0,0.0,0.0
p53053,nuclear,0.0,0.0,0.0,0.0,0.0
p53053,pumped-hydro,0.0,0.0,0.0,0.0,0.0
p53053,pv,0.0,0.0,0.0,0.0,0.0
p53053,wind-ofs,0.0,0.0,0.0,0.0,0.0
p53053,wind-ons,0.0,0.0,0.0,0.0,0.0
p53057,battery,550.0,550.0,550.0,550.0,550.0
p53057,biomass,0.0,0.0,0.0,0.0,0.0
p53057,coal,0.0,0.0,0.0,0.0,0.0
p53057,gas,188.0,188.0,188.0,188.0,188.0
p53057,geothermal,0.0,0.0,0.0,0.0,0.0
p53057,h2,0.0,0.0,0.0,0.0,0.0
p53057,hydro,0.0,0.0,0.0,0.0,0.0
p53057,nuclear,0.0,0.0,0.0,0.0,0.0
p53057,pumped-hydro,0.0,0.0,0.0,0.0,0.0
p53057,pv,0.0,0.0,0.0,0.0,0.0
p53057,wind-ofs,0.0,0.0,0.0,0.0,0.0
p53057,wind-ons,350.0,350.0,350.0,350.0,350.0
p53061,battery,25.0,25.0,25.0,25.0,25.0
p53061,biomass,0.0,0.0,0.0,0.0,0.0
p53061,coal,0.0,0.0,0.0,0.0,0.0
p53061,gas,0.0,0.0,0.0,0.0,0.0
p53061,geothermal,0.0,0.0,0.0,0.0,0.0
p53061,h2,0.0,0.0,0.0,0.0,0.0
p53061,hydro,0.0,0.0,0.0,0.0,0.0
p53061,nuclear,0.0,0.0,0.0,0.0,0.0
p53061,pumped-hydro,0.0,0.0,0.0,0.0,0.0
p53061,pv,1.0,1.0,1.0,1.0,1.0
p53061,wind-ofs,0.0,0.0,0.0,0.0,0.0
p53061,wind-ons,0.0,0.0,0.0,0.0,0.0
p53063,battery,102.5,102.5,102.5,102.5,102.5
p53063,biomass,0.0,0.0,0.0,0.0,0.0
p53063,coal,0.0,0.0,0.0,0.0,0.0
p53063,gas,0.0,0.0,0.0,0.0,0.0
p53063,geothermal,0.0,0.0,0.0,0.0,0.0
p53063,h2,0.0,0.0,0.0,0.0,0.0
p53063,hydro,0.0,0.0,0.0,0.0,0.0
p53063,nuclear,0.0,0.0,0.0,0.0,0.0
p53063,pumped-hydro,0.0,0.0,0.0,0.0,0.0
p53063,pv,300.0,300.0,300.0,300.0,300.0
p53063,wind-ofs,0.0,0.0,0.0,0.0,0.0
p53063,wind-ons,520.0,520.0,520.0,520.0,520.0
p53065,battery,0.0,0.0,0.0,0.0,0.0
p53065,biomass,0.0,0.0,0.0,0.0,0.0
p53065,coal,0.0,0.0,0.0,0.0,0.0
p53065,gas,0.0,0.0,0.0,0.0,0.0
p53065,geothermal,0.0,0.0,0.0,0.0,0.0
p53065,h2,0.0,0.0,0.0,0.0,0.0
p53065,hydro,0.0,0.0,0.0,0.0,0.0
p53065,nuclear,0.0,0.0,0.0,0.0,0.0
p53065,pumped-hydro,0.0,0.0,0.0,0.0,0.0
p53065,pv,5.0,5.0,5.0,5.0,5.0
p53065,wind-ofs,0.0,0.0,0.0,0.0,0.0
p53065,wind-ons,0.0,0.0,0.0,0.0,0.0
p53067,battery,594.0,594.0,594.0,594.0,594.0
p53067,biomass,0.0,0.0,0.0,0.0,0.0
p53067,coal,0.0,0.0,0.0,0.0,0.0
p53067,gas,0.0,0.0,0.0,0.0,0.0
p53067,geothermal,0.0,0.0,0.0,0.0,0.0
p53067,h2,0.0,0.0,0.0,0.0,0.0
p53067,hydro,0.0,0.0,0.0,0.0,0.0
p53067,nuclear,0.0,0.0,0.0,0.0,0.0
p53067,pumped-hydro,0.0,0.0,0.0,0.0,0.0
p53067,pv,300.0,300.0,300.0,300.0,300.0
p53067,wind-ofs,0.0,0.0,0.0,0.0,0.0
p53067,wind-ons,300.0,300.0,300.0,300.0,300.0
p53071,battery,709.0,709.0,709.0,709.0,709.0
p53071,biomass,0.0,0.0,0.0,0.0,0.0
p53071,coal,0.0,0.0,0.0,0.0,0.0
p53071,gas,0.0,0.0,0.0,0.0,0.0
p53071,geothermal,0.0,0.0,0.0,0.0,0.0
p53071,h2,0.0,0.0,0.0,0.0,0.0
p53071,hydro,210.0,210.0,210.0,210.0,210.0
p53071,nuclear,0.0,0.0,0.0,0.0,0.0
p53071,pumped-hydro,0.0,0.0,0.0,0.0,0.0
p53071,pv,1122.0,1122.0,1122.0,1122.0,1122.0
p53071,wind-ofs,0.0,0.0,0.0,0.0,0.0
p53071,wind-ons,600.0,600.0,600.0,600.0,600.0
p53073,battery,400.0,400.0,400.0,400.0,400.0
p53073,biomass,0.0,0.0,0.0,0.0,0.0
p53073,coal,0.0,0.0,0.0,0.0,0.0
p53073,gas,188.0,188.0,188.0,188.0,188.0
p53073,geothermal,0.0,0.0,0.0,0.0,0.0
p53073,h2,0.0,0.0,0.0,0.0,0.0
p53073,hydro,0.0,0.0,0.0,0.0,0.0
p53073,nuclear,0.0,0.0,0.0,0.0,0.0
p53073,pumped-hydro,0.0,0.0,0.0,0.0,0.0
p53073,pv,0.0,0.0,0.0,0.0,0.0
p53073,wind-ofs,0.0,0.0,0.0,0.0,0.0
p53073,wind-ons,0.0,0.0,0.0,0.0,0.0
p53075,battery,0.0,0.0,0.0,0.0,0.0
p53075,biomass,0.0,0.0,0.0,0.0,0.0
p53075,coal,0.0,0.0,0.0,0.0,0.0
p53075,gas,0.0,0.0,0.0,0.0,0.0
p53075,geothermal,0.0,0.0,0.0,0.0,0.0
p53075,h2,0.0,0.0,0.0,0.0,0.0
p53075,hydro,0.0,0.0,0.0,0.0,0.0
p53075,nuclear,0.0,0.0,0.0,0.0,0.0
p53075,pumped-hydro,0.0,0.0,0.0,0.0,0.0
p53075,pv,205.0,205.0,205.0,205.0,205.0
p53075,wind-ofs,0.0,0.0,0.0,0.0,0.0
p53075,wind-ons,511.8,511.8,511.8,511.8,511.8
p53077,battery,422.0,422.0,422.0,422.0,422.0
p53077,biomass,0.0,0.0,0.0,0.0,0.0
p53077,coal,0.0,0.0,0.0,0.0,0.0
p53077,gas,0.0,0.0,0.0,0.0,0.0
p53077,geothermal,0.0,0.0,0.0,0.0,0.0
p53077,h2,0.0,0.0,0.0,0.0,0.0
p53077,hydro,0.0,0.0,0.0,0.0,0.0
p53077,nuclear,0.0,0.0,0.0,0.0,0.0
p53077,pumped-hydro,600.0,600.0,600.0,600.0,600.0
p53077,pv,829.89,829.89,829.89,829.89,829.89
p53077,wind-ofs,0.0,0.0,0.0,0.0,0.0
p53077,wind-ons,0.0,0.0,0.0,0.0,0.0
p54001,battery,0.0,0.0,0.0,0.0,0.0
p54001,biomass,0.0,0.0,0.0,0.0,0.0
p54001,coal,0.0,0.0,0.0,0.0,0.0
p54001,gas,0.0,0.0,0.0,0.0,0.0
p54001,geothermal,0.0,0.0,0.0,0.0,0.0
p54001,h2,0.0,0.0,0.0,0.0,0.0
p54001,hydro,0.0,0.0,0.0,0.0,0.0
p54001,nuclear,0.0,0.0,0.0,0.0,0.0
p54001,pumped-hydro,0.0,0.0,0.0,0.0,0.0
p54001,pv,80.0,80.0,80.0,80.0,80.0
p54001,wind-ofs,0.0,0.0,0.0,0.0,0.0
p54001,wind-ons,207.6,207.6,207.6,207.6,207.6
p54003,battery,0.0,0.0,0.0,0.0,0.0
p54003,biomass,0.0,0.0,0.0,0.0,0.0
p54003,coal,0.0,0.0,0.0,0.0,0.0
p54003,gas,0.0,0.0,0.0,0.0,0.0
p54003,geothermal,0.0,0.0,0.0,0.0,0.0
p54003,h2,0.0,0.0,0.0,0.0,0.0
p54003,hydro,0.0,0.0,0.0,0.0,0.0
p54003,nuclear,0.0,0.0,0.0,0.0,0.0
p54003,pumped-hydro,0.0,0.0,0.0,0.0,0.0
p54003,pv,5.75,5.75,5.75,5.75,5.75
p54003,wind-ofs,0.0,0.0,0.0,0.0,0.0
p54003,wind-ons,0.0,0.0,0.0,0.0,0.0
p54017,battery,0.0,0.0,0.0,0.0,0.0
p54017,biomass,0.0,0.0,0.0,0.0,0.0
p54017,coal,0.0,0.0,0.0,0.0,0.0
p54017,gas,2100.0,2100.0,2100.0,2100.0,2100.0
p54017,geothermal,0.0,0.0,0.0,0.0,0.0
p54017,h2,0.0,0.0,0.0,0.0,0.0
p54017,hydro,0.0,0.0,0.0,0.0,0.0
p54017,nuclear,0.0,0.0,0.0,0.0,0.0
p54017,pumped-hydro,0.0,0.0,0.0,0.0,0.0
p54017,pv,0.0,0.0,0.0,0.0,0.0
p54017,wind-ofs,0.0,0.0,0.0,0.0,0.0
p54017,wind-ons,0.0,0.0,0.0,0.0,0.0
p54019,battery,0.0,0.0,0.0,0.0,0.0
p54019,biomass,0.0,0.0,0.0,0.0,0.0
p54019,coal,0.0,0.0,0.0,0.0,0.0
p54019,gas,0.0,0.0,0.0,0.0,0.0
p54019,geothermal,0.0,0.0,0.0,0.0,0.0
p54019,h2,0.0,0.0,0.0,0.0,0.0
p54019,hydro,51.0,51.0,51.0,51.0,51.0
p54019,nuclear,0.0,0.0,0.0,0.0,0.0
p54019,pumped-hydro,0.0,0.0,0.0,0.0,0.0
p54019,pv,146.2,146.2,146.2,146.2,146.2
p54019,wind-ofs,0.0,0.0,0.0,0.0,0.0
p54019,wind-ons,0.0,0.0,0.0,0.0,0.0
p54023,battery,285.0,285.0,285.0,285.0,285.0
p54023,biomass,0.0,0.0,0.0,0.0,0.0
p54023,coal,0.0,0.0,0.0,0.0,0.0
p54023,gas,0.0,0.0,0.0,0.0,0.0
p54023,geothermal,0.0,0.0,0.0,0.0,0.0
p54023,h2,0.0,0.0,0.0,0.0,0.0
p54023,hydro,0.0,0.0,0.0,0.0,0.0
p54023,nuclear,0.0,0.0,0.0,0.0,0.0
p54023,pumped-hydro,0.0,0.0,0.0,0.0,0.0
p54023,pv,1495.0,1495.0,1495.0,1495.0,1495.0
p54023,wind-ofs,0.0,0.0,0.0,0.0,0.0
p54023,wind-ons,366.7,366.7,366.7,366.7,366.7
p54025,battery,0.0,0.0,0.0,0.0,0.0
p54025,biomass,0.0,0.0,0.0,0.0,0.0
p54025,coal,0.0,0.0,0.0,0.0,0.0
p54025,gas,0.0,0.0,0.0,0.0,0.0
p54025,geothermal,0.0,0.0,0.0,0.0,0.0
p54025,h2,0.0,0.0,0.0,0.0,0.0
p54025,hydro,0.0,0.0,0.0,0.0,0.0
p54025,nuclear,0.0,0.0,0.0,0.0,0.0
p54025,pumped-hydro,0.0,0.0,0.0,0.0,0.0
p54025,pv,28.0,28.0,28.0,28.0,28.0
p54025,wind-ofs,0.0,0.0,0.0,0.0,0.0
p54025,wind-ons,0.0,0.0,0.0,0.0,0.0
p54027,battery,0.0,0.0,0.0,0.0,0.0
p54027,biomass,0.0,0.0,0.0,0.0,0.0
p54027,coal,0.0,0.0,0.0,0.0,0.0
p54027,gas,0.0,0.0,0.0,0.0,0.0
p54027,geothermal,0.0,0.0,0.0,0.0,0.0
p54027,h2,0.0,0.0,0.0,0.0,0.0
p54027,hydro,0.0,0.0,0.0,0.0,0.0
p54027,nuclear,0.0,0.0,0.0,0.0,0.0
p54027,pumped-hydro,0.0,0.0,0.0,0.0,0.0
p54027,pv,0.0,0.0,0.0,0.0,0.0
p54027,wind-ofs,0.0,0.0,0.0,0.0,0.0
p54027,wind-ons,150.0,150.0,150.0,150.0,150.0
p54029,battery,0.0,0.0,0.0,0.0,0.0
p54029,biomass,0.0,0.0,0.0,0.0,0.0
p54029,coal,0.0,0.0,0.0,0.0,0.0
p54029,gas,0.0,0.0,0.0,0.0,0.0
p54029,geothermal,0.0,0.0,0.0,0.0,0.0
p54029,h2,0.0,0.0,0.0,0.0,0.0
p54029,hydro,0.0,0.0,0.0,0.0,0.0
p54029,nuclear,0.0,0.0,0.0,0.0,0.0
p54029,pumped-hydro,0.0,0.0,0.0,0.0,0.0
p54029,pv,10.75,10.75,10.75,10.75,10.75
p54029,wind-ofs,0.0,0.0,0.0,0.0,0.0
p54029,wind-ons,0.0,0.0,0.0,0.0,0.0
p54031,battery,0.0,0.0,0.0,0.0,0.0
p54031,biomass,0.0,0.0,0.0,0.0,0.0
p54031,coal,0.0,0.0,0.0,0.0,0.0
p54031,gas,0.0,0.0,0.0,0.0,0.0
p54031,geothermal,0.0,0.0,0.0,0.0,0.0
p54031,h2,0.0,0.0,0.0,0.0,0.0
p54031,hydro,0.0,0.0,0.0,0.0,0.0
p54031,nuclear,0.0,0.0,0.0,0.0,0.0
p54031,pumped-hydro,0.0,0.0,0.0,0.0,0.0
p54031,pv,862.5,862.5,862.5,862.5,862.5
p54031,wind-ofs,0.0,0.0,0.0,0.0,0.0
p54031,wind-ons,29.84,29.84,29.84,29.84,29.84
p54033,battery,0.0,0.0,0.0,0.0,0.0
p54033,biomass,0.0,0.0,0.0,0.0,0.0
p54033,coal,0.0,0.0,0.0,0.0,0.0
p54033,gas,1250.0,1250.0,1250.0,1250.0,1250.0
p54033,geothermal,0.0,0.0,0.0,0.0,0.0
p54033,h2,0.0,0.0,0.0,0.0,0.0
p54033,hydro,0.0,0.0,0.0,0.0,0.0
p54033,nuclear,0.0,0.0,0.0,0.0,0.0
p54033,pumped-hydro,0.0,0.0,0.0,0.0,0.0
p54033,pv,0.0,0.0,0.0,0.0,0.0
p54033,wind-ofs,0.0,0.0,0.0,0.0,0.0
p54033,wind-ons,0.0,0.0,0.0,0.0,0.0
p54037,battery,30.0,30.0,30.0,30.0,30.0
p54037,biomass,0.0,0.0,0.0,0.0,0.0
p54037,coal,0.0,0.0,0.0,0.0,0.0
p54037,gas,0.0,0.0,0.0,0.0,0.0
p54037,geothermal,0.0,0.0,0.0,0.0,0.0
p54037,h2,0.0,0.0,0.0,0.0,0.0
p54037,hydro,0.0,0.0,0.0,0.0,0.0
p54037,nuclear,0.0,0.0,0.0,0.0,0.0
p54037,pumped-hydro,0.0,0.0,0.0,0.0,0.0
p54037,pv,608.0,608.0,608.0,608.0,608.0
p54037,wind-ofs,0.0,0.0,0.0,0.0,0.0
p54037,wind-ons,0.0,0.0,0.0,0.0,0.0
p54039,battery,164.6,164.6,164.6,164.6,164.6
p54039,biomass,0.0,0.0,0.0,0.0,0.0
p54039,coal,0.0,0.0,0.0,0.0,0.0
p54039,gas,0.0,0.0,0.0,0.0,0.0
p54039,geothermal,0.0,0.0,0.0,0.0,0.0
p54039,h2,0.0,0.0,0.0,0.0,0.0
p54039,hydro,0.0,0.0,0.0,0.0,0.0
p54039,nuclear,0.0,0.0,0.0,0.0,0.0
p54039,pumped-hydro,0.0,0.0,0.0,0.0,0.0
p54039,pv,295.0,295.0,295.0,295.0,295.0
p54039,wind-ofs,0.0,0.0,0.0,0.0,0.0
p54039,wind-ons,0.0,0.0,0.0,0.0,0.0
p54049,battery,0.0,0.0,0.0,0.0,0.0
p54049,biomass,0.0,0.0,0.0,0.0,0.0
p54049,coal,0.0,0.0,0.0,0.0,0.0
p54049,gas,40.0,40.0,40.0,40.0,40.0
p54049,geothermal,0.0,0.0,0.0,0.0,0.0
p54049,h2,0.0,0.0,0.0,0.0,0.0
p54049,hydro,0.0,0.0,0.0,0.0,0.0
p54049,nuclear,0.0,0.0,0.0,0.0,0.0
p54049,pumped-hydro,0.0,0.0,0.0,0.0,0.0
p54049,pv,5.5,5.5,5.5,5.5,5.5
p54049,wind-ofs,0.0,0.0,0.0,0.0,0.0
p54049,wind-ons,0.0,0.0,0.0,0.0,0.0
p54053,battery,0.0,0.0,0.0,0.0,0.0
p54053,biomass,0.0,0.0,0.0,0.0,0.0
p54053,coal,0.0,0.0,0.0,0.0,0.0
p54053,gas,0.0,0.0,0.0,0.0,0.0
p54053,geothermal,0.0,0.0,0.0,0.0,0.0
p54053,h2,0.0,0.0,0.0,0.0,0.0
p54053,hydro,0.0,0.0,0.0,0.0,0.0
p54053,nuclear,0.0,0.0,0.0,0.0,0.0
p54053,pumped-hydro,0.0,0.0,0.0,0.0,0.0
p54053,pv,398.0,398.0,398.0,398.0,398.0
p54053,wind-ofs,0.0,0.0,0.0,0.0,0.0
p54053,wind-ons,0.0,0.0,0.0,0.0,0.0
p54057,battery,0.0,0.0,0.0,0.0,0.0
p54057,biomass,0.0,0.0,0.0,0.0,0.0
p54057,coal,0.0,0.0,0.0,0.0,0.0
p54057,gas,0.0,0.0,0.0,0.0,0.0
p54057,geothermal,0.0,0.0,0.0,0.0,0.0
p54057,h2,0.0,0.0,0.0,0.0,0.0
p54057,hydro,0.0,0.0,0.0,0.0,0.0
p54057,nuclear,0.0,0.0,0.0,0.0,0.0
p54057,pumped-hydro,0.0,0.0,0.0,0.0,0.0
p54057,pv,150.0,150.0,150.0,150.0,150.0
p54057,wind-ofs,0.0,0.0,0.0,0.0,0.0
p54057,wind-ons,59.0,59.0,59.0,59.0,59.0
p54059,battery,0.0,0.0,0.0,0.0,0.0
p54059,biomass,0.0,0.0,0.0,0.0,0.0
p54059,coal,0.0,0.0,0.0,0.0,0.0
p54059,gas,0.0,0.0,0.0,0.0,0.0
p54059,geothermal,0.0,0.0,0.0,0.0,0.0
p54059,h2,0.0,0.0,0.0,0.0,0.0
p54059,hydro,0.0,0.0,0.0,0.0,0.0
p54059,nuclear,0.0,0.0,0.0,0.0,0.0
p54059,pumped-hydro,0.0,0.0,0.0,0.0,0.0
p54059,pv,185.0,185.0,185.0,185.0,185.0
p54059,wind-ofs,0.0,0.0,0.0,0.0,0.0
p54059,wind-ons,0.0,0.0,0.0,0.0,0.0
p54061,battery,0.0,0.0,0.0,0.0,0.0
p54061,biomass,0.0,0.0,0.0,0.0,0.0
p54061,coal,0.0,0.0,0.0,0.0,0.0
p54061,gas,100.0,100.0,100.0,100.0,100.0
p54061,geothermal,0.0,0.0,0.0,0.0,0.0
p54061,h2,0.0,0.0,0.0,0.0,0.0
p54061,hydro,0.0,0.0,0.0,0.0,0.0
p54061,nuclear,0.0,0.0,0.0,0.0,0.0
p54061,pumped-hydro,0.0,0.0,0.0,0.0,0.0
p54061,pv,18.89,18.89,18.89,18.89,18.89
p54061,wind-ofs,0.0,0.0,0.0,0.0,0.0
p54061,wind-ons,0.0,0.0,0.0,0.0,0.0
p54067,battery,32.3,32.3,32.3,32.3,32.3
p54067,biomass,0.0,0.0,0.0,0.0,0.0
p54067,coal,0.0,0.0,0.0,0.0,0.0
p54067,gas,0.0,0.0,0.0,0.0,0.0
p54067,geothermal,0.0,0.0,0.0,0.0,0.0
p54067,h2,0.0,0.0,0.0,0.0,0.0
p54067,hydro,0.0,0.0,0.0,0.0,0.0
p54067,nuclear,0.0,0.0,0.0,0.0,0.0
p54067,pumped-hydro,0.0,0.0,0.0,0.0,0.0
p54067,pv,500.0,500.0,500.0,500.0,500.0
p54067,wind-ofs,0.0,0.0,0.0,0.0,0.0
p54067,wind-ons,0.0,0.0,0.0,0.0,0.0
p54071,battery,0.0,0.0,0.0,0.0,0.0
p54071,biomass,0.0,0.0,0.0,0.0,0.0
p54071,coal,0.0,0.0,0.0,0.0,0.0
p54071,gas,0.0,0.0,0.0,0.0,0.0
p54071,geothermal,0.0,0.0,0.0,0.0,0.0
p54071,h2,0.0,0.0,0.0,0.0,0.0
p54071,hydro,0.0,0.0,0.0,0.0,0.0
p54071,nuclear,0.0,0.0,0.0,0.0,0.0
p54071,pumped-hydro,0.0,0.0,0.0,0.0,0.0
p54071,pv,0.0,0.0,0.0,0.0,0.0
p54071,wind-ofs,0.0,0.0,0.0,0.0,0.0
p54071,wind-ons,191.5,191.5,191.5,191.5,191.5
p54077,battery,28.0,28.0,28.0,28.0,28.0
p54077,biomass,0.0,0.0,0.0,0.0,0.0
p54077,coal,0.0,0.0,0.0,0.0,0.0
p54077,gas,0.0,0.0,0.0,0.0,0.0
p54077,geothermal,0.0,0.0,0.0,0.0,0.0
p54077,h2,0.0,0.0,0.0,0.0,0.0
p54077,hydro,0.0,0.0,0.0,0.0,0.0
p54077,nuclear,0.0,0.0,0.0,0.0,0.0
p54077,pumped-hydro,0.0,0.0,0.0,0.0,0.0
p54077,pv,330.54999999999995,330.54999999999995,330.54999999999995,330.54999999999995,330.54999999999995
p54077,wind-ofs,0.0,0.0,0.0,0.0,0.0
p54077,wind-ons,0.0,0.0,0.0,0.0,0.0
p54083,battery,0.0,0.0,0.0,0.0,0.0
p54083,biomass,0.0,0.0,0.0,0.0,0.0
p54083,coal,0.0,0.0,0.0,0.0,0.0
p54083,gas,0.0,0.0,0.0,0.0,0.0
p54083,geothermal,0.0,0.0,0.0,0.0,0.0
p54083,h2,0.0,0.0,0.0,0.0,0.0
p54083,hydro,0.0,0.0,0.0,0.0,0.0
p54083,nuclear,0.0,0.0,0.0,0.0,0.0
p54083,pumped-hydro,0.0,0.0,0.0,0.0,0.0
p54083,pv,0.0,0.0,0.0,0.0,0.0
p54083,wind-ofs,0.0,0.0,0.0,0.0,0.0
p54083,wind-ons,155.9,155.9,155.9,155.9,155.9
p54093,battery,0.0,0.0,0.0,0.0,0.0
p54093,biomass,0.0,0.0,0.0,0.0,0.0
p54093,coal,0.0,0.0,0.0,0.0,0.0
p54093,gas,0.0,0.0,0.0,0.0,0.0
p54093,geothermal,0.0,0.0,0.0,0.0,0.0
p54093,h2,0.0,0.0,0.0,0.0,0.0
p54093,hydro,0.0,0.0,0.0,0.0,0.0
p54093,nuclear,0.0,0.0,0.0,0.0,0.0
p54093,pumped-hydro,0.0,0.0,0.0,0.0,0.0
p54093,pv,159.5,159.5,159.5,159.5,159.5
p54093,wind-ofs,0.0,0.0,0.0,0.0,0.0
p54093,wind-ons,0.0,0.0,0.0,0.0,0.0
p54101,battery,0.0,0.0,0.0,0.0,0.0
p54101,biomass,0.0,0.0,0.0,0.0,0.0
p54101,coal,0.0,0.0,0.0,0.0,0.0
p54101,gas,0.0,0.0,0.0,0.0,0.0
p54101,geothermal,0.0,0.0,0.0,0.0,0.0
p54101,h2,0.0,0.0,0.0,0.0,0.0
p54101,hydro,0.0,0.0,0.0,0.0,0.0
p54101,nuclear,0.0,0.0,0.0,0.0,0.0
p54101,pumped-hydro,0.0,0.0,0.0,0.0,0.0
p54101,pv,210.0,210.0,210.0,210.0,210.0
p54101,wind-ofs,0.0,0.0,0.0,0.0,0.0
p54101,wind-ons,0.0,0.0,0.0,0.0,0.0
p55001,battery,0.0,0.0,0.0,0.0,0.0
p55001,biomass,0.0,0.0,0.0,0.0,0.0
p55001,coal,0.0,0.0,0.0,0.0,0.0
p55001,gas,0.0,0.0,0.0,0.0,0.0
p55001,geothermal,0.0,0.0,0.0,0.0,0.0
p55001,h2,0.0,0.0,0.0,0.0,0.0
p55001,hydro,0.0,0.0,0.0,0.0,0.0
p55001,nuclear,0.0,0.0,0.0,0.0,0.0
p55001,pumped-hydro,0.0,0.0,0.0,0.0,0.0
p55001,pv,200.0,200.0,200.0,200.0,200.0
p55001,wind-ofs,0.0,0.0,0.0,0.0,0.0
p55001,wind-ons,0.0,0.0,0.0,0.0,0.0
p55005,battery,115.0,115.0,115.0,115.0,115.0
p55005,biomass,0.0,0.0,0.0,0.0,0.0
p55005,coal,0.0,0.0,0.0,0.0,0.0
p55005,gas,0.0,0.0,0.0,0.0,0.0
p55005,geothermal,0.0,0.0,0.0,0.0,0.0
p55005,h2,0.0,0.0,0.0,0.0,0.0
p55005,hydro,0.0,0.0,0.0,0.0,0.0
p55005,nuclear,0.0,0.0,0.0,0.0,0.0
p55005,pumped-hydro,0.0,0.0,0.0,0.0,0.0
p55005,pv,395.0,395.0,395.0,395.0,395.0
p55005,wind-ofs,0.0,0.0,0.0,0.0,0.0
p55005,wind-ons,0.0,0.0,0.0,0.0,0.0
p55009,battery,200.0,200.0,200.0,200.0,200.0
p55009,biomass,0.0,0.0,0.0,0.0,0.0
p55009,coal,0.0,0.0,0.0,0.0,0.0
p55009,gas,0.0,0.0,0.0,0.0,0.0
p55009,geothermal,0.0,0.0,0.0,0.0,0.0
p55009,h2,0.0,0.0,0.0,0.0,0.0
p55009,hydro,0.0,0.0,0.0,0.0,0.0
p55009,nuclear,0.0,0.0,0.0,0.0,0.0
p55009,pumped-hydro,0.0,0.0,0.0,0.0,0.0
p55009,pv,0.0,0.0,0.0,0.0,0.0
p55009,wind-ofs,0.0,0.0,0.0,0.0,0.0
p55009,wind-ons,0.0,0.0,0.0,0.0,0.0
p55011,battery,150.0,150.0,150.0,150.0,150.0
p55011,biomass,0.0,0.0,0.0,0.0,0.0
p55011,coal,0.0,0.0,0.0,0.0,0.0
p55011,gas,0.0,0.0,0.0,0.0,0.0
p55011,geothermal,0.0,0.0,0.0,0.0,0.0
p55011,h2,0.0,0.0,0.0,0.0,0.0
p55011,hydro,0.0,0.0,0.0,0.0,0.0
p55011,nuclear,0.0,0.0,0.0,0.0,0.0
p55011,pumped-hydro,0.0,0.0,0.0,0.0,0.0
p55011,pv,0.0,0.0,0.0,0.0,0.0
p55011,wind-ofs,0.0,0.0,0.0,0.0,0.0
p55011,wind-ons,0.0,0.0,0.0,0.0,0.0
p55015,battery,0.0,0.0,0.0,0.0,0.0
p55015,biomass,0.0,0.0,0.0,0.0,0.0
p55015,coal,0.0,0.0,0.0,0.0,0.0
p55015,gas,0.0,0.0,0.0,0.0,0.0
p55015,geothermal,0.0,0.0,0.0,0.0,0.0
p55015,h2,0.0,0.0,0.0,0.0,0.0
p55015,hydro,0.0,0.0,0.0,0.0,0.0
p55015,nuclear,0.0,0.0,0.0,0.0,0.0
p55015,pumped-hydro,0.0,0.0,0.0,0.0,0.0
p55015,pv,0.0,0.0,0.0,0.0,0.0
p55015,wind-ofs,0.0,0.0,0.0,0.0,0.0
p55015,wind-ons,150.0,150.0,150.0,150.0,150.0
p55019,battery,0.0,0.0,0.0,0.0,0.0
p55019,biomass,0.0,0.0,0.0,0.0,0.0
p55019,coal,0.0,0.0,0.0,0.0,0.0
p55019,gas,0.0,0.0,0.0,0.0,0.0
p55019,geothermal,0.0,0.0,0.0,0.0,0.0
p55019,h2,0.0,0.0,0.0,0.0,0.0
p55019,hydro,0.0,0.0,0.0,0.0,0.0
p55019,nuclear,0.0,0.0,0.0,0.0,0.0
p55019,pumped-hydro,0.0,0.0,0.0,0.0,0.0
p55019,pv,0.0,0.0,0.0,0.0,0.0
p55019,wind-ofs,0.0,0.0,0.0,0.0,0.0
p55019,wind-ons,208.0,208.0,208.0,208.0,208.0
p55021,battery,700.0,700.0,700.0,700.0,700.0
p55021,biomass,0.0,0.0,0.0,0.0,0.0
p55021,coal,0.0,0.0,0.0,0.0,0.0
p55021,gas,0.0,0.0,0.0,0.0,0.0
p55021,geothermal,0.0,0.0,0.0,0.0,0.0
p55021,h2,0.0,0.0,0.0,0.0,0.0
p55021,hydro,0.0,0.0,0.0,0.0,0.0
p55021,nuclear,0.0,0.0,0.0,0.0,0.0
p55021,pumped-hydro,0.0,0.0,0.0,0.0,0.0
p55021,pv,821.2,821.2,821.2,821.2,821.2
p55021,wind-ofs,0.0,0.0,0.0,0.0,0.0
p55021,wind-ons,250.0,250.0,250.0,250.0,250.0
p55025,battery,150.0,150.0,150.0,150.0,150.0
p55025,biomass,0.0,0.0,0.0,0.0,0.0
p55025,coal,0.0,0.0,0.0,0.0,0.0
p55025,gas,0.0,0.0,0.0,0.0,0.0
p55025,geothermal,0.0,0.0,0.0,0.0,0.0
p55025,h2,0.0,0.0,0.0,0.0,0.0
p55025,hydro,0.0,0.0,0.0,0.0,0.0
p55025,nuclear,0.0,0.0,0.0,0.0,0.0
p55025,pumped-hydro,0.0,0.0,0.0,0.0,0.0
p55025,pv,900.0,900.0,900.0,900.0,900.0
p55025,wind-ofs,0.0,0.0,0.0,0.0,0.0
p55025,wind-ons,0.0,0.0,0.0,0.0,0.0
p55027,battery,0.0,0.0,0.0,0.0,0.0
p55027,biomass,0.0,0.0,0.0,0.0,0.0
p55027,coal,0.0,0.0,0.0,0.0,0.0
p55027,gas,0.0,0.0,0.0,0.0,0.0
p55027,geothermal,0.0,0.0,0.0,0.0,0.0
p55027,h2,0.0,0.0,0.0,0.0,0.0
p55027,hydro,0.0,0.0,0.0,0.0,0.0
p55027,nuclear,0.0,0.0,0.0,0.0,0.0
p55027,pumped-hydro,0.0,0.0,0.0,0.0,0.0
p55027,pv,200.0,200.0,200.0,200.0,200.0
p55027,wind-ofs,0.0,0.0,0.0,0.0,0.0
p55027,wind-ons,0.0,0.0,0.0,0.0,0.0
p55031,battery,0.0,0.0,0.0,0.0,0.0
p55031,biomass,0.0,0.0,0.0,0.0,0.0
p55031,coal,0.0,0.0,0.0,0.0,0.0
p55031,gas,1123.0,1123.0,1123.0,1123.0,1123.0
p55031,geothermal,0.0,0.0,0.0,0.0,0.0
p55031,h2,0.0,0.0,0.0,0.0,0.0
p55031,hydro,0.0,0.0,0.0,0.0,0.0
p55031,nuclear,0.0,0.0,0.0,0.0,0.0
p55031,pumped-hydro,0.0,0.0,0.0,0.0,0.0
p55031,pv,0.0,0.0,0.0,0.0,0.0
p55031,wind-ofs,0.0,0.0,0.0,0.0,0.0
p55031,wind-ons,0.0,0.0,0.0,0.0,0.0
p55033,battery,0.0,0.0,0.0,0.0,0.0
p55033,biomass,0.0,0.0,0.0,0.0,0.0
p55033,coal,0.0,0.0,0.0,0.0,0.0
p55033,gas,0.0,0.0,0.0,0.0,0.0
p55033,geothermal,0.0,0.0,0.0,0.0,0.0
p55033,h2,0.0,0.0,0.0,0.0,0.0
p55033,hydro,0.0,0.0,0.0,0.0,0.0
p55033,nuclear,0.0,0.0,0.0,0.0,0.0
p55033,pumped-hydro,0.0,0.0,0.0,0.0,0.0
p55033,pv,600.0,600.0,600.0,600.0,600.0
p55033,wind-ofs,0.0,0.0,0.0,0.0,0.0
p55033,wind-ons,0.0,0.0,0.0,0.0,0.0
p55039,battery,100.0,100.0,100.0,100.0,100.0
p55039,biomass,0.0,0.0,0.0,0.0,0.0
p55039,coal,0.0,0.0,0.0,0.0,0.0
p55039,gas,0.0,0.0,0.0,0.0,0.0
p55039,geothermal,0.0,0.0,0.0,0.0,0.0
p55039,h2,0.0,0.0,0.0,0.0,0.0
p55039,hydro,0.0,0.0,0.0,0.0,0.0
p55039,nuclear,0.0,0.0,0.0,0.0,0.0
p55039,pumped-hydro,0.0,0.0,0.0,0.0,0.0
p55039,pv,50.0,50.0,50.0,50.0,50.0
p55039,wind-ofs,0.0,0.0,0.0,0.0,0.0
p55039,wind-ons,0.0,0.0,0.0,0.0,0.0
p55043,battery,0.0,0.0,0.0,0.0,0.0
p55043,biomass,0.0,0.0,0.0,0.0,0.0
p55043,coal,0.0,0.0,0.0,0.0,0.0
p55043,gas,0.0,0.0,0.0,0.0,0.0
p55043,geothermal,0.0,0.0,0.0,0.0,0.0
p55043,h2,0.0,0.0,0.0,0.0,0.0
p55043,hydro,0.0,0.0,0.0,0.0,0.0
p55043,nuclear,0.0,0.0,0.0,0.0,0.0
p55043,pumped-hydro,0.0,0.0,0.0,0.0,0.0
p55043,pv,200.0,200.0,200.0,200.0,200.0
p55043,wind-ofs,0.0,0.0,0.0,0.0,0.0
p55043,wind-ons,390.0,390.0,390.0,390.0,390.0
p55045,battery,0.0,0.0,0.0,0.0,0.0
p55045,biomass,0.0,0.0,0.0,0.0,0.0
p55045,coal,0.0,0.0,0.0,0.0,0.0
p55045,gas,0.0,0.0,0.0,0.0,0.0
p55045,geothermal,0.0,0.0,0.0,0.0,0.0
p55045,h2,0.0,0.0,0.0,0.0,0.0
p55045,hydro,0.0,0.0,0.0,0.0,0.0
p55045,nuclear,0.0,0.0,0.0,0.0,0.0
p55045,pumped-hydro,0.0,0.0,0.0,0.0,0.0
p55045,pv,100.0,100.0,100.0,100.0,100.0
p55045,wind-ofs,0.0,0.0,0.0,0.0,0.0
p55045,wind-ons,0.0,0.0,0.0,0.0,0.0
p55049,battery,0.0,0.0,0.0,0.0,0.0
p55049,biomass,0.0,0.0,0.0,0.0,0.0
p55049,coal,0.0,0.0,0.0,0.0,0.0
p55049,gas,160.0,160.0,160.0,160.0,160.0
p55049,geothermal,0.0,0.0,0.0,0.0,0.0
p55049,h2,0.0,0.0,0.0,0.0,0.0
p55049,hydro,0.0,0.0,0.0,0.0,0.0
p55049,nuclear,0.0,0.0,0.0,0.0,0.0
p55049,pumped-hydro,0.0,0.0,0.0,0.0,0.0
p55049,pv,0.0,0.0,0.0,0.0,0.0
p55049,wind-ofs,0.0,0.0,0.0,0.0,0.0
p55049,wind-ons,439.0,439.0,439.0,439.0,439.0
p55053,battery,0.0,0.0,0.0,0.0,0.0
p55053,biomass,0.0,0.0,0.0,0.0,0.0
p55053,coal,0.0,0.0,0.0,0.0,0.0
p55053,gas,0.0,0.0,0.0,0.0,0.0
p55053,geothermal,0.0,0.0,0.0,0.0,0.0
p55053,h2,0.0,0.0,0.0,0.0,0.0
p55053,hydro,0.0,0.0,0.0,0.0,0.0
p55053,nuclear,0.0,0.0,0.0,0.0,0.0
p55053,pumped-hydro,0.0,0.0,0.0,0.0,0.0
p55053,pv,46.2,46.2,46.2,46.2,46.2
p55053,wind-ofs,0.0,0.0,0.0,0.0,0.0
p55053,wind-ons,0.0,0.0,0.0,0.0,0.0
p55055,battery,0.0,0.0,0.0,0.0,0.0
p55055,biomass,0.0,0.0,0.0,0.0,0.0
p55055,coal,0.0,0.0,0.0,0.0,0.0
p55055,gas,0.0,0.0,0.0,0.0,0.0
p55055,geothermal,0.0,0.0,0.0,0.0,0.0
p55055,h2,0.0,0.0,0.0,0.0,0.0
p55055,hydro,0.0,0.0,0.0,0.0,0.0
p55055,nuclear,0.0,0.0,0.0,0.0,0.0
p55055,pumped-hydro,0.0,0.0,0.0,0.0,0.0
p55055,pv,448.0,448.0,448.0,448.0,448.0
p55055,wind-ofs,0.0,0.0,0.0,0.0,0.0
p55055,wind-ons,0.0,0.0,0.0,0.0,0.0
p55057,battery,200.0,200.0,200.0,200.0,200.0
p55057,biomass,0.0,0.0,0.0,0.0,0.0
p55057,coal,0.0,0.0,0.0,0.0,0.0
p55057,gas,0.0,0.0,0.0,0.0,0.0
p55057,geothermal,0.0,0.0,0.0,0.0,0.0
p55057,h2,0.0,0.0,0.0,0.0,0.0
p55057,hydro,0.0,0.0,0.0,0.0,0.0
p55057,nuclear,0.0,0.0,0.0,0.0,0.0
p55057,pumped-hydro,0.0,0.0,0.0,0.0,0.0
p55057,pv,225.0,225.0,225.0,225.0,225.0
p55057,wind-ofs,0.0,0.0,0.0,0.0,0.0
p55057,wind-ons,0.0,0.0,0.0,0.0,0.0
p55059,battery,400.0,400.0,400.0,400.0,400.0
p55059,biomass,0.0,0.0,0.0,0.0,0.0
p55059,coal,0.0,0.0,0.0,0.0,0.0
p55059,gas,705.0,705.0,705.0,705.0,705.0
p55059,geothermal,0.0,0.0,0.0,0.0,0.0
p55059,h2,0.0,0.0,0.0,0.0,0.0
p55059,hydro,0.0,0.0,0.0,0.0,0.0
p55059,nuclear,0.0,0.0,0.0,0.0,0.0
p55059,pumped-hydro,0.0,0.0,0.0,0.0,0.0
p55059,pv,400.0,400.0,400.0,400.0,400.0
p55059,wind-ofs,0.0,0.0,0.0,0.0,0.0
p55059,wind-ons,0.0,0.0,0.0,0.0,0.0
p55063,battery,92.0,92.0,92.0,92.0,92.0
p55063,biomass,0.0,0.0,0.0,0.0,0.0
p55063,coal,0.0,0.0,0.0,0.0,0.0
p55063,gas,0.0,0.0,0.0,0.0,0.0
p55063,geothermal,0.0,0.0,0.0,0.0,0.0
p55063,h2,0.0,0.0,0.0,0.0,0.0
p55063,hydro,0.0,0.0,0.0,0.0,0.0
p55063,nuclear,0.0,0.0,0.0,0.0,0.0
p55063,pumped-hydro,0.0,0.0,0.0,0.0,0.0
p55063,pv,0.0,0.0,0.0,0.0,0.0
p55063,wind-ofs,0.0,0.0,0.0,0.0,0.0
p55063,wind-ons,0.0,0.0,0.0,0.0,0.0
p55065,battery,0.0,0.0,0.0,0.0,0.0
p55065,biomass,0.0,0.0,0.0,0.0,0.0
p55065,coal,0.0,0.0,0.0,0.0,0.0
p55065,gas,0.0,0.0,0.0,0.0,0.0
p55065,geothermal,0.0,0.0,0.0,0.0,0.0
p55065,h2,0.0,0.0,0.0,0.0,0.0
p55065,hydro,0.0,0.0,0.0,0.0,0.0
p55065,nuclear,0.0,0.0,0.0,0.0,0.0
p55065,pumped-hydro,0.0,0.0,0.0,0.0,0.0
p55065,pv,0.0,0.0,0.0,0.0,0.0
p55065,wind-ofs,0.0,0.0,0.0,0.0,0.0
p55065,wind-ons,300.0,300.0,300.0,300.0,300.0
p55071,battery,40.0,40.0,40.0,40.0,40.0
p55071,biomass,0.0,0.0,0.0,0.0,0.0
p55071,coal,0.0,0.0,0.0,0.0,0.0
p55071,gas,0.0,0.0,0.0,0.0,0.0
p55071,geothermal,0.0,0.0,0.0,0.0,0.0
p55071,h2,0.0,0.0,0.0,0.0,0.0
p55071,hydro,0.0,0.0,0.0,0.0,0.0
p55071,nuclear,0.0,0.0,0.0,0.0,0.0
p55071,pumped-hydro,0.0,0.0,0.0,0.0,0.0
p55071,pv,0.0,0.0,0.0,0.0,0.0
p55071,wind-ofs,0.0,0.0,0.0,0.0,0.0
p55071,wind-ons,0.0,0.0,0.0,0.0,0.0
p55073,battery,50.0,50.0,50.0,50.0,50.0
p55073,biomass,0.0,0.0,0.0,0.0,0.0
p55073,coal,0.0,0.0,0.0,0.0,0.0
p55073,gas,0.0,0.0,0.0,0.0,0.0
p55073,geothermal,0.0,0.0,0.0,0.0,0.0
p55073,h2,0.0,0.0,0.0,0.0,0.0
p55073,hydro,0.0,0.0,0.0,0.0,0.0
p55073,nuclear,0.0,0.0,0.0,0.0,0.0
p55073,pumped-hydro,0.0,0.0,0.0,0.0,0.0
p55073,pv,0.0,0.0,0.0,0.0,0.0
p55073,wind-ofs,0.0,0.0,0.0,0.0,0.0
p55073,wind-ons,348.9,348.9,348.9,348.9,348.9
p55075,battery,0.0,0.0,0.0,0.0,0.0
p55075,biomass,0.0,0.0,0.0,0.0,0.0
p55075,coal,0.0,0.0,0.0,0.0,0.0
p55075,gas,0.0,0.0,0.0,0.0,0.0
p55075,geothermal,0.0,0.0,0.0,0.0,0.0
p55075,h2,0.0,0.0,0.0,0.0,0.0
p55075,hydro,0.0,0.0,0.0,0.0,0.0
p55075,nuclear,0.0,0.0,0.0,0.0,0.0
p55075,pumped-hydro,0.0,0.0,0.0,0.0,0.0
p55075,pv,65.0,65.0,65.0,65.0,65.0
p55075,wind-ofs,0.0,0.0,0.0,0.0,0.0
p55075,wind-ons,0.0,0.0,0.0,0.0,0.0
p55079,battery,300.0,300.0,300.0,300.0,300.0
p55079,biomass,0.0,0.0,0.0,0.0,0.0
p55079,coal,0.0,0.0,0.0,0.0,0.0
p55079,gas,1138.0,1138.0,1138.0,1138.0,1138.0
p55079,geothermal,0.0,0.0,0.0,0.0,0.0
p55079,h2,0.0,0.0,0.0,0.0,0.0
p55079,hydro,0.0,0.0,0.0,0.0,0.0
p55079,nuclear,0.0,0.0,0.0,0.0,0.0
p55079,pumped-hydro,0.0,0.0,0.0,0.0,0.0
p55079,pv,0.0,0.0,0.0,0.0,0.0
p55079,wind-ofs,0.0,0.0,0.0,0.0,0.0
p55079,wind-ons,0.0,0.0,0.0,0.0,0.0
p55083,battery,0.0,0.0,0.0,0.0,0.0
p55083,biomass,0.0,0.0,0.0,0.0,0.0
p55083,coal,0.0,0.0,0.0,0.0,0.0
p55083,gas,0.0,0.0,0.0,0.0,0.0
p55083,geothermal,0.0,0.0,0.0,0.0,0.0
p55083,h2,0.0,0.0,0.0,0.0,0.0
p55083,hydro,0.0,0.0,0.0,0.0,0.0
p55083,nuclear,0.0,0.0,0.0,0.0,0.0
p55083,pumped-hydro,0.0,0.0,0.0,0.0,0.0
p55083,pv,150.0,150.0,150.0,150.0,150.0
p55083,wind-ofs,0.0,0.0,0.0,0.0,0.0
p55083,wind-ons,0.0,0.0,0.0,0.0,0.0
p55087,battery,150.0,150.0,150.0,150.0,150.0
p55087,biomass,0.0,0.0,0.0,0.0,0.0
p55087,coal,0.0,0.0,0.0,0.0,0.0
p55087,gas,0.0,0.0,0.0,0.0,0.0
p55087,geothermal,0.0,0.0,0.0,0.0,0.0
p55087,h2,0.0,0.0,0.0,0.0,0.0
p55087,hydro,0.0,0.0,0.0,0.0,0.0
p55087,nuclear,0.0,0.0,0.0,0.0,0.0
p55087,pumped-hydro,0.0,0.0,0.0,0.0,0.0
p55087,pv,200.0,200.0,200.0,200.0,200.0
p55087,wind-ofs,0.0,0.0,0.0,0.0,0.0
p55087,wind-ons,0.0,0.0,0.0,0.0,0.0
p55089,battery,200.0,200.0,200.0,200.0,200.0
p55089,biomass,0.0,0.0,0.0,0.0,0.0
p55089,coal,0.0,0.0,0.0,0.0,0.0
p55089,gas,0.0,0.0,0.0,0.0,0.0
p55089,geothermal,0.0,0.0,0.0,0.0,0.0
p55089,h2,0.0,0.0,0.0,0.0,0.0
p55089,hydro,0.0,0.0,0.0,0.0,0.0
p55089,nuclear,0.0,0.0,0.0,0.0,0.0
p55089,pumped-hydro,0.0,0.0,0.0,0.0,0.0
p55089,pv,0.0,0.0,0.0,0.0,0.0
p55089,wind-ofs,0.0,0.0,0.0,0.0,0.0
p55089,wind-ons,0.0,0.0,0.0,0.0,0.0
p55093,battery,0.0,0.0,0.0,0.0,0.0
p55093,biomass,0.0,0.0,0.0,0.0,0.0
p55093,coal,0.0,0.0,0.0,0.0,0.0
p55093,gas,0.0,0.0,0.0,0.0,0.0
p55093,geothermal,0.0,0.0,0.0,0.0,0.0
p55093,h2,0.0,0.0,0.0,0.0,0.0
p55093,hydro,0.0,0.0,0.0,0.0,0.0
p55093,nuclear,0.0,0.0,0.0,0.0,0.0
p55093,pumped-hydro,0.0,0.0,0.0,0.0,0.0
p55093,pv,75.0,75.0,75.0,75.0,75.0
p55093,wind-ofs,0.0,0.0,0.0,0.0,0.0
p55093,wind-ons,0.0,0.0,0.0,0.0,0.0
p55095,battery,0.0,0.0,0.0,0.0,0.0
p55095,biomass,0.0,0.0,0.0,0.0,0.0
p55095,coal,0.0,0.0,0.0,0.0,0.0
p55095,gas,0.0,0.0,0.0,0.0,0.0
p55095,geothermal,0.0,0.0,0.0,0.0,0.0
p55095,h2,0.0,0.0,0.0,0.0,0.0
p55095,hydro,0.0,0.0,0.0,0.0,0.0
p55095,nuclear,0.0,0.0,0.0,0.0,0.0
p55095,pumped-hydro,0.0,0.0,0.0,0.0,0.0
p55095,pv,200.0,200.0,200.0,200.0,200.0
p55095,wind-ofs,0.0,0.0,0.0,0.0,0.0
p55095,wind-ons,0.0,0.0,0.0,0.0,0.0
p55097,battery,315.0,315.0,315.0,315.0,315.0
p55097,biomass,0.0,0.0,0.0,0.0,0.0
p55097,coal,0.0,0.0,0.0,0.0,0.0
p55097,gas,350.0,350.0,350.0,350.0,350.0
p55097,geothermal,0.0,0.0,0.0,0.0,0.0
p55097,h2,0.0,0.0,0.0,0.0,0.0
p55097,hydro,0.0,0.0,0.0,0.0,0.0
p55097,nuclear,0.0,0.0,0.0,0.0,0.0
p55097,pumped-hydro,0.0,0.0,0.0,0.0,0.0
p55097,pv,1755.19,1755.19,1755.19,1755.19,1755.19
p55097,wind-ofs,0.0,0.0,0.0,0.0,0.0
p55097,wind-ons,0.0,0.0,0.0,0.0,0.0
p55105,battery,100.0,100.0,100.0,100.0,100.0
p55105,biomass,0.0,0.0,0.0,0.0,0.0
p55105,coal,0.0,0.0,0.0,0.0,0.0
p55105,gas,305.0,305.0,305.0,305.0,305.0
p55105,geothermal,0.0,0.0,0.0,0.0,0.0
p55105,h2,0.0,0.0,0.0,0.0,0.0
p55105,hydro,0.0,0.0,0.0,0.0,0.0
p55105,nuclear,0.0,0.0,0.0,0.0,0.0
p55105,pumped-hydro,0.0,0.0,0.0,0.0,0.0
p55105,pv,548.56,548.56,548.56,548.56,548.56
p55105,wind-ofs,0.0,0.0,0.0,0.0,0.0
p55105,wind-ons,0.0,0.0,0.0,0.0,0.0
p55109,battery,115.0,115.0,115.0,115.0,115.0
p55109,biomass,0.0,0.0,0.0,0.0,0.0
p55109,coal,0.0,0.0,0.0,0.0,0.0
p55109,gas,0.0,0.0,0.0,0.0,0.0
p55109,geothermal,0.0,0.0,0.0,0.0,0.0
p55109,h2,0.0,0.0,0.0,0.0,0.0
p55109,hydro,0.0,0.0,0.0,0.0,0.0
p55109,nuclear,0.0,0.0,0.0,0.0,0.0
p55109,pumped-hydro,0.0,0.0,0.0,0.0,0.0
p55109,pv,551.28,551.28,551.28,551.28,551.28
p55109,wind-ofs,0.0,0.0,0.0,0.0,0.0
p55109,wind-ons,0.0,0.0,0.0,0.0,0.0
p55113,battery,0.0,0.0,0.0,0.0,0.0
p55113,biomass,0.0,0.0,0.0,0.0,0.0
p55113,coal,0.0,0.0,0.0,0.0,0.0
p55113,gas,0.0,0.0,0.0,0.0,0.0
p55113,geothermal,0.0,0.0,0.0,0.0,0.0
p55113,h2,0.0,0.0,0.0,0.0,0.0
p55113,hydro,0.0,0.0,0.0,0.0,0.0
p55113,nuclear,0.0,0.0,0.0,0.0,0.0
p55113,pumped-hydro,0.0,0.0,0.0,0.0,0.0
p55113,pv,243.6,243.6,243.6,243.6,243.6
p55113,wind-ofs,0.0,0.0,0.0,0.0,0.0
p55113,wind-ons,0.0,0.0,0.0,0.0,0.0
p55115,battery,100.0,100.0,100.0,100.0,100.0
p55115,biomass,0.0,0.0,0.0,0.0,0.0
p55115,coal,0.0,0.0,0.0,0.0,0.0
p55115,gas,0.0,0.0,0.0,0.0,0.0
p55115,geothermal,0.0,0.0,0.0,0.0,0.0
p55115,h2,0.0,0.0,0.0,0.0,0.0
p55115,hydro,0.0,0.0,0.0,0.0,0.0
p55115,nuclear,0.0,0.0,0.0,0.0,0.0
p55115,pumped-hydro,0.0,0.0,0.0,0.0,0.0
p55115,pv,95.0,95.0,95.0,95.0,95.0
p55115,wind-ofs,0.0,0.0,0.0,0.0,0.0
p55115,wind-ons,0.0,0.0,0.0,0.0,0.0
p55117,battery,100.0,100.0,100.0,100.0,100.0
p55117,biomass,0.0,0.0,0.0,0.0,0.0
p55117,coal,0.0,0.0,0.0,0.0,0.0
p55117,gas,150.0,150.0,150.0,150.0,150.0
p55117,geothermal,0.0,0.0,0.0,0.0,0.0
p55117,h2,0.0,0.0,0.0,0.0,0.0
p55117,hydro,0.0,0.0,0.0,0.0,0.0
p55117,nuclear,0.0,0.0,0.0,0.0,0.0
p55117,pumped-hydro,0.0,0.0,0.0,0.0,0.0
p55117,pv,175.0,175.0,175.0,175.0,175.0
p55117,wind-ofs,0.0,0.0,0.0,0.0,0.0
p55117,wind-ons,0.0,0.0,0.0,0.0,0.0
p55121,battery,125.0,125.0,125.0,125.0,125.0
p55121,biomass,0.0,0.0,0.0,0.0,0.0
p55121,coal,0.0,0.0,0.0,0.0,0.0
p55121,gas,0.0,0.0,0.0,0.0,0.0
p55121,geothermal,0.0,0.0,0.0,0.0,0.0
p55121,h2,0.0,0.0,0.0,0.0,0.0
p55121,hydro,0.0,0.0,0.0,0.0,0.0
p55121,nuclear,0.0,0.0,0.0,0.0,0.0
p55121,pumped-hydro,0.0,0.0,0.0,0.0,0.0
p55121,pv,437.43,437.43,437.43,437.43,437.43
p55121,wind-ofs,0.0,0.0,0.0,0.0,0.0
p55121,wind-ons,0.0,0.0,0.0,0.0,0.0
p55127,battery,0.0,0.0,0.0,0.0,0.0
p55127,biomass,0.0,0.0,0.0,0.0,0.0
p55127,coal,0.0,0.0,0.0,0.0,0.0
p55127,gas,0.0,0.0,0.0,0.0,0.0
p55127,geothermal,0.0,0.0,0.0,0.0,0.0
p55127,h2,0.0,0.0,0.0,0.0,0.0
p55127,hydro,0.0,0.0,0.0,0.0,0.0
p55127,nuclear,0.0,0.0,0.0,0.0,0.0
p55127,pumped-hydro,0.0,0.0,0.0,0.0,0.0
p55127,pv,100.0,100.0,100.0,100.0,100.0
p55127,wind-ofs,0.0,0.0,0.0,0.0,0.0
p55127,wind-ons,0.0,0.0,0.0,0.0,0.0
p55135,battery,0.0,0.0,0.0,0.0,0.0
p55135,biomass,0.0,0.0,0.0,0.0,0.0
p55135,coal,0.0,0.0,0.0,0.0,0.0
p55135,gas,0.0,0.0,0.0,0.0,0.0
p55135,geothermal,0.0,0.0,0.0,0.0,0.0
p55135,h2,0.0,0.0,0.0,0.0,0.0
p55135,hydro,0.0,0.0,0.0,0.0,0.0
p55135,nuclear,0.0,0.0,0.0,0.0,0.0
p55135,pumped-hydro,0.0,0.0,0.0,0.0,0.0
p55135,pv,300.0,300.0,300.0,300.0,300.0
p55135,wind-ofs,0.0,0.0,0.0,0.0,0.0
p55135,wind-ons,0.0,0.0,0.0,0.0,0.0
p55137,battery,0.0,0.0,0.0,0.0,0.0
p55137,biomass,0.0,0.0,0.0,0.0,0.0
p55137,coal,0.0,0.0,0.0,0.0,0.0
p55137,gas,0.0,0.0,0.0,0.0,0.0
p55137,geothermal,0.0,0.0,0.0,0.0,0.0
p55137,h2,0.0,0.0,0.0,0.0,0.0
p55137,hydro,0.0,0.0,0.0,0.0,0.0
p55137,nuclear,0.0,0.0,0.0,0.0,0.0
p55137,pumped-hydro,0.0,0.0,0.0,0.0,0.0
p55137,pv,180.0,180.0,180.0,180.0,180.0
p55137,wind-ofs,0.0,0.0,0.0,0.0,0.0
p55137,wind-ons,0.0,0.0,0.0,0.0,0.0
p55139,battery,0.0,0.0,0.0,0.0,0.0
p55139,biomass,0.0,0.0,0.0,0.0,0.0
p55139,coal,0.0,0.0,0.0,0.0,0.0
p55139,gas,150.0,150.0,150.0,150.0,150.0
p55139,geothermal,0.0,0.0,0.0,0.0,0.0
p55139,h2,0.0,0.0,0.0,0.0,0.0
p55139,hydro,0.0,0.0,0.0,0.0,0.0
p55139,nuclear,0.0,0.0,0.0,0.0,0.0
p55139,pumped-hydro,0.0,0.0,0.0,0.0,0.0
p55139,pv,200.0,200.0,200.0,200.0,200.0
p55139,wind-ofs,0.0,0.0,0.0,0.0,0.0
p55139,wind-ons,0.0,0.0,0.0,0.0,0.0
p55141,battery,100.0,100.0,100.0,100.0,100.0
p55141,biomass,0.0,0.0,0.0,0.0,0.0
p55141,coal,0.0,0.0,0.0,0.0,0.0
p55141,gas,0.0,0.0,0.0,0.0,0.0
p55141,geothermal,0.0,0.0,0.0,0.0,0.0
p55141,h2,0.0,0.0,0.0,0.0,0.0
p55141,hydro,0.0,0.0,0.0,0.0,0.0
p55141,nuclear,0.0,0.0,0.0,0.0,0.0
p55141,pumped-hydro,0.0,0.0,0.0,0.0,0.0
p55141,pv,540.26,540.26,540.26,540.26,540.26
p55141,wind-ofs,0.0,0.0,0.0,0.0,0.0
p55141,wind-ons,0.0,0.0,0.0,0.0,0.0
p56001,battery,0.0,0.0,0.0,0.0,0.0
p56001,biomass,0.0,0.0,0.0,0.0,0.0
p56001,coal,0.0,0.0,0.0,0.0,0.0
p56001,gas,0.0,0.0,0.0,0.0,0.0
p56001,geothermal,0.0,0.0,0.0,0.0,0.0
p56001,h2,0.0,0.0,0.0,0.0,0.0
p56001,hydro,0.0,0.0,0.0,0.0,0.0
p56001,nuclear,0.0,0.0,0.0,0.0,0.0
p56001,pumped-hydro,0.0,0.0,0.0,0.0,0.0
p56001,pv,460.0,460.0,460.0,460.0,460.0
p56001,wind-ofs,0.0,0.0,0.0,0.0,0.0
p56001,wind-ons,0.0,0.0,0.0,0.0,0.0
p56005,battery,0.0,0.0,0.0,0.0,0.0
p56005,biomass,0.0,0.0,0.0,0.0,0.0
p56005,coal,0.0,0.0,0.0,0.0,0.0
p56005,gas,0.0,0.0,0.0,0.0,0.0
p56005,geothermal,0.0,0.0,0.0,0.0,0.0
p56005,h2,0.0,0.0,0.0,0.0,0.0
p56005,hydro,0.0,0.0,0.0,0.0,0.0
p56005,nuclear,0.0,0.0,0.0,0.0,0.0
p56005,pumped-hydro,0.0,0.0,0.0,0.0,0.0
p56005,pv,0.0,0.0,0.0,0.0,0.0
p56005,wind-ofs,0.0,0.0,0.0,0.0,0.0
p56005,wind-ons,1180.0,1180.0,1180.0,1180.0,1180.0
p56007,battery,199.9,199.9,199.9,199.9,199.9
p56007,biomass,0.0,0.0,0.0,0.0,0.0
p56007,coal,0.0,0.0,0.0,0.0,0.0
p56007,gas,0.0,0.0,0.0,0.0,0.0
p56007,geothermal,0.0,0.0,0.0,0.0,0.0
p56007,h2,0.0,0.0,0.0,0.0,0.0
p56007,hydro,0.0,0.0,0.0,0.0,0.0
p56007,nuclear,0.0,0.0,0.0,0.0,0.0
p56007,pumped-hydro,0.0,0.0,0.0,0.0,0.0
p56007,pv,1181.0,1181.0,1181.0,1181.0,1181.0
p56007,wind-ofs,0.0,0.0,0.0,0.0,0.0
p56007,wind-ons,3049.2,3049.2,3049.2,3049.2,3049.2
p56009,battery,670.0,670.0,670.0,670.0,670.0
p56009,biomass,0.0,0.0,0.0,0.0,0.0
p56009,coal,0.0,0.0,0.0,0.0,0.0
p56009,gas,0.0,0.0,0.0,0.0,0.0
p56009,geothermal,0.0,0.0,0.0,0.0,0.0
p56009,h2,0.0,0.0,0.0,0.0,0.0
p56009,hydro,0.0,0.0,0.0,0.0,0.0
p56009,nuclear,0.0,0.0,0.0,0.0,0.0
p56009,pumped-hydro,0.0,0.0,0.0,0.0,0.0
p56009,pv,436.0,436.0,436.0,436.0,436.0
p56009,wind-ofs,0.0,0.0,0.0,0.0,0.0
p56009,wind-ons,384.0,384.0,384.0,384.0,384.0
p56013,battery,0.0,0.0,0.0,0.0,0.0
p56013,biomass,0.0,0.0,0.0,0.0,0.0
p56013,coal,0.0,0.0,0.0,0.0,0.0
p56013,gas,0.0,0.0,0.0,0.0,0.0
p56013,geothermal,0.0,0.0,0.0,0.0,0.0
p56013,h2,0.0,0.0,0.0,0.0,0.0
p56013,hydro,0.0,0.0,0.0,0.0,0.0
p56013,nuclear,0.0,0.0,0.0,0.0,0.0
p56013,pumped-hydro,0.0,0.0,0.0,0.0,0.0
p56013,pv,149.8,149.8,149.8,149.8,149.8
p56013,wind-ofs,0.0,0.0,0.0,0.0,0.0
p56013,wind-ons,0.0,0.0,0.0,0.0,0.0
p56021,battery,0.0,0.0,0.0,0.0,0.0
p56021,biomass,0.0,0.0,0.0,0.0,0.0
p56021,coal,0.0,0.0,0.0,0.0,0.0
p56021,gas,370.0,370.0,370.0,370.0,370.0
p56021,geothermal,0.0,0.0,0.0,0.0,0.0
p56021,h2,0.0,0.0,0.0,0.0,0.0
p56021,hydro,0.0,0.0,0.0,0.0,0.0
p56021,nuclear,0.0,0.0,0.0,0.0,0.0
p56021,pumped-hydro,0.0,0.0,0.0,0.0,0.0
p56021,pv,2130.0,2130.0,2130.0,2130.0,2130.0
p56021,wind-ofs,0.0,0.0,0.0,0.0,0.0
p56021,wind-ons,1350.0,1350.0,1350.0,1350.0,1350.0
p56023,battery,0.0,0.0,0.0,0.0,0.0
p56023,biomass,0.0,0.0,0.0,0.0,0.0
p56023,coal,0.0,0.0,0.0,0.0,0.0
p56023,gas,96.0,96.0,96.0,96.0,96.0
p56023,geothermal,0.0,0.0,0.0,0.0,0.0
p56023,h2,0.0,0.0,0.0,0.0,0.0
p56023,hydro,0.0,0.0,0.0,0.0,0.0
p56023,nuclear,500.0,500.0,500.0,500.0,500.0
p56023,pumped-hydro,0.0,0.0,0.0,0.0,0.0
p56023,pv,0.0,0.0,0.0,0.0,0.0
p56023,wind-ofs,0.0,0.0,0.0,0.0,0.0
p56023,wind-ons,800.0,800.0,800.0,800.0,800.0
p56025,battery,100.0,100.0,100.0,100.0,100.0
p56025,biomass,0.0,0.0,0.0,0.0,0.0
p56025,coal,0.0,0.0,0.0,0.0,0.0
p56025,gas,0.0,0.0,0.0,0.0,0.0
p56025,geothermal,0.0,0.0,0.0,0.0,0.0
p56025,h2,0.0,0.0,0.0,0.0,0.0
p56025,hydro,0.0,0.0,0.0,0.0,0.0
p56025,nuclear,0.0,0.0,0.0,0.0,0.0
p56025,pumped-hydro,0.0,0.0,0.0,0.0,0.0
p56025,pv,480.0,480.0,480.0,480.0,480.0
p56025,wind-ofs,0.0,0.0,0.0,0.0,0.0
p56025,wind-ons,200.0,200.0,200.0,200.0,200.0
p56031,battery,0.0,0.0,0.0,0.0,0.0
p56031,biomass,0.0,0.0,0.0,0.0,0.0
p56031,coal,0.0,0.0,0.0,0.0,0.0
p56031,gas,0.0,0.0,0.0,0.0,0.0
p56031,geothermal,0.0,0.0,0.0,0.0,0.0
p56031,h2,0.0,0.0,0.0,0.0,0.0
p56031,hydro,0.0,0.0,0.0,0.0,0.0
p56031,nuclear,0.0,0.0,0.0,0.0,0.0
p56031,pumped-hydro,0.0,0.0,0.0,0.0,0.0
p56031,pv,160.0,160.0,160.0,160.0,160.0
p56031,wind-ofs,0.0,0.0,0.0,0.0,0.0
p56031,wind-ons,450.0,450.0,450.0,450.0,450.0
p56037,battery,549.9,549.9,549.9,549.9,549.9
p56037,biomass,0.0,0.0,0.0,0.0,0.0
p56037,coal,0.0,0.0,0.0,0.0,0.0
p56037,gas,0.0,0.0,0.0,0.0,0.0
p56037,geothermal,0.0,0.0,0.0,0.0,0.0
p56037,h2,0.0,0.0,0.0,0.0,0.0
p56037,hydro,0.0,0.0,0.0,0.0,0.0
p56037,nuclear,0.0,0.0,0.0,0.0,0.0
p56037,pumped-hydro,0.0,0.0,0.0,0.0,0.0
p56037,pv,1600.0,1600.0,1600.0,1600.0,1600.0
p56037,wind-ofs,0.0,0.0,0.0,0.0,0.0
p56037,wind-ons,800.0,800.0,800.0,800.0,800.0
p56041,battery,0.0,0.0,0.0,0.0,0.0
p56041,biomass,0.0,0.0,0.0,0.0,0.0
p56041,coal,0.0,0.0,0.0,0.0,0.0
p56041,gas,0.0,0.0,0.0,0.0,0.0
p56041,geothermal,0.0,0.0,0.0,0.0,0.0
p56041,h2,0.0,0.0,0.0,0.0,0.0
p56041,hydro,0.0,0.0,0.0,0.0,0.0
p56041,nuclear,0.0,0.0,0.0,0.0,0.0
p56041,pumped-hydro,0.0,0.0,0.0,0.0,0.0
p56041,pv,0.0,0.0,0.0,0.0,0.0
p56041,wind-ofs,0.0,0.0,0.0,0.0,0.0
p56041,wind-ons,240.0,240.0,240.0,240.0,240.0
p01001,csp,0.0,0.0,0.0,0.0,0.0
p01003,csp,0.0,0.0,0.0,0.0,0.0
p01017,csp,0.0,0.0,0.0,0.0,0.0
p01031,csp,0.0,0.0,0.0,0.0,0.0
p01033,csp,0.0,0.0,0.0,0.0,0.0
p01035,csp,0.0,0.0,0.0,0.0,0.0
p01037,csp,0.0,0.0,0.0,0.0,0.0
p01045,csp,0.0,0.0,0.0,0.0,0.0
p01047,csp,0.0,0.0,0.0,0.0,0.0
p01053,csp,0.0,0.0,0.0,0.0,0.0
p01055,csp,0.0,0.0,0.0,0.0,0.0
p01059,csp,0.0,0.0,0.0,0.0,0.0
p01063,csp,0.0,0.0,0.0,0.0,0.0
p01065,csp,0.0,0.0,0.0,0.0,0.0
p01069,csp,0.0,0.0,0.0,0.0,0.0
p01071,csp,0.0,0.0,0.0,0.0,0.0
p01077,csp,0.0,0.0,0.0,0.0,0.0
p01079,csp,0.0,0.0,0.0,0.0,0.0
p01081,csp,0.0,0.0,0.0,0.0,0.0
p01083,csp,0.0,0.0,0.0,0.0,0.0
p01085,csp,0.0,0.0,0.0,0.0,0.0
p01091,csp,0.0,0.0,0.0,0.0,0.0
p01097,csp,0.0,0.0,0.0,0.0,0.0
p01099,csp,0.0,0.0,0.0,0.0,0.0
p01101,csp,0.0,0.0,0.0,0.0,0.0
p01103,csp,0.0,0.0,0.0,0.0,0.0
p01105,csp,0.0,0.0,0.0,0.0,0.0
p01109,csp,0.0,0.0,0.0,0.0,0.0
p01111,csp,0.0,0.0,0.0,0.0,0.0
p01113,csp,0.0,0.0,0.0,0.0,0.0
p01117,csp,0.0,0.0,0.0,0.0,0.0
p01121,csp,0.0,0.0,0.0,0.0,0.0
p01127,csp,0.0,0.0,0.0,0.0,0.0
p01129,csp,0.0,0.0,0.0,0.0,0.0
p01131,csp,0.0,0.0,0.0,0.0,0.0
p04001,csp,0.0,0.0,0.0,0.0,0.0
p04003,csp,0.0,0.0,0.0,0.0,0.0
p04005,csp,0.0,0.0,0.0,0.0,0.0
p04011,csp,0.0,0.0,0.0,0.0,0.0
p04012,csp,0.0,0.0,0.0,0.0,0.0
p04013,csp,0.0,0.0,0.0,0.0,0.0
p04015,csp,0.0,0.0,0.0,0.0,0.0
p04017,csp,0.0,0.0,0.0,0.0,0.0
p04019,csp,0.0,0.0,0.0,0.0,0.0
p04021,csp,0.0,0.0,0.0,0.0,0.0
p04025,csp,0.0,0.0,0.0,0.0,0.0
p04027,csp,0.0,0.0,0.0,0.0,0.0
p05001,csp,0.0,0.0,0.0,0.0,0.0
p05003,csp,0.0,0.0,0.0,0.0,0.0
p05007,csp,0.0,0.0,0.0,0.0,0.0
p05011,csp,0.0,0.0,0.0,0.0,0.0
p05013,csp,0.0,0.0,0.0,0.0,0.0
p05015,csp,0.0,0.0,0.0,0.0,0.0
p05017,csp,0.0,0.0,0.0,0.0,0.0
p05021,csp,0.0,0.0,0.0,0.0,0.0
p05025,csp,0.0,0.0,0.0,0.0,0.0
p05027,csp,0.0,0.0,0.0,0.0,0.0
p05029,csp,0.0,0.0,0.0,0.0,0.0
p05031,csp,0.0,0.0,0.0,0.0,0.0
p05033,csp,0.0,0.0,0.0,0.0,0.0
p05035,csp,0.0,0.0,0.0,0.0,0.0
p05037,csp,0.0,0.0,0.0,0.0,0.0
p05041,csp,0.0,0.0,0.0,0.0,0.0
p05043,csp,0.0,0.0,0.0,0.0,0.0
p05045,csp,0.0,0.0,0.0,0.0,0.0
p05047,csp,0.0,0.0,0.0,0.0,0.0
p05053,csp,0.0,0.0,0.0,0.0,0.0
p05055,csp,0.0,0.0,0.0,0.0,0.0
p05057,csp,0.0,0.0,0.0,0.0,0.0
p05059,csp,0.0,0.0,0.0,0.0,0.0
p05061,csp,0.0,0.0,0.0,0.0,0.0
p05063,csp,0.0,0.0,0.0,0.0,0.0
p05067,csp,0.0,0.0,0.0,0.0,0.0
p05069,csp,0.0,0.0,0.0,0.0,0.0
p05075,csp,0.0,0.0,0.0,0.0,0.0
p05077,csp,0.0,0.0,0.0,0.0,0.0
p05081,csp,0.0,0.0,0.0,0.0,0.0
p05085,csp,0.0,0.0,0.0,0.0,0.0
p05093,csp,0.0,0.0,0.0,0.0,0.0
p05095,csp,0.0,0.0,0.0,0.0,0.0
p05099,csp,0.0,0.0,0.0,0.0,0.0
p05103,csp,0.0,0.0,0.0,0.0,0.0
p05107,csp,0.0,0.0,0.0,0.0,0.0
p05109,csp,0.0,0.0,0.0,0.0,0.0
p05111,csp,0.0,0.0,0.0,0.0,0.0
p05115,csp,0.0,0.0,0.0,0.0,0.0
p05117,csp,0.0,0.0,0.0,0.0,0.0
p05119,csp,0.0,0.0,0.0,0.0,0.0
p05123,csp,0.0,0.0,0.0,0.0,0.0
p05125,csp,0.0,0.0,0.0,0.0,0.0
p05131,csp,0.0,0.0,0.0,0.0,0.0
p05135,csp,0.0,0.0,0.0,0.0,0.0
p05139,csp,0.0,0.0,0.0,0.0,0.0
p05141,csp,0.0,0.0,0.0,0.0,0.0
p05145,csp,0.0,0.0,0.0,0.0,0.0
p05147,csp,0.0,0.0,0.0,0.0,0.0
p06001,csp,0.0,0.0,0.0,0.0,0.0
p06007,csp,0.0,0.0,0.0,0.0,0.0
p06009,csp,0.0,0.0,0.0,0.0,0.0
p06011,csp,0.0,0.0,0.0,0.0,0.0
p06013,csp,0.0,0.0,0.0,0.0,0.0
p06017,csp,0.0,0.0,0.0,0.0,0.0
p06019,csp,0.0,0.0,0.0,0.0,0.0
p06021,csp,0.0,0.0,0.0,0.0,0.0
p06023,csp,0.0,0.0,0.0,0.0,0.0
p06025,csp,0.0,0.0,0.0,0.0,0.0
p06027,csp,0.0,0.0,0.0,0.0,0.0
p06029,csp,0.0,0.0,0.0,0.0,0.0
p06031,csp,0.0,0.0,0.0,0.0,0.0
p06033,csp,0.0,0.0,0.0,0.0,0.0
p06035,csp,0.0,0.0,0.0,0.0,0.0
p06037,csp,0.0,0.0,0.0,0.0,0.0
p06039,csp,0.0,0.0,0.0,0.0,0.0
p06041,csp,0.0,0.0,0.0,0.0,0.0
p06047,csp,0.0,0.0,0.0,0.0,0.0
p06053,csp,0.0,0.0,0.0,0.0,0.0
p06055,csp,0.0,0.0,0.0,0.0,0.0
p06059,csp,0.0,0.0,0.0,0.0,0.0
p06061,csp,0.0,0.0,0.0,0.0,0.0
p06065,csp,0.0,0.0,0.0,0.0,0.0
p06067,csp,0.0,0.0,0.0,0.0,0.0
p06069,csp,0.0,0.0,0.0,0.0,0.0
p06071,csp,0.0,0.0,0.0,0.0,0.0
p06073,csp,0.0,0.0,0.0,0.0,0.0
p06075,csp,0.0,0.0,0.0,0.0,0.0
p06077,csp,0.0,0.0,0.0,0.0,0.0
p06079,csp,0.0,0.0,0.0,0.0,0.0
p06081,csp,0.0,0.0,0.0,0.0,0.0
p06085,csp,0.0,0.0,0.0,0.0,0.0
p06087,csp,0.0,0.0,0.0,0.0,0.0
p06089,csp,0.0,0.0,0.0,0.0,0.0
p06093,csp,0.0,0.0,0.0,0.0,0.0
p06095,csp,0.0,0.0,0.0,0.0,0.0
p06097,csp,0.0,0.0,0.0,0.0,0.0
p06099,csp,0.0,0.0,0.0,0.0,0.0
p06101,csp,0.0,0.0,0.0,0.0,0.0
p06103,csp,0.0,0.0,0.0,0.0,0.0
p06107,csp,0.0,0.0,0.0,0.0,0.0
p06109,csp,0.0,0.0,0.0,0.0,0.0
p06111,csp,0.0,0.0,0.0,0.0,0.0
p06113,csp,0.0,0.0,0.0,0.0,0.0
p06115,csp,0.0,0.0,0.0,0.0,0.0
p08001,csp,0.0,0.0,0.0,0.0,0.0
p08003,csp,0.0,0.0,0.0,0.0,0.0
p08005,csp,0.0,0.0,0.0,0.0,0.0
p08011,csp,0.0,0.0,0.0,0.0,0.0
p08017,csp,0.0,0.0,0.0,0.0,0.0
p08029,csp,0.0,0.0,0.0,0.0,0.0
p08033,csp,0.0,0.0,0.0,0.0,0.0
p08039,csp,0.0,0.0,0.0,0.0,0.0
p08041,csp,0.0,0.0,0.0,0.0,0.0
p08043,csp,0.0,0.0,0.0,0.0,0.0
p08045,csp,0.0,0.0,0.0,0.0,0.0
p08055,csp,0.0,0.0,0.0,0.0,0.0
p08057,csp,0.0,0.0,0.0,0.0,0.0
p08061,csp,0.0,0.0,0.0,0.0,0.0
p08063,csp,0.0,0.0,0.0,0.0,0.0
p08067,csp,0.0,0.0,0.0,0.0,0.0
p08071,csp,0.0,0.0,0.0,0.0,0.0
p08073,csp,0.0,0.0,0.0,0.0,0.0
p08075,csp,0.0,0.0,0.0,0.0,0.0
p08077,csp,0.0,0.0,0.0,0.0,0.0
p08081,csp,0.0,0.0,0.0,0.0,0.0
p08083,csp,0.0,0.0,0.0,0.0,0.0
p08085,csp,0.0,0.0,0.0,0.0,0.0
p08087,csp,0.0,0.0,0.0,0.0,0.0
p08089,csp,0.0,0.0,0.0,0.0,0.0
p08099,csp,0.0,0.0,0.0,0.0,0.0
p08101,csp,0.0,0.0,0.0,0.0,0.0
p08107,csp,0.0,0.0,0.0,0.0,0.0
p08113,csp,0.0,0.0,0.0,0.0,0.0
p08123,csp,0.0,0.0,0.0,0.0,0.0
p08125,csp,0.0,0.0,0.0,0.0,0.0
p10001,csp,0.0,0.0,0.0,0.0,0.0
p10003,csp,0.0,0.0,0.0,0.0,0.0
p10005,csp,0.0,0.0,0.0,0.0,0.0
p12001,csp,0.0,0.0,0.0,0.0,0.0
p12003,csp,0.0,0.0,0.0,0.0,0.0
p12005,csp,0.0,0.0,0.0,0.0,0.0
p12007,csp,0.0,0.0,0.0,0.0,0.0
p12009,csp,0.0,0.0,0.0,0.0,0.0
p12013,csp,0.0,0.0,0.0,0.0,0.0
p12015,csp,0.0,0.0,0.0,0.0,0.0
p12017,csp,0.0,0.0,0.0,0.0,0.0
p12019,csp,0.0,0.0,0.0,0.0,0.0
p12021,csp,0.0,0.0,0.0,0.0,0.0
p12023,csp,0.0,0.0,0.0,0.0,0.0
p12027,csp,0.0,0.0,0.0,0.0,0.0
p12031,csp,0.0,0.0,0.0,0.0,0.0
p12033,csp,0.0,0.0,0.0,0.0,0.0
p12035,csp,0.0,0.0,0.0,0.0,0.0
p12039,csp,0.0,0.0,0.0,0.0,0.0
p12041,csp,0.0,0.0,0.0,0.0,0.0
p12045,csp,0.0,0.0,0.0,0.0,0.0
p12047,csp,0.0,0.0,0.0,0.0,0.0
p12049,csp,0.0,0.0,0.0,0.0,0.0
p12051,csp,0.0,0.0,0.0,0.0,0.0
p12053,csp,0.0,0.0,0.0,0.0,0.0
p12055,csp,0.0,0.0,0.0,0.0,0.0
p12057,csp,0.0,0.0,0.0,0.0,0.0
p12061,csp,0.0,0.0,0.0,0.0,0.0
p12063,csp,0.0,0.0,0.0,0.0,0.0
p12065,csp,0.0,0.0,0.0,0.0,0.0
p12071,csp,0.0,0.0,0.0,0.0,0.0
p12073,csp,0.0,0.0,0.0,0.0,0.0
p12075,csp,0.0,0.0,0.0,0.0,0.0
p12077,csp,0.0,0.0,0.0,0.0,0.0
p12079,csp,0.0,0.0,0.0,0.0,0.0
p12081,csp,0.0,0.0,0.0,0.0,0.0
p12083,csp,0.0,0.0,0.0,0.0,0.0
p12085,csp,0.0,0.0,0.0,0.0,0.0
p12086,csp,0.0,0.0,0.0,0.0,0.0
p12089,csp,0.0,0.0,0.0,0.0,0.0
p12091,csp,0.0,0.0,0.0,0.0,0.0
p12093,csp,0.0,0.0,0.0,0.0,0.0
p12097,csp,0.0,0.0,0.0,0.0,0.0
p12099,csp,0.0,0.0,0.0,0.0,0.0
p12101,csp,0.0,0.0,0.0,0.0,0.0
p12103,csp,0.0,0.0,0.0,0.0,0.0
p12105,csp,0.0,0.0,0.0,0.0,0.0
p12107,csp,0.0,0.0,0.0,0.0,0.0
p12111,csp,0.0,0.0,0.0,0.0,0.0
p12113,csp,0.0,0.0,0.0,0.0,0.0
p12119,csp,0.0,0.0,0.0,0.0,0.0
p12121,csp,0.0,0.0,0.0,0.0,0.0
p12123,csp,0.0,0.0,0.0,0.0,0.0
p12125,csp,0.0,0.0,0.0,0.0,0.0
p12127,csp,0.0,0.0,0.0,0.0,0.0
p12131,csp,0.0,0.0,0.0,0.0,0.0
p12133,csp,0.0,0.0,0.0,0.0,0.0
p13001,csp,0.0,0.0,0.0,0.0,0.0
p13005,csp,0.0,0.0,0.0,0.0,0.0
p13009,csp,0.0,0.0,0.0,0.0,0.0
p13015,csp,0.0,0.0,0.0,0.0,0.0
p13027,csp,0.0,0.0,0.0,0.0,0.0
p13033,csp,0.0,0.0,0.0,0.0,0.0
p13039,csp,0.0,0.0,0.0,0.0,0.0
p13043,csp,0.0,0.0,0.0,0.0,0.0
p13045,csp,0.0,0.0,0.0,0.0,0.0
p13049,csp,0.0,0.0,0.0,0.0,0.0
p13051,csp,0.0,0.0,0.0,0.0,0.0
p13057,csp,0.0,0.0,0.0,0.0,0.0
p13059,csp,0.0,0.0,0.0,0.0,0.0
p13063,csp,0.0,0.0,0.0,0.0,0.0
p13065,csp,0.0,0.0,0.0,0.0,0.0
p13069,csp,0.0,0.0,0.0,0.0,0.0
p13077,csp,0.0,0.0,0.0,0.0,0.0
p13079,csp,0.0,0.0,0.0,0.0,0.0
p13087,csp,0.0,0.0,0.0,0.0,0.0
p13091,csp,0.0,0.0,0.0,0.0,0.0
p13097,csp,0.0,0.0,0.0,0.0,0.0
p13099,csp,0.0,0.0,0.0,0.0,0.0
p13103,csp,0.0,0.0,0.0,0.0,0.0
p13105,csp,0.0,0.0,0.0,0.0,0.0
p13107,csp,0.0,0.0,0.0,0.0,0.0
p13115,csp,0.0,0.0,0.0,0.0,0.0
p13121,csp,0.0,0.0,0.0,0.0,0.0
p13125,csp,0.0,0.0,0.0,0.0,0.0
p13127,csp,0.0,0.0,0.0,0.0,0.0
p13133,csp,0.0,0.0,0.0,0.0,0.0
p13147,csp,0.0,0.0,0.0,0.0,0.0
p13149,csp,0.0,0.0,0.0,0.0,0.0
p13153,csp,0.0,0.0,0.0,0.0,0.0
p13155,csp,0.0,0.0,0.0,0.0,0.0
p13159,csp,0.0,0.0,0.0,0.0,0.0
p13161,csp,0.0,0.0,0.0,0.0,0.0
p13163,csp,0.0,0.0,0.0,0.0,0.0
p13167,csp,0.0,0.0,0.0,0.0,0.0
p13175,csp,0.0,0.0,0.0,0.0,0.0
p13177,csp,0.0,0.0,0.0,0.0,0.0
p13179,csp,0.0,0.0,0.0,0.0,0.0
p13181,csp,0.0,0.0,0.0,0.0,0.0
p13185,csp,0.0,0.0,0.0,0.0,0.0
p13189,csp,0.0,0.0,0.0,0.0,0.0
p13193,csp,0.0,0.0,0.0,0.0,0.0
p13197,csp,0.0,0.0,0.0,0.0,0.0
p13199,csp,0.0,0.0,0.0,0.0,0.0
p13201,csp,0.0,0.0,0.0,0.0,0.0
p13205,csp,0.0,0.0,0.0,0.0,0.0
p13207,csp,0.0,0.0,0.0,0.0,0.0
p13209,csp,0.0,0.0,0.0,0.0,0.0
p13221,csp,0.0,0.0,0.0,0.0,0.0
p13229,csp,0.0,0.0,0.0,0.0,0.0
p13233,csp,0.0,0.0,0.0,0.0,0.0
p13235,csp,0.0,0.0,0.0,0.0,0.0
p13237,csp,0.0,0.0,0.0,0.0,0.0
p13243,csp,0.0,0.0,0.0,0.0,0.0
p13247,csp,0.0,0.0,0.0,0.0,0.0
p13261,csp,0.0,0.0,0.0,0.0,0.0
p13263,csp,0.0,0.0,0.0,0.0,0.0
p13265,csp,0.0,0.0,0.0,0.0,0.0
p13267,csp,0.0,0.0,0.0,0.0,0.0
p13269,csp,0.0,0.0,0.0,0.0,0.0
p13273,csp,0.0,0.0,0.0,0.0,0.0
p13279,csp,0.0,0.0,0.0,0.0,0.0
p13283,csp,0.0,0.0,0.0,0.0,0.0
p13285,csp,0.0,0.0,0.0,0.0,0.0
p13287,csp,0.0,0.0,0.0,0.0,0.0
p13289,csp,0.0,0.0,0.0,0.0,0.0
p13299,csp,0.0,0.0,0.0,0.0,0.0
p13301,csp,0.0,0.0,0.0,0.0,0.0
p13303,csp,0.0,0.0,0.0,0.0,0.0
p13309,csp,0.0,0.0,0.0,0.0,0.0
p13315,csp,0.0,0.0,0.0,0.0,0.0
p13319,csp,0.0,0.0,0.0,0.0,0.0
p13321,csp,0.0,0.0,0.0,0.0,0.0
p16001,csp,0.0,0.0,0.0,0.0,0.0
p16005,csp,0.0,0.0,0.0,0.0,0.0
p16007,csp,0.0,0.0,0.0,0.0,0.0
p16009,csp,0.0,0.0,0.0,0.0,0.0
p16011,csp,0.0,0.0,0.0,0.0,0.0
p16013,csp,0.0,0.0,0.0,0.0,0.0
p16017,csp,0.0,0.0,0.0,0.0,0.0
p16019,csp,0.0,0.0,0.0,0.0,0.0
p16023,csp,0.0,0.0,0.0,0.0,0.0
p16027,csp,0.0,0.0,0.0,0.0,0.0
p16029,csp,0.0,0.0,0.0,0.0,0.0
p16031,csp,0.0,0.0,0.0,0.0,0.0
p16033,csp,0.0,0.0,0.0,0.0,0.0
p16035,csp,0.0,0.0,0.0,0.0,0.0
p16039,csp,0.0,0.0,0.0,0.0,0.0
p16041,csp,0.0,0.0,0.0,0.0,0.0
p16043,csp,0.0,0.0,0.0,0.0,0.0
p16047,csp,0.0,0.0,0.0,0.0,0.0
p16051,csp,0.0,0.0,0.0,0.0,0.0
p16053,csp,0.0,0.0,0.0,0.0,0.0
p16055,csp,0.0,0.0,0.0,0.0,0.0
p16063,csp,0.0,0.0,0.0,0.0,0.0
p16067,csp,0.0,0.0,0.0,0.0,0.0
p16071,csp,0.0,0.0,0.0,0.0,0.0
p16073,csp,0.0,0.0,0.0,0.0,0.0
p16077,csp,0.0,0.0,0.0,0.0,0.0
p16083,csp,0.0,0.0,0.0,0.0,0.0
p16087,csp,0.0,0.0,0.0,0.0,0.0
p17001,csp,0.0,0.0,0.0,0.0,0.0
p17005,csp,0.0,0.0,0.0,0.0,0.0
p17007,csp,0.0,0.0,0.0,0.0,0.0
p17011,csp,0.0,0.0,0.0,0.0,0.0
p17017,csp,0.0,0.0,0.0,0.0,0.0
p17019,csp,0.0,0.0,0.0,0.0,0.0
p17021,csp,0.0,0.0,0.0,0.0,0.0
p17023,csp,0.0,0.0,0.0,0.0,0.0
p17025,csp,0.0,0.0,0.0,0.0,0.0
p17027,csp,0.0,0.0,0.0,0.0,0.0
p17029,csp,0.0,0.0,0.0,0.0,0.0
p17031,csp,0.0,0.0,0.0,0.0,0.0
p17035,csp,0.0,0.0,0.0,0.0,0.0
p17037,csp,0.0,0.0,0.0,0.0,0.0
p17039,csp,0.0,0.0,0.0,0.0,0.0
p17045,csp,0.0,0.0,0.0,0.0,0.0
p17047,csp,0.0,0.0,0.0,0.0,0.0
p17051,csp,0.0,0.0,0.0,0.0,0.0
p17053,csp,0.0,0.0,0.0,0.0,0.0
p17055,csp,0.0,0.0,0.0,0.0,0.0
p17057,csp,0.0,0.0,0.0,0.0,0.0
p17061,csp,0.0,0.0,0.0,0.0,0.0
p17063,csp,0.0,0.0,0.0,0.0,0.0
p17065,csp,0.0,0.0,0.0,0.0,0.0
p17073,csp,0.0,0.0,0.0,0.0,0.0
p17075,csp,0.0,0.0,0.0,0.0,0.0
p17077,csp,0.0,0.0,0.0,0.0,0.0
p17079,csp,0.0,0.0,0.0,0.0,0.0
p17081,csp,0.0,0.0,0.0,0.0,0.0
p17087,csp,0.0,0.0,0.0,0.0,0.0
p17089,csp,0.0,0.0,0.0,0.0,0.0
p17091,csp,0.0,0.0,0.0,0.0,0.0
p17093,csp,0.0,0.0,0.0,0.0,0.0
p17095,csp,0.0,0.0,0.0,0.0,0.0
p17097,csp,0.0,0.0,0.0,0.0,0.0
p17103,csp,0.0,0.0,0.0,0.0,0.0
p17105,csp,0.0,0.0,0.0,0.0,0.0
p17107,csp,0.0,0.0,0.0,0.0,0.0
p17109,csp,0.0,0.0,0.0,0.0,0.0
p17111,csp,0.0,0.0,0.0,0.0,0.0
p17113,csp,0.0,0.0,0.0,0.0,0.0
p17115,csp,0.0,0.0,0.0,0.0,0.0
p17117,csp,0.0,0.0,0.0,0.0,0.0
p17121,csp,0.0,0.0,0.0,0.0,0.0
p17123,csp,0.0,0.0,0.0,0.0,0.0
p17125,csp,0.0,0.0,0.0,0.0,0.0
p17129,csp,0.0,0.0,0.0,0.0,0.0
p17131,csp,0.0,0.0,0.0,0.0,0.0
p17135,csp,0.0,0.0,0.0,0.0,0.0
p17137,csp,0.0,0.0,0.0,0.0,0.0
p17139,csp,0.0,0.0,0.0,0.0,0.0
p17141,csp,0.0,0.0,0.0,0.0,0.0
p17143,csp,0.0,0.0,0.0,0.0,0.0
p17145,csp,0.0,0.0,0.0,0.0,0.0
p17147,csp,0.0,0.0,0.0,0.0,0.0
p17153,csp,0.0,0.0,0.0,0.0,0.0
p17155,csp,0.0,0.0,0.0,0.0,0.0
p17157,csp,0.0,0.0,0.0,0.0,0.0
p17161,csp,0.0,0.0,0.0,0.0,0.0
p17163,csp,0.0,0.0,0.0,0.0,0.0
p17165,csp,0.0,0.0,0.0,0.0,0.0
p17167,csp,0.0,0.0,0.0,0.0,0.0
p17171,csp,0.0,0.0,0.0,0.0,0.0
p17173,csp,0.0,0.0,0.0,0.0,0.0
p17175,csp,0.0,0.0,0.0,0.0,0.0
p17177,csp,0.0,0.0,0.0,0.0,0.0
p17179,csp,0.0,0.0,0.0,0.0,0.0
p17183,csp,0.0,0.0,0.0,0.0,0.0
p17185,csp,0.0,0.0,0.0,0.0,0.0
p17187,csp,0.0,0.0,0.0,0.0,0.0
p17189,csp,0.0,0.0,0.0,0.0,0.0
p17193,csp,0.0,0.0,0.0,0.0,0.0
p17195,csp,0.0,0.0,0.0,0.0,0.0
p17197,csp,0.0,0.0,0.0,0.0,0.0
p17199,csp,0.0,0.0,0.0,0.0,0.0
p17201,csp,0.0,0.0,0.0,0.0,0.0
p17203,csp,0.0,0.0,0.0,0.0,0.0
p18001,csp,0.0,0.0,0.0,0.0,0.0
p18003,csp,0.0,0.0,0.0,0.0,0.0
p18005,csp,0.0,0.0,0.0,0.0,0.0
p18007,csp,0.0,0.0,0.0,0.0,0.0
p18009,csp,0.0,0.0,0.0,0.0,0.0
p18011,csp,0.0,0.0,0.0,0.0,0.0
p18013,csp,0.0,0.0,0.0,0.0,0.0
p18015,csp,0.0,0.0,0.0,0.0,0.0
p18017,csp,0.0,0.0,0.0,0.0,0.0
p18019,csp,0.0,0.0,0.0,0.0,0.0
p18021,csp,0.0,0.0,0.0,0.0,0.0
p18023,csp,0.0,0.0,0.0,0.0,0.0
p18027,csp,0.0,0.0,0.0,0.0,0.0
p18031,csp,0.0,0.0,0.0,0.0,0.0
p18033,csp,0.0,0.0,0.0,0.0,0.0
p18035,csp,0.0,0.0,0.0,0.0,0.0
p18037,csp,0.0,0.0,0.0,0.0,0.0
p18039,csp,0.0,0.0,0.0,0.0,0.0
p18041,csp,0.0,0.0,0.0,0.0,0.0
p18045,csp,0.0,0.0,0.0,0.0,0.0
p18047,csp,0.0,0.0,0.0,0.0,0.0
p18051,csp,0.0,0.0,0.0,0.0,0.0
p18053,csp,0.0,0.0,0.0,0.0,0.0
p18055,csp,0.0,0.0,0.0,0.0,0.0
p18057,csp,0.0,0.0,0.0,0.0,0.0
p18059,csp,0.0,0.0,0.0,0.0,0.0
p18061,csp,0.0,0.0,0.0,0.0,0.0
p18063,csp,0.0,0.0,0.0,0.0,0.0
p18065,csp,0.0,0.0,0.0,0.0,0.0
p18067,csp,0.0,0.0,0.0,0.0,0.0
p18069,csp,0.0,0.0,0.0,0.0,0.0
p18073,csp,0.0,0.0,0.0,0.0,0.0
p18075,csp,0.0,0.0,0.0,0.0,0.0
p18077,csp,0.0,0.0,0.0,0.0,0.0
p18079,csp,0.0,0.0,0.0,0.0,0.0
p18081,csp,0.0,0.0,0.0,0.0,0.0
p18083,csp,0.0,0.0,0.0,0.0,0.0
p18085,csp,0.0,0.0,0.0,0.0,0.0
p18087,csp,0.0,0.0,0.0,0.0,0.0
p18089,csp,0.0,0.0,0.0,0.0,0.0
p18091,csp,0.0,0.0,0.0,0.0,0.0
p18093,csp,0.0,0.0,0.0,0.0,0.0
p18095,csp,0.0,0.0,0.0,0.0,0.0
p18097,csp,0.0,0.0,0.0,0.0,0.0
p18099,csp,0.0,0.0,0.0,0.0,0.0
p18103,csp,0.0,0.0,0.0,0.0,0.0
p18107,csp,0.0,0.0,0.0,0.0,0.0
p18111,csp,0.0,0.0,0.0,0.0,0.0
p18113,csp,0.0,0.0,0.0,0.0,0.0
p18125,csp,0.0,0.0,0.0,0.0,0.0
p18127,csp,0.0,0.0,0.0,0.0,0.0
p18129,csp,0.0,0.0,0.0,0.0,0.0
p18131,csp,0.0,0.0,0.0,0.0,0.0
p18133,csp,0.0,0.0,0.0,0.0,0.0
p18135,csp,0.0,0.0,0.0,0.0,0.0
p18137,csp,0.0,0.0,0.0,0.0,0.0
p18139,csp,0.0,0.0,0.0,0.0,0.0
p18141,csp,0.0,0.0,0.0,0.0,0.0
p18143,csp,0.0,0.0,0.0,0.0,0.0
p18145,csp,0.0,0.0,0.0,0.0,0.0
p18147,csp,0.0,0.0,0.0,0.0,0.0
p18149,csp,0.0,0.0,0.0,0.0,0.0
p18153,csp,0.0,0.0,0.0,0.0,0.0
p18157,csp,0.0,0.0,0.0,0.0,0.0
p18159,csp,0.0,0.0,0.0,0.0,0.0
p18161,csp,0.0,0.0,0.0,0.0,0.0
p18163,csp,0.0,0.0,0.0,0.0,0.0
p18165,csp,0.0,0.0,0.0,0.0,0.0
p18167,csp,0.0,0.0,0.0,0.0,0.0
p18169,csp,0.0,0.0,0.0,0.0,0.0
p18171,csp,0.0,0.0,0.0,0.0,0.0
p18173,csp,0.0,0.0,0.0,0.0,0.0
p18175,csp,0.0,0.0,0.0,0.0,0.0
p18177,csp,0.0,0.0,0.0,0.0,0.0
p18179,csp,0.0,0.0,0.0,0.0,0.0
p18181,csp,0.0,0.0,0.0,0.0,0.0
p18183,csp,0.0,0.0,0.0,0.0,0.0
p19001,csp,0.0,0.0,0.0,0.0,0.0
p19019,csp,0.0,0.0,0.0,0.0,0.0
p19027,csp,0.0,0.0,0.0,0.0,0.0
p19033,csp,0.0,0.0,0.0,0.0,0.0
p19035,csp,0.0,0.0,0.0,0.0,0.0
p19037,csp,0.0,0.0,0.0,0.0,0.0
p19041,csp,0.0,0.0,0.0,0.0,0.0
p19045,csp,0.0,0.0,0.0,0.0,0.0
p19047,csp,0.0,0.0,0.0,0.0,0.0
p19057,csp,0.0,0.0,0.0,0.0,0.0
p19059,csp,0.0,0.0,0.0,0.0,0.0
p19061,csp,0.0,0.0,0.0,0.0,0.0
p19069,csp,0.0,0.0,0.0,0.0,0.0
p19073,csp,0.0,0.0,0.0,0.0,0.0
p19081,csp,0.0,0.0,0.0,0.0,0.0
p19083,csp,0.0,0.0,0.0,0.0,0.0
p19087,csp,0.0,0.0,0.0,0.0,0.0
p19089,csp,0.0,0.0,0.0,0.0,0.0
p19091,csp,0.0,0.0,0.0,0.0,0.0
p19103,csp,0.0,0.0,0.0,0.0,0.0
p19111,csp,0.0,0.0,0.0,0.0,0.0
p19113,csp,0.0,0.0,0.0,0.0,0.0
p19127,csp,0.0,0.0,0.0,0.0,0.0
p19129,csp,0.0,0.0,0.0,0.0,0.0
p19139,csp,0.0,0.0,0.0,0.0,0.0
p19143,csp,0.0,0.0,0.0,0.0,0.0
p19145,csp,0.0,0.0,0.0,0.0,0.0
p19147,csp,0.0,0.0,0.0,0.0,0.0
p19149,csp,0.0,0.0,0.0,0.0,0.0
p19151,csp,0.0,0.0,0.0,0.0,0.0
p19153,csp,0.0,0.0,0.0,0.0,0.0
p19155,csp,0.0,0.0,0.0,0.0,0.0
p19163,csp,0.0,0.0,0.0,0.0,0.0
p19167,csp,0.0,0.0,0.0,0.0,0.0
p19169,csp,0.0,0.0,0.0,0.0,0.0
p19171,csp,0.0,0.0,0.0,0.0,0.0
p19173,csp,0.0,0.0,0.0,0.0,0.0
p19175,csp,0.0,0.0,0.0,0.0,0.0
p19183,csp,0.0,0.0,0.0,0.0,0.0
p19187,csp,0.0,0.0,0.0,0.0,0.0
p19189,csp,0.0,0.0,0.0,0.0,0.0
p19193,csp,0.0,0.0,0.0,0.0,0.0
p19195,csp,0.0,0.0,0.0,0.0,0.0
p20001,csp,0.0,0.0,0.0,0.0,0.0
p20003,csp,0.0,0.0,0.0,0.0,0.0
p20007,csp,0.0,0.0,0.0,0.0,0.0
p20009,csp,0.0,0.0,0.0,0.0,0.0
p20011,csp,0.0,0.0,0.0,0.0,0.0
p20015,csp,0.0,0.0,0.0,0.0,0.0
p20021,csp,0.0,0.0,0.0,0.0,0.0
p20029,csp,0.0,0.0,0.0,0.0,0.0
p20031,csp,0.0,0.0,0.0,0.0,0.0
p20035,csp,0.0,0.0,0.0,0.0,0.0
p20037,csp,0.0,0.0,0.0,0.0,0.0
p20039,csp,0.0,0.0,0.0,0.0,0.0
p20041,csp,0.0,0.0,0.0,0.0,0.0
p20045,csp,0.0,0.0,0.0,0.0,0.0
p20047,csp,0.0,0.0,0.0,0.0,0.0
p20049,csp,0.0,0.0,0.0,0.0,0.0
p20051,csp,0.0,0.0,0.0,0.0,0.0
p20055,csp,0.0,0.0,0.0,0.0,0.0
p20057,csp,0.0,0.0,0.0,0.0,0.0
p20059,csp,0.0,0.0,0.0,0.0,0.0
p20067,csp,0.0,0.0,0.0,0.0,0.0
p20077,csp,0.0,0.0,0.0,0.0,0.0
p20079,csp,0.0,0.0,0.0,0.0,0.0
p20083,csp,0.0,0.0,0.0,0.0,0.0
p20085,csp,0.0,0.0,0.0,0.0,0.0
p20091,csp,0.0,0.0,0.0,0.0,0.0
p20093,csp,0.0,0.0,0.0,0.0,0.0
p20099,csp,0.0,0.0,0.0,0.0,0.0
p20105,csp,0.0,0.0,0.0,0.0,0.0
p20111,csp,0.0,0.0,0.0,0.0,0.0
p20113,csp,0.0,0.0,0.0,0.0,0.0
p20121,csp,0.0,0.0,0.0,0.0,0.0
p20129,csp,0.0,0.0,0.0,0.0,0.0
p20131,csp,0.0,0.0,0.0,0.0,0.0
p20139,csp,0.0,0.0,0.0,0.0,0.0
p20141,csp,0.0,0.0,0.0,0.0,0.0
p20149,csp,0.0,0.0,0.0,0.0,0.0
p20151,csp,0.0,0.0,0.0,0.0,0.0
p20159,csp,0.0,0.0,0.0,0.0,0.0
p20167,csp,0.0,0.0,0.0,0.0,0.0
p20169,csp,0.0,0.0,0.0,0.0,0.0
p20171,csp,0.0,0.0,0.0,0.0,0.0
p20173,csp,0.0,0.0,0.0,0.0,0.0
p20175,csp,0.0,0.0,0.0,0.0,0.0
p20181,csp,0.0,0.0,0.0,0.0,0.0
p20187,csp,0.0,0.0,0.0,0.0,0.0
p20189,csp,0.0,0.0,0.0,0.0,0.0
p20191,csp,0.0,0.0,0.0,0.0,0.0
p20201,csp,0.0,0.0,0.0,0.0,0.0
p20205,csp,0.0,0.0,0.0,0.0,0.0
p20209,csp,0.0,0.0,0.0,0.0,0.0
p21001,csp,0.0,0.0,0.0,0.0,0.0
p21009,csp,0.0,0.0,0.0,0.0,0.0
p21011,csp,0.0,0.0,0.0,0.0,0.0
p21015,csp,0.0,0.0,0.0,0.0,0.0
p21017,csp,0.0,0.0,0.0,0.0,0.0
p21027,csp,0.0,0.0,0.0,0.0,0.0
p21029,csp,0.0,0.0,0.0,0.0,0.0
p21031,csp,0.0,0.0,0.0,0.0,0.0
p21033,csp,0.0,0.0,0.0,0.0,0.0
p21047,csp,0.0,0.0,0.0,0.0,0.0
p21049,csp,0.0,0.0,0.0,0.0,0.0
p21055,csp,0.0,0.0,0.0,0.0,0.0
p21059,csp,0.0,0.0,0.0,0.0,0.0
p21067,csp,0.0,0.0,0.0,0.0,0.0
p21069,csp,0.0,0.0,0.0,0.0,0.0
p21079,csp,0.0,0.0,0.0,0.0,0.0
p21081,csp,0.0,0.0,0.0,0.0,0.0
p21083,csp,0.0,0.0,0.0,0.0,0.0
p21087,csp,0.0,0.0,0.0,0.0,0.0
p21091,csp,0.0,0.0,0.0,0.0,0.0
p21093,csp,0.0,0.0,0.0,0.0,0.0
p21097,csp,0.0,0.0,0.0,0.0,0.0
p21099,csp,0.0,0.0,0.0,0.0,0.0
p21101,csp,0.0,0.0,0.0,0.0,0.0
p21105,csp,0.0,0.0,0.0,0.0,0.0
p21107,csp,0.0,0.0,0.0,0.0,0.0
p21109,csp,0.0,0.0,0.0,0.0,0.0
p21119,csp,0.0,0.0,0.0,0.0,0.0
p21123,csp,0.0,0.0,0.0,0.0,0.0
p21127,csp,0.0,0.0,0.0,0.0,0.0
p21131,csp,0.0,0.0,0.0,0.0,0.0
p21133,csp,0.0,0.0,0.0,0.0,0.0
p21139,csp,0.0,0.0,0.0,0.0,0.0
p21141,csp,0.0,0.0,0.0,0.0,0.0
p21143,csp,0.0,0.0,0.0,0.0,0.0
p21145,csp,0.0,0.0,0.0,0.0,0.0
p21149,csp,0.0,0.0,0.0,0.0,0.0
p21151,csp,0.0,0.0,0.0,0.0,0.0
p21155,csp,0.0,0.0,0.0,0.0,0.0
p21159,csp,0.0,0.0,0.0,0.0,0.0
p21161,csp,0.0,0.0,0.0,0.0,0.0
p21163,csp,0.0,0.0,0.0,0.0,0.0
p21167,csp,0.0,0.0,0.0,0.0,0.0
p21169,csp,0.0,0.0,0.0,0.0,0.0
p21173,csp,0.0,0.0,0.0,0.0,0.0
p21177,csp,0.0,0.0,0.0,0.0,0.0
p21179,csp,0.0,0.0,0.0,0.0,0.0
p21183,csp,0.0,0.0,0.0,0.0,0.0
p21193,csp,0.0,0.0,0.0,0.0,0.0
p21195,csp,0.0,0.0,0.0,0.0,0.0
p21207,csp,0.0,0.0,0.0,0.0,0.0
p21209,csp,0.0,0.0,0.0,0.0,0.0
p21213,csp,0.0,0.0,0.0,0.0,0.0
p21217,csp,0.0,0.0,0.0,0.0,0.0
p21223,csp,0.0,0.0,0.0,0.0,0.0
p21229,csp,0.0,0.0,0.0,0.0,0.0
p21231,csp,0.0,0.0,0.0,0.0,0.0
p21233,csp,0.0,0.0,0.0,0.0,0.0
p22001,csp,0.0,0.0,0.0,0.0,0.0
p22003,csp,0.0,0.0,0.0,0.0,0.0
p22005,csp,0.0,0.0,0.0,0.0,0.0
p22007,csp,0.0,0.0,0.0,0.0,0.0
p22009,csp,0.0,0.0,0.0,0.0,0.0
p22011,csp,0.0,0.0,0.0,0.0,0.0
p22013,csp,0.0,0.0,0.0,0.0,0.0
p22015,csp,0.0,0.0,0.0,0.0,0.0
p22017,csp,0.0,0.0,0.0,0.0,0.0
p22019,csp,0.0,0.0,0.0,0.0,0.0
p22029,csp,0.0,0.0,0.0,0.0,0.0
p22031,csp,0.0,0.0,0.0,0.0,0.0
p22033,csp,0.0,0.0,0.0,0.0,0.0
p22035,csp,0.0,0.0,0.0,0.0,0.0
p22037,csp,0.0,0.0,0.0,0.0,0.0
p22039,csp,0.0,0.0,0.0,0.0,0.0
p22041,csp,0.0,0.0,0.0,0.0,0.0
p22043,csp,0.0,0.0,0.0,0.0,0.0
p22047,csp,0.0,0.0,0.0,0.0,0.0
p22051,csp,0.0,0.0,0.0,0.0,0.0
p22053,csp,0.0,0.0,0.0,0.0,0.0
p22055,csp,0.0,0.0,0.0,0.0,0.0
p22057,csp,0.0,0.0,0.0,0.0,0.0
p22061,csp,0.0,0.0,0.0,0.0,0.0
p22063,csp,0.0,0.0,0.0,0.0,0.0
p22067,csp,0.0,0.0,0.0,0.0,0.0
p22071,csp,0.0,0.0,0.0,0.0,0.0
p22073,csp,0.0,0.0,0.0,0.0,0.0
p22077,csp,0.0,0.0,0.0,0.0,0.0
p22079,csp,0.0,0.0,0.0,0.0,0.0
p22081,csp,0.0,0.0,0.0,0.0,0.0
p22083,csp,0.0,0.0,0.0,0.0,0.0
p22085,csp,0.0,0.0,0.0,0.0,0.0
p22091,csp,0.0,0.0,0.0,0.0,0.0
p22093,csp,0.0,0.0,0.0,0.0,0.0
p22095,csp,0.0,0.0,0.0,0.0,0.0
p22097,csp,0.0,0.0,0.0,0.0,0.0
p22099,csp,0.0,0.0,0.0,0.0,0.0
p22101,csp,0.0,0.0,0.0,0.0,0.0
p22103,csp,0.0,0.0,0.0,0.0,0.0
p22105,csp,0.0,0.0,0.0,0.0,0.0
p22111,csp,0.0,0.0,0.0,0.0,0.0
p22113,csp,0.0,0.0,0.0,0.0,0.0
p22117,csp,0.0,0.0,0.0,0.0,0.0
p22119,csp,0.0,0.0,0.0,0.0,0.0
p22121,csp,0.0,0.0,0.0,0.0,0.0
p22123,csp,0.0,0.0,0.0,0.0,0.0
p22127,csp,0.0,0.0,0.0,0.0,0.0
p23001,csp,0.0,0.0,0.0,0.0,0.0
p23003,csp,0.0,0.0,0.0,0.0,0.0
p23005,csp,0.0,0.0,0.0,0.0,0.0
p23007,csp,0.0,0.0,0.0,0.0,0.0
p23009,csp,0.0,0.0,0.0,0.0,0.0
p23011,csp,0.0,0.0,0.0,0.0,0.0
p23013,csp,0.0,0.0,0.0,0.0,0.0
p23015,csp,0.0,0.0,0.0,0.0,0.0
p23017,csp,0.0,0.0,0.0,0.0,0.0
p23019,csp,0.0,0.0,0.0,0.0,0.0
p23021,csp,0.0,0.0,0.0,0.0,0.0
p23023,csp,0.0,0.0,0.0,0.0,0.0
p23025,csp,0.0,0.0,0.0,0.0,0.0
p23027,csp,0.0,0.0,0.0,0.0,0.0
p23029,csp,0.0,0.0,0.0,0.0,0.0
p23031,csp,0.0,0.0,0.0,0.0,0.0
p24001,csp,0.0,0.0,0.0,0.0,0.0
p24003,csp,0.0,0.0,0.0,0.0,0.0
p24005,csp,0.0,0.0,0.0,0.0,0.0
p24009,csp,0.0,0.0,0.0,0.0,0.0
p24011,csp,0.0,0.0,0.0,0.0,0.0
p24015,csp,0.0,0.0,0.0,0.0,0.0
p24017,csp,0.0,0.0,0.0,0.0,0.0
p24019,csp,0.0,0.0,0.0,0.0,0.0
p24021,csp,0.0,0.0,0.0,0.0,0.0
p24023,csp,0.0,0.0,0.0,0.0,0.0
p24025,csp,0.0,0.0,0.0,0.0,0.0
p24029,csp,0.0,0.0,0.0,0.0,0.0
p24031,csp,0.0,0.0,0.0,0.0,0.0
p24033,csp,0.0,0.0,0.0,0.0,0.0
p24035,csp,0.0,0.0,0.0,0.0,0.0
p24039,csp,0.0,0.0,0.0,0.0,0.0
p24041,csp,0.0,0.0,0.0,0.0,0.0
p24043,csp,0.0,0.0,0.0,0.0,0.0
p24045,csp,0.0,0.0,0.0,0.0,0.0
p24047,csp,0.0,0.0,0.0,0.0,0.0
p25001,csp,0.0,0.0,0.0,0.0,0.0
p25003,csp,0.0,0.0,0.0,0.0,0.0
p25005,csp,0.0,0.0,0.0,0.0,0.0
p25009,csp,0.0,0.0,0.0,0.0,0.0
p25011,csp,0.0,0.0,0.0,0.0,0.0
p25013,csp,0.0,0.0,0.0,0.0,0.0
p25015,csp,0.0,0.0,0.0,0.0,0.0
p25017,csp,0.0,0.0,0.0,0.0,0.0
p25021,csp,0.0,0.0,0.0,0.0,0.0
p25023,csp,0.0,0.0,0.0,0.0,0.0
p25025,csp,0.0,0.0,0.0,0.0,0.0
p25027,csp,0.0,0.0,0.0,0.0,0.0
p26001,csp,0.0,0.0,0.0,0.0,0.0
p26005,csp,0.0,0.0,0.0,0.0,0.0
p26011,csp,0.0,0.0,0.0,0.0,0.0
p26013,csp,0.0,0.0,0.0,0.0,0.0
p26017,csp,0.0,0.0,0.0,0.0,0.0
p26021,csp,0.0,0.0,0.0,0.0,0.0
p26023,csp,0.0,0.0,0.0,0.0,0.0
p26025,csp,0.0,0.0,0.0,0.0,0.0
p26027,csp,0.0,0.0,0.0,0.0,0.0
p26031,csp,0.0,0.0,0.0,0.0,0.0
p26035,csp,0.0,0.0,0.0,0.0,0.0
p26037,csp,0.0,0.0,0.0,0.0,0.0
p26041,csp,0.0,0.0,0.0,0.0,0.0
p26043,csp,0.0,0.0,0.0,0.0,0.0
p26045,csp,0.0,0.0,0.0,0.0,0.0
p26049,csp,0.0,0.0,0.0,0.0,0.0
p26051,csp,0.0,0.0,0.0,0.0,0.0
p26057,csp,0.0,0.0,0.0,0.0,0.0
p26059,csp,0.0,0.0,0.0,0.0,0.0
p26063,csp,0.0,0.0,0.0,0.0,0.0
p26065,csp,0.0,0.0,0.0,0.0,0.0
p26067,csp,0.0,0.0,0.0,0.0,0.0
p26069,csp,0.0,0.0,0.0,0.0,0.0
p26075,csp,0.0,0.0,0.0,0.0,0.0
p26077,csp,0.0,0.0,0.0,0.0,0.0
p26079,csp,0.0,0.0,0.0,0.0,0.0
p26081,csp,0.0,0.0,0.0,0.0,0.0
p26091,csp,0.0,0.0,0.0,0.0,0.0
p26093,csp,0.0,0.0,0.0,0.0,0.0
p26099,csp,0.0,0.0,0.0,0.0,0.0
p26103,csp,0.0,0.0,0.0,0.0,0.0
p26105,csp,0.0,0.0,0.0,0.0,0.0
p26111,csp,0.0,0.0,0.0,0.0,0.0
p26115,csp,0.0,0.0,0.0,0.0,0.0
p26117,csp,0.0,0.0,0.0,0.0,0.0
p26121,csp,0.0,0.0,0.0,0.0,0.0
p26123,csp,0.0,0.0,0.0,0.0,0.0
p26127,csp,0.0,0.0,0.0,0.0,0.0
p26129,csp,0.0,0.0,0.0,0.0,0.0
p26133,csp,0.0,0.0,0.0,0.0,0.0
p26137,csp,0.0,0.0,0.0,0.0,0.0
p26139,csp,0.0,0.0,0.0,0.0,0.0
p26141,csp,0.0,0.0,0.0,0.0,0.0
p26143,csp,0.0,0.0,0.0,0.0,0.0
p26145,csp,0.0,0.0,0.0,0.0,0.0
p26147,csp,0.0,0.0,0.0,0.0,0.0
p26149,csp,0.0,0.0,0.0,0.0,0.0
p26151,csp,0.0,0.0,0.0,0.0,0.0
p26155,csp,0.0,0.0,0.0,0.0,0.0
p26157,csp,0.0,0.0,0.0,0.0,0.0
p26159,csp,0.0,0.0,0.0,0.0,0.0
p26161,csp,0.0,0.0,0.0,0.0,0.0
p26163,csp,0.0,0.0,0.0,0.0,0.0
p27003,csp,0.0,0.0,0.0,0.0,0.0
p27009,csp,0.0,0.0,0.0,0.0,0.0
p27025,csp,0.0,0.0,0.0,0.0,0.0
p27027,csp,0.0,0.0,0.0,0.0,0.0
p27029,csp,0.0,0.0,0.0,0.0,0.0
p27033,csp,0.0,0.0,0.0,0.0,0.0
p27037,csp,0.0,0.0,0.0,0.0,0.0
p27041,csp,0.0,0.0,0.0,0.0,0.0
p27043,csp,0.0,0.0,0.0,0.0,0.0
p27045,csp,0.0,0.0,0.0,0.0,0.0
p27047,csp,0.0,0.0,0.0,0.0,0.0
p27049,csp,0.0,0.0,0.0,0.0,0.0
p27053,csp,0.0,0.0,0.0,0.0,0.0
p27057,csp,0.0,0.0,0.0,0.0,0.0
p27059,csp,0.0,0.0,0.0,0.0,0.0
p27063,csp,0.0,0.0,0.0,0.0,0.0
p27081,csp,0.0,0.0,0.0,0.0,0.0
p27083,csp,0.0,0.0,0.0,0.0,0.0
p27089,csp,0.0,0.0,0.0,0.0,0.0
p27091,csp,0.0,0.0,0.0,0.0,0.0
p27097,csp,0.0,0.0,0.0,0.0,0.0
p27099,csp,0.0,0.0,0.0,0.0,0.0
p27101,csp,0.0,0.0,0.0,0.0,0.0
p27105,csp,0.0,0.0,0.0,0.0,0.0
p27109,csp,0.0,0.0,0.0,0.0,0.0
p27117,csp,0.0,0.0,0.0,0.0,0.0
p27119,csp,0.0,0.0,0.0,0.0,0.0
p27125,csp,0.0,0.0,0.0,0.0,0.0
p27127,csp,0.0,0.0,0.0,0.0,0.0
p27129,csp,0.0,0.0,0.0,0.0,0.0
p27133,csp,0.0,0.0,0.0,0.0,0.0
p27137,csp,0.0,0.0,0.0,0.0,0.0
p27139,csp,0.0,0.0,0.0,0.0,0.0
p27141,csp,0.0,0.0,0.0,0.0,0.0
p27149,csp,0.0,0.0,0.0,0.0,0.0
p27157,csp,0.0,0.0,0.0,0.0,0.0
p27159,csp,0.0,0.0,0.0,0.0,0.0
p27163,csp,0.0,0.0,0.0,0.0,0.0
p27165,csp,0.0,0.0,0.0,0.0,0.0
p27167,csp,0.0,0.0,0.0,0.0,0.0
p27173,csp,0.0,0.0,0.0,0.0,0.0
p28003,csp,0.0,0.0,0.0,0.0,0.0
p28005,csp,0.0,0.0,0.0,0.0,0.0
p28007,csp,0.0,0.0,0.0,0.0,0.0
p28011,csp,0.0,0.0,0.0,0.0,0.0
p28013,csp,0.0,0.0,0.0,0.0,0.0
p28015,csp,0.0,0.0,0.0,0.0,0.0
p28017,csp,0.0,0.0,0.0,0.0,0.0
p28019,csp,0.0,0.0,0.0,0.0,0.0
p28023,csp,0.0,0.0,0.0,0.0,0.0
p28025,csp,0.0,0.0,0.0,0.0,0.0
p28027,csp,0.0,0.0,0.0,0.0,0.0
p28031,csp,0.0,0.0,0.0,0.0,0.0
p28033,csp,0.0,0.0,0.0,0.0,0.0
p28035,csp,0.0,0.0,0.0,0.0,0.0
p28037,csp,0.0,0.0,0.0,0.0,0.0
p28045,csp,0.0,0.0,0.0,0.0,0.0
p28049,csp,0.0,0.0,0.0,0.0,0.0
p28051,csp,0.0,0.0,0.0,0.0,0.0
p28053,csp,0.0,0.0,0.0,0.0,0.0
p28061,csp,0.0,0.0,0.0,0.0,0.0
p28063,csp,0.0,0.0,0.0,0.0,0.0
p28065,csp,0.0,0.0,0.0,0.0,0.0
p28067,csp,0.0,0.0,0.0,0.0,0.0
p28073,csp,0.0,0.0,0.0,0.0,0.0
p28081,csp,0.0,0.0,0.0,0.0,0.0
p28083,csp,0.0,0.0,0.0,0.0,0.0
p28085,csp,0.0,0.0,0.0,0.0,0.0
p28087,csp,0.0,0.0,0.0,0.0,0.0
p28089,csp,0.0,0.0,0.0,0.0,0.0
p28091,csp,0.0,0.0,0.0,0.0,0.0
p28093,csp,0.0,0.0,0.0,0.0,0.0
p28095,csp,0.0,0.0,0.0,0.0,0.0
p28097,csp,0.0,0.0,0.0,0.0,0.0
p28101,csp,0.0,0.0,0.0,0.0,0.0
p28105,csp,0.0,0.0,0.0,0.0,0.0
p28107,csp,0.0,0.0,0.0,0.0,0.0
p28109,csp,0.0,0.0,0.0,0.0,0.0
p28111,csp,0.0,0.0,0.0,0.0,0.0
p28115,csp,0.0,0.0,0.0,0.0,0.0
p28119,csp,0.0,0.0,0.0,0.0,0.0
p28121,csp,0.0,0.0,0.0,0.0,0.0
p28123,csp,0.0,0.0,0.0,0.0,0.0
p28125,csp,0.0,0.0,0.0,0.0,0.0
p28127,csp,0.0,0.0,0.0,0.0,0.0
p28131,csp,0.0,0.0,0.0,0.0,0.0
p28133,csp,0.0,0.0,0.0,0.0,0.0
p28135,csp,0.0,0.0,0.0,0.0,0.0
p28137,csp,0.0,0.0,0.0,0.0,0.0
p28143,csp,0.0,0.0,0.0,0.0,0.0
p28147,csp,0.0,0.0,0.0,0.0,0.0
p28151,csp,0.0,0.0,0.0,0.0,0.0
p28153,csp,0.0,0.0,0.0,0.0,0.0
p28157,csp,0.0,0.0,0.0,0.0,0.0
p28163,csp,0.0,0.0,0.0,0.0,0.0
p29001,csp,0.0,0.0,0.0,0.0,0.0
p29003,csp,0.0,0.0,0.0,0.0,0.0
p29005,csp,0.0,0.0,0.0,0.0,0.0
p29007,csp,0.0,0.0,0.0,0.0,0.0
p29009,csp,0.0,0.0,0.0,0.0,0.0
p29011,csp,0.0,0.0,0.0,0.0,0.0
p29017,csp,0.0,0.0,0.0,0.0,0.0
p29019,csp,0.0,0.0,0.0,0.0,0.0
p29023,csp,0.0,0.0,0.0,0.0,0.0
p29025,csp,0.0,0.0,0.0,0.0,0.0
p29027,csp,0.0,0.0,0.0,0.0,0.0
p29031,csp,0.0,0.0,0.0,0.0,0.0
p29033,csp,0.0,0.0,0.0,0.0,0.0
p29037,csp,0.0,0.0,0.0,0.0,0.0
p29039,csp,0.0,0.0,0.0,0.0,0.0
p29041,csp,0.0,0.0,0.0,0.0,0.0
p29043,csp,0.0,0.0,0.0,0.0,0.0
p29045,csp,0.0,0.0,0.0,0.0,0.0
p29047,csp,0.0,0.0,0.0,0.0,0.0
p29049,csp,0.0,0.0,0.0,0.0,0.0
p29053,csp,0.0,0.0,0.0,0.0,0.0
p29057,csp,0.0,0.0,0.0,0.0,0.0
p29067,csp,0.0,0.0,0.0,0.0,0.0
p29073,csp,0.0,0.0,0.0,0.0,0.0
p29075,csp,0.0,0.0,0.0,0.0,0.0
p29077,csp,0.0,0.0,0.0,0.0,0.0
p29083,csp,0.0,0.0,0.0,0.0,0.0
p29093,csp,0.0,0.0,0.0,0.0,0.0
p29095,csp,0.0,0.0,0.0,0.0,0.0
p29097,csp,0.0,0.0,0.0,0.0,0.0
p29099,csp,0.0,0.0,0.0,0.0,0.0
p29101,csp,0.0,0.0,0.0,0.0,0.0
p29103,csp,0.0,0.0,0.0,0.0,0.0
p29107,csp,0.0,0.0,0.0,0.0,0.0
p29113,csp,0.0,0.0,0.0,0.0,0.0
p29119,csp,0.0,0.0,0.0,0.0,0.0
p29121,csp,0.0,0.0,0.0,0.0,0.0
p29123,csp,0.0,0.0,0.0,0.0,0.0
p29125,csp,0.0,0.0,0.0,0.0,0.0
p29127,csp,0.0,0.0,0.0,0.0,0.0
p29133,csp,0.0,0.0,0.0,0.0,0.0
p29139,csp,0.0,0.0,0.0,0.0,0.0
p29143,csp,0.0,0.0,0.0,0.0,0.0
p29145,csp,0.0,0.0,0.0,0.0,0.0
p29147,csp,0.0,0.0,0.0,0.0,0.0
p29159,csp,0.0,0.0,0.0,0.0,0.0
p29163,csp,0.0,0.0,0.0,0.0,0.0
p29167,csp,0.0,0.0,0.0,0.0,0.0
p29173,csp,0.0,0.0,0.0,0.0,0.0
p29175,csp,0.0,0.0,0.0,0.0,0.0
p29183,csp,0.0,0.0,0.0,0.0,0.0
p29187,csp,0.0,0.0,0.0,0.0,0.0
p29201,csp,0.0,0.0,0.0,0.0,0.0
p29207,csp,0.0,0.0,0.0,0.0,0.0
p29219,csp,0.0,0.0,0.0,0.0,0.0
p29221,csp,0.0,0.0,0.0,0.0,0.0
p30003,csp,0.0,0.0,0.0,0.0,0.0
p30007,csp,0.0,0.0,0.0,0.0,0.0
p30013,csp,0.0,0.0,0.0,0.0,0.0
p30021,csp,0.0,0.0,0.0,0.0,0.0
p30029,csp,0.0,0.0,0.0,0.0,0.0
p30031,csp,0.0,0.0,0.0,0.0,0.0
p30053,csp,0.0,0.0,0.0,0.0,0.0
p30057,csp,0.0,0.0,0.0,0.0,0.0
p30059,csp,0.0,0.0,0.0,0.0,0.0
p30065,csp,0.0,0.0,0.0,0.0,0.0
p30077,csp,0.0,0.0,0.0,0.0,0.0
p30087,csp,0.0,0.0,0.0,0.0,0.0
p30093,csp,0.0,0.0,0.0,0.0,0.0
p30095,csp,0.0,0.0,0.0,0.0,0.0
p30099,csp,0.0,0.0,0.0,0.0,0.0
p30107,csp,0.0,0.0,0.0,0.0,0.0
p30109,csp,0.0,0.0,0.0,0.0,0.0
p30111,csp,0.0,0.0,0.0,0.0,0.0
p31003,csp,0.0,0.0,0.0,0.0,0.0
p31007,csp,0.0,0.0,0.0,0.0,0.0
p31017,csp,0.0,0.0,0.0,0.0,0.0
p31021,csp,0.0,0.0,0.0,0.0,0.0
p31023,csp,0.0,0.0,0.0,0.0,0.0
p31025,csp,0.0,0.0,0.0,0.0,0.0
p31027,csp,0.0,0.0,0.0,0.0,0.0
p31029,csp,0.0,0.0,0.0,0.0,0.0
p31031,csp,0.0,0.0,0.0,0.0,0.0
p31033,csp,0.0,0.0,0.0,0.0,0.0
p31041,csp,0.0,0.0,0.0,0.0,0.0
p31043,csp,0.0,0.0,0.0,0.0,0.0
p31055,csp,0.0,0.0,0.0,0.0,0.0
p31067,csp,0.0,0.0,0.0,0.0,0.0
p31077,csp,0.0,0.0,0.0,0.0,0.0
p31089,csp,0.0,0.0,0.0,0.0,0.0
p31095,csp,0.0,0.0,0.0,0.0,0.0
p31101,csp,0.0,0.0,0.0,0.0,0.0
p31107,csp,0.0,0.0,0.0,0.0,0.0
p31109,csp,0.0,0.0,0.0,0.0,0.0
p31111,csp,0.0,0.0,0.0,0.0,0.0
p31119,csp,0.0,0.0,0.0,0.0,0.0
p31127,csp,0.0,0.0,0.0,0.0,0.0
p31135,csp,0.0,0.0,0.0,0.0,0.0
p31139,csp,0.0,0.0,0.0,0.0,0.0
p31147,csp,0.0,0.0,0.0,0.0,0.0
p31151,csp,0.0,0.0,0.0,0.0,0.0
p31153,csp,0.0,0.0,0.0,0.0,0.0
p31159,csp,0.0,0.0,0.0,0.0,0.0
p31165,csp,0.0,0.0,0.0,0.0,0.0
p31169,csp,0.0,0.0,0.0,0.0,0.0
p31177,csp,0.0,0.0,0.0,0.0,0.0
p31179,csp,0.0,0.0,0.0,0.0,0.0
p31181,csp,0.0,0.0,0.0,0.0,0.0
p32001,csp,0.0,0.0,0.0,0.0,0.0
p32003,csp,0.0,0.0,0.0,0.0,0.0
p32007,csp,0.0,0.0,0.0,0.0,0.0
p32009,csp,0.0,0.0,0.0,0.0,0.0
p32011,csp,0.0,0.0,0.0,0.0,0.0
p32013,csp,0.0,0.0,0.0,0.0,0.0
p32015,csp,0.0,0.0,0.0,0.0,0.0
p32019,csp,0.0,0.0,0.0,0.0,0.0
p32021,csp,0.0,0.0,0.0,0.0,0.0
p32023,csp,0.0,0.0,0.0,0.0,0.0
p32027,csp,0.0,0.0,0.0,0.0,0.0
p32029,csp,0.0,0.0,0.0,0.0,0.0
p32031,csp,0.0,0.0,0.0,0.0,0.0
p32033,csp,0.0,0.0,0.0,0.0,0.0
p32510,csp,0.0,0.0,0.0,0.0,0.0
p33001,csp,0.0,0.0,0.0,0.0,0.0
p33005,csp,0.0,0.0,0.0,0.0,0.0
p33011,csp,0.0,0.0,0.0,0.0,0.0
p33013,csp,0.0,0.0,0.0,0.0,0.0
p33015,csp,0.0,0.0,0.0,0.0,0.0
p33017,csp,0.0,0.0,0.0,0.0,0.0
p33019,csp,0.0,0.0,0.0,0.0,0.0
p34001,csp,0.0,0.0,0.0,0.0,0.0
p34003,csp,0.0,0.0,0.0,0.0,0.0
p34005,csp,0.0,0.0,0.0,0.0,0.0
p34007,csp,0.0,0.0,0.0,0.0,0.0
p34009,csp,0.0,0.0,0.0,0.0,0.0
p34011,csp,0.0,0.0,0.0,0.0,0.0
p34013,csp,0.0,0.0,0.0,0.0,0.0
p34015,csp,0.0,0.0,0.0,0.0,0.0
p34017,csp,0.0,0.0,0.0,0.0,0.0
p34019,csp,0.0,0.0,0.0,0.0,0.0
p34021,csp,0.0,0.0,0.0,0.0,0.0
p34023,csp,0.0,0.0,0.0,0.0,0.0
p34025,csp,0.0,0.0,0.0,0.0,0.0
p34027,csp,0.0,0.0,0.0,0.0,0.0
p34029,csp,0.0,0.0,0.0,0.0,0.0
p34033,csp,0.0,0.0,0.0,0.0,0.0
p34035,csp,0.0,0.0,0.0,0.0,0.0
p34037,csp,0.0,0.0,0.0,0.0,0.0
p34041,csp,0.0,0.0,0.0,0.0,0.0
p35001,csp,0.0,0.0,0.0,0.0,0.0
p35005,csp,0.0,0.0,0.0,0.0,0.0
p35006,csp,0.0,0.0,0.0,0.0,0.0
p35009,csp,0.0,0.0,0.0,0.0,0.0
p35011,csp,0.0,0.0,0.0,0.0,0.0
p35013,csp,0.0,0.0,0.0,0.0,0.0
p35015,csp,0.0,0.0,0.0,0.0,0.0
p35017,csp,0.0,0.0,0.0,0.0,0.0
p35019,csp,0.0,0.0,0.0,0.0,0.0
p35021,csp,0.0,0.0,0.0,0.0,0.0
p35023,csp,0.0,0.0,0.0,0.0,0.0
p35025,csp,0.0,0.0,0.0,0.0,0.0
p35027,csp,0.0,0.0,0.0,0.0,0.0
p35029,csp,0.0,0.0,0.0,0.0,0.0
p35031,csp,0.0,0.0,0.0,0.0,0.0
p35035,csp,0.0,0.0,0.0,0.0,0.0
p35037,csp,0.0,0.0,0.0,0.0,0.0
p35041,csp,0.0,0.0,0.0,0.0,0.0
p35043,csp,0.0,0.0,0.0,0.0,0.0
p35045,csp,0.0,0.0,0.0,0.0,0.0
p35049,csp,0.0,0.0,0.0,0.0,0.0
p35053,csp,0.0,0.0,0.0,0.0,0.0
p35057,csp,0.0,0.0,0.0,0.0,0.0
p35059,csp,0.0,0.0,0.0,0.0,0.0
p35061,csp,0.0,0.0,0.0,0.0,0.0
p36001,csp,0.0,0.0,0.0,0.0,0.0
p36003,csp,0.0,0.0,0.0,0.0,0.0
p36005,csp,0.0,0.0,0.0,0.0,0.0
p36007,csp,0.0,0.0,0.0,0.0,0.0
p36009,csp,0.0,0.0,0.0,0.0,0.0
p36011,csp,0.0,0.0,0.0,0.0,0.0
p36013,csp,0.0,0.0,0.0,0.0,0.0
p36015,csp,0.0,0.0,0.0,0.0,0.0
p36017,csp,0.0,0.0,0.0,0.0,0.0
p36019,csp,0.0,0.0,0.0,0.0,0.0
p36021,csp,0.0,0.0,0.0,0.0,0.0
p36023,csp,0.0,0.0,0.0,0.0,0.0
p36025,csp,0.0,0.0,0.0,0.0,0.0
p36027,csp,0.0,0.0,0.0,0.0,0.0
p36029,csp,0.0,0.0,0.0,0.0,0.0
p36031,csp,0.0,0.0,0.0,0.0,0.0
p36033,csp,0.0,0.0,0.0,0.0,0.0
p36035,csp,0.0,0.0,0.0,0.0,0.0
p36037,csp,0.0,0.0,0.0,0.0,0.0
p36039,csp,0.0,0.0,0.0,0.0,0.0
p36041,csp,0.0,0.0,0.0,0.0,0.0
p36043,csp,0.0,0.0,0.0,0.0,0.0
p36045,csp,0.0,0.0,0.0,0.0,0.0
p36047,csp,0.0,0.0,0.0,0.0,0.0
p36049,csp,0.0,0.0,0.0,0.0,0.0
p36051,csp,0.0,0.0,0.0,0.0,0.0
p36053,csp,0.0,0.0,0.0,0.0,0.0
p36055,csp,0.0,0.0,0.0,0.0,0.0
p36057,csp,0.0,0.0,0.0,0.0,0.0
p36059,csp,0.0,0.0,0.0,0.0,0.0
p36061,csp,0.0,0.0,0.0,0.0,0.0
p36063,csp,0.0,0.0,0.0,0.0,0.0
p36065,csp,0.0,0.0,0.0,0.0,0.0
p36067,csp,0.0,0.0,0.0,0.0,0.0
p36069,csp,0.0,0.0,0.0,0.0,0.0
p36071,csp,0.0,0.0,0.0,0.0,0.0
p36073,csp,0.0,0.0,0.0,0.0,0.0
p36075,csp,0.0,0.0,0.0,0.0,0.0
p36077,csp,0.0,0.0,0.0,0.0,0.0
p36079,csp,0.0,0.0,0.0,0.0,0.0
p36081,csp,0.0,0.0,0.0,0.0,0.0
p36083,csp,0.0,0.0,0.0,0.0,0.0
p36085,csp,0.0,0.0,0.0,0.0,0.0
p36087,csp,0.0,0.0,0.0,0.0,0.0
p36089,csp,0.0,0.0,0.0,0.0,0.0
p36091,csp,0.0,0.0,0.0,0.0,0.0
p36093,csp,0.0,0.0,0.0,0.0,0.0
p36095,csp,0.0,0.0,0.0,0.0,0.0
p36097,csp,0.0,0.0,0.0,0.0,0.0
p36099,csp,0.0,0.0,0.0,0.0,0.0
p36101,csp,0.0,0.0,0.0,0.0,0.0
p36103,csp,0.0,0.0,0.0,0.0,0.0
p36105,csp,0.0,0.0,0.0,0.0,0.0
p36107,csp,0.0,0.0,0.0,0.0,0.0
p36109,csp,0.0,0.0,0.0,0.0,0.0
p36111,csp,0.0,0.0,0.0,0.0,0.0
p36113,csp,0.0,0.0,0.0,0.0,0.0
p36115,csp,0.0,0.0,0.0,0.0,0.0
p36119,csp,0.0,0.0,0.0,0.0,0.0
p36121,csp,0.0,0.0,0.0,0.0,0.0
p36123,csp,0.0,0.0,0.0,0.0,0.0
p37001,csp,0.0,0.0,0.0,0.0,0.0
p37013,csp,0.0,0.0,0.0,0.0,0.0
p37015,csp,0.0,0.0,0.0,0.0,0.0
p37017,csp,0.0,0.0,0.0,0.0,0.0
p37021,csp,0.0,0.0,0.0,0.0,0.0
p37023,csp,0.0,0.0,0.0,0.0,0.0
p37035,csp,0.0,0.0,0.0,0.0,0.0
p37037,csp,0.0,0.0,0.0,0.0,0.0
p37041,csp,0.0,0.0,0.0,0.0,0.0
p37045,csp,0.0,0.0,0.0,0.0,0.0
p37047,csp,0.0,0.0,0.0,0.0,0.0
p37051,csp,0.0,0.0,0.0,0.0,0.0
p37053,csp,0.0,0.0,0.0,0.0,0.0
p37057,csp,0.0,0.0,0.0,0.0,0.0
p37061,csp,0.0,0.0,0.0,0.0,0.0
p37063,csp,0.0,0.0,0.0,0.0,0.0
p37065,csp,0.0,0.0,0.0,0.0,0.0
p37071,csp,0.0,0.0,0.0,0.0,0.0
p37077,csp,0.0,0.0,0.0,0.0,0.0
p37079,csp,0.0,0.0,0.0,0.0,0.0
p37081,csp,0.0,0.0,0.0,0.0,0.0
p37083,csp,0.0,0.0,0.0,0.0,0.0
p37085,csp,0.0,0.0,0.0,0.0,0.0
p37091,csp,0.0,0.0,0.0,0.0,0.0
p37093,csp,0.0,0.0,0.0,0.0,0.0
p37099,csp,0.0,0.0,0.0,0.0,0.0
p37101,csp,0.0,0.0,0.0,0.0,0.0
p37103,csp,0.0,0.0,0.0,0.0,0.0
p37107,csp,0.0,0.0,0.0,0.0,0.0
p37109,csp,0.0,0.0,0.0,0.0,0.0
p37113,csp,0.0,0.0,0.0,0.0,0.0
p37117,csp,0.0,0.0,0.0,0.0,0.0
p37119,csp,0.0,0.0,0.0,0.0,0.0
p37123,csp,0.0,0.0,0.0,0.0,0.0
p37127,csp,0.0,0.0,0.0,0.0,0.0
p37139,csp,0.0,0.0,0.0,0.0,0.0
p37143,csp,0.0,0.0,0.0,0.0,0.0
p37145,csp,0.0,0.0,0.0,0.0,0.0
p37147,csp,0.0,0.0,0.0,0.0,0.0
p37151,csp,0.0,0.0,0.0,0.0,0.0
p37153,csp,0.0,0.0,0.0,0.0,0.0
p37155,csp,0.0,0.0,0.0,0.0,0.0
p37161,csp,0.0,0.0,0.0,0.0,0.0
p37163,csp,0.0,0.0,0.0,0.0,0.0
p37165,csp,0.0,0.0,0.0,0.0,0.0
p37171,csp,0.0,0.0,0.0,0.0,0.0
p37179,csp,0.0,0.0,0.0,0.0,0.0
p37181,csp,0.0,0.0,0.0,0.0,0.0
p37183,csp,0.0,0.0,0.0,0.0,0.0
p37185,csp,0.0,0.0,0.0,0.0,0.0
p37187,csp,0.0,0.0,0.0,0.0,0.0
p37191,csp,0.0,0.0,0.0,0.0,0.0
p37193,csp,0.0,0.0,0.0,0.0,0.0
p37195,csp,0.0,0.0,0.0,0.0,0.0
p38003,csp,0.0,0.0,0.0,0.0,0.0
p38011,csp,0.0,0.0,0.0,0.0,0.0
p38013,csp,0.0,0.0,0.0,0.0,0.0
p38017,csp,0.0,0.0,0.0,0.0,0.0
p38029,csp,0.0,0.0,0.0,0.0,0.0
p38045,csp,0.0,0.0,0.0,0.0,0.0
p38051,csp,0.0,0.0,0.0,0.0,0.0
p38053,csp,0.0,0.0,0.0,0.0,0.0
p38055,csp,0.0,0.0,0.0,0.0,0.0
p38057,csp,0.0,0.0,0.0,0.0,0.0
p38059,csp,0.0,0.0,0.0,0.0,0.0
p38065,csp,0.0,0.0,0.0,0.0,0.0
p38081,csp,0.0,0.0,0.0,0.0,0.0
p38085,csp,0.0,0.0,0.0,0.0,0.0
p38087,csp,0.0,0.0,0.0,0.0,0.0
p38089,csp,0.0,0.0,0.0,0.0,0.0
p38091,csp,0.0,0.0,0.0,0.0,0.0
p38093,csp,0.0,0.0,0.0,0.0,0.0
p38101,csp,0.0,0.0,0.0,0.0,0.0
p38105,csp,0.0,0.0,0.0,0.0,0.0
p39001,csp,0.0,0.0,0.0,0.0,0.0
p39003,csp,0.0,0.0,0.0,0.0,0.0
p39005,csp,0.0,0.0,0.0,0.0,0.0
p39007,csp,0.0,0.0,0.0,0.0,0.0
p39011,csp,0.0,0.0,0.0,0.0,0.0
p39013,csp,0.0,0.0,0.0,0.0,0.0
p39015,csp,0.0,0.0,0.0,0.0,0.0
p39017,csp,0.0,0.0,0.0,0.0,0.0
p39019,csp,0.0,0.0,0.0,0.0,0.0
p39021,csp,0.0,0.0,0.0,0.0,0.0
p39023,csp,0.0,0.0,0.0,0.0,0.0
p39025,csp,0.0,0.0,0.0,0.0,0.0
p39027,csp,0.0,0.0,0.0,0.0,0.0
p39029,csp,0.0,0.0,0.0,0.0,0.0
p39031,csp,0.0,0.0,0.0,0.0,0.0
p39033,csp,0.0,0.0,0.0,0.0,0.0
p39039,csp,0.0,0.0,0.0,0.0,0.0
p39041,csp,0.0,0.0,0.0,0.0,0.0
p39043,csp,0.0,0.0,0.0,0.0,0.0
p39045,csp,0.0,0.0,0.0,0.0,0.0
p39047,csp,0.0,0.0,0.0,0.0,0.0
p39049,csp,0.0,0.0,0.0,0.0,0.0
p39051,csp,0.0,0.0,0.0,0.0,0.0
p39053,csp,0.0,0.0,0.0,0.0,0.0
p39057,csp,0.0,0.0,0.0,0.0,0.0
p39059,csp,0.0,0.0,0.0,0.0,0.0
p39063,csp,0.0,0.0,0.0,0.0,0.0
p39065,csp,0.0,0.0,0.0,0.0,0.0
p39067,csp,0.0,0.0,0.0,0.0,0.0
p39069,csp,0.0,0.0,0.0,0.0,0.0
p39071,csp,0.0,0.0,0.0,0.0,0.0
p39077,csp,0.0,0.0,0.0,0.0,0.0
p39079,csp,0.0,0.0,0.0,0.0,0.0
p39081,csp,0.0,0.0,0.0,0.0,0.0
p39083,csp,0.0,0.0,0.0,0.0,0.0
p39089,csp,0.0,0.0,0.0,0.0,0.0
p39091,csp,0.0,0.0,0.0,0.0,0.0
p39093,csp,0.0,0.0,0.0,0.0,0.0
p39095,csp,0.0,0.0,0.0,0.0,0.0
p39097,csp,0.0,0.0,0.0,0.0,0.0
p39099,csp,0.0,0.0,0.0,0.0,0.0
p39101,csp,0.0,0.0,0.0,0.0,0.0
p39105,csp,0.0,0.0,0.0,0.0,0.0
p39109,csp,0.0,0.0,0.0,0.0,0.0
p39111,csp,0.0,0.0,0.0,0.0,0.0
p39113,csp,0.0,0.0,0.0,0.0,0.0
p39115,csp,0.0,0.0,0.0,0.0,0.0
p39117,csp,0.0,0.0,0.0,0.0,0.0
p39119,csp,0.0,0.0,0.0,0.0,0.0
p39123,csp,0.0,0.0,0.0,0.0,0.0
p39125,csp,0.0,0.0,0.0,0.0,0.0
p39127,csp,0.0,0.0,0.0,0.0,0.0
p39129,csp,0.0,0.0,0.0,0.0,0.0
p39131,csp,0.0,0.0,0.0,0.0,0.0
p39135,csp,0.0,0.0,0.0,0.0,0.0
p39137,csp,0.0,0.0,0.0,0.0,0.0
p39139,csp,0.0,0.0,0.0,0.0,0.0
p39141,csp,0.0,0.0,0.0,0.0,0.0
p39147,csp,0.0,0.0,0.0,0.0,0.0
p39149,csp,0.0,0.0,0.0,0.0,0.0
p39151,csp,0.0,0.0,0.0,0.0,0.0
p39155,csp,0.0,0.0,0.0,0.0,0.0
p39157,csp,0.0,0.0,0.0,0.0,0.0
p39159,csp,0.0,0.0,0.0,0.0,0.0
p39161,csp,0.0,0.0,0.0,0.0,0.0
p39163,csp,0.0,0.0,0.0,0.0,0.0
p39165,csp,0.0,0.0,0.0,0.0,0.0
p39167,csp,0.0,0.0,0.0,0.0,0.0
p39169,csp,0.0,0.0,0.0,0.0,0.0
p39171,csp,0.0,0.0,0.0,0.0,0.0
p39173,csp,0.0,0.0,0.0,0.0,0.0
p39175,csp,0.0,0.0,0.0,0.0,0.0
p40003,csp,0.0,0.0,0.0,0.0,0.0
p40005,csp,0.0,0.0,0.0,0.0,0.0
p40007,csp,0.0,0.0,0.0,0.0,0.0
p40009,csp,0.0,0.0,0.0,0.0,0.0
p40011,csp,0.0,0.0,0.0,0.0,0.0
p40013,csp,0.0,0.0,0.0,0.0,0.0
p40015,csp,0.0,0.0,0.0,0.0,0.0
p40017,csp,0.0,0.0,0.0,0.0,0.0
p40019,csp,0.0,0.0,0.0,0.0,0.0
p40023,csp,0.0,0.0,0.0,0.0,0.0
p40027,csp,0.0,0.0,0.0,0.0,0.0
p40029,csp,0.0,0.0,0.0,0.0,0.0
p40031,csp,0.0,0.0,0.0,0.0,0.0
p40033,csp,0.0,0.0,0.0,0.0,0.0
p40035,csp,0.0,0.0,0.0,0.0,0.0
p40037,csp,0.0,0.0,0.0,0.0,0.0
p40039,csp,0.0,0.0,0.0,0.0,0.0
p40043,csp,0.0,0.0,0.0,0.0,0.0
p40045,csp,0.0,0.0,0.0,0.0,0.0
p40047,csp,0.0,0.0,0.0,0.0,0.0
p40049,csp,0.0,0.0,0.0,0.0,0.0
p40051,csp,0.0,0.0,0.0,0.0,0.0
p40063,csp,0.0,0.0,0.0,0.0,0.0
p40065,csp,0.0,0.0,0.0,0.0,0.0
p40069,csp,0.0,0.0,0.0,0.0,0.0
p40071,csp,0.0,0.0,0.0,0.0,0.0
p40073,csp,0.0,0.0,0.0,0.0,0.0
p40075,csp,0.0,0.0,0.0,0.0,0.0
p40081,csp,0.0,0.0,0.0,0.0,0.0
p40083,csp,0.0,0.0,0.0,0.0,0.0
p40087,csp,0.0,0.0,0.0,0.0,0.0
p40089,csp,0.0,0.0,0.0,0.0,0.0
p40091,csp,0.0,0.0,0.0,0.0,0.0
p40095,csp,0.0,0.0,0.0,0.0,0.0
p40097,csp,0.0,0.0,0.0,0.0,0.0
p40101,csp,0.0,0.0,0.0,0.0,0.0
p40103,csp,0.0,0.0,0.0,0.0,0.0
p40105,csp,0.0,0.0,0.0,0.0,0.0
p40107,csp,0.0,0.0,0.0,0.0,0.0
p40109,csp,0.0,0.0,0.0,0.0,0.0
p40113,csp,0.0,0.0,0.0,0.0,0.0
p40117,csp,0.0,0.0,0.0,0.0,0.0
p40119,csp,0.0,0.0,0.0,0.0,0.0
p40121,csp,0.0,0.0,0.0,0.0,0.0
p40123,csp,0.0,0.0,0.0,0.0,0.0
p40125,csp,0.0,0.0,0.0,0.0,0.0
p40129,csp,0.0,0.0,0.0,0.0,0.0
p40131,csp,0.0,0.0,0.0,0.0,0.0
p40139,csp,0.0,0.0,0.0,0.0,0.0
p40141,csp,0.0,0.0,0.0,0.0,0.0
p40143,csp,0.0,0.0,0.0,0.0,0.0
p40145,csp,0.0,0.0,0.0,0.0,0.0
p40149,csp,0.0,0.0,0.0,0.0,0.0
p40151,csp,0.0,0.0,0.0,0.0,0.0
p40153,csp,0.0,0.0,0.0,0.0,0.0
p41001,csp,0.0,0.0,0.0,0.0,0.0
p41003,csp,0.0,0.0,0.0,0.0,0.0
p41005,csp,0.0,0.0,0.0,0.0,0.0
p41009,csp,0.0,0.0,0.0,0.0,0.0
p41011,csp,0.0,0.0,0.0,0.0,0.0
p41013,csp,0.0,0.0,0.0,0.0,0.0
p41015,csp,0.0,0.0,0.0,0.0,0.0
p41017,csp,0.0,0.0,0.0,0.0,0.0
p41019,csp,0.0,0.0,0.0,0.0,0.0
p41021,csp,0.0,0.0,0.0,0.0,0.0
p41025,csp,0.0,0.0,0.0,0.0,0.0
p41027,csp,0.0,0.0,0.0,0.0,0.0
p41029,csp,0.0,0.0,0.0,0.0,0.0
p41031,csp,0.0,0.0,0.0,0.0,0.0
p41035,csp,0.0,0.0,0.0,0.0,0.0
p41037,csp,0.0,0.0,0.0,0.0,0.0
p41039,csp,0.0,0.0,0.0,0.0,0.0
p41041,csp,0.0,0.0,0.0,0.0,0.0
p41043,csp,0.0,0.0,0.0,0.0,0.0
p41045,csp,0.0,0.0,0.0,0.0,0.0
p41047,csp,0.0,0.0,0.0,0.0,0.0
p41049,csp,0.0,0.0,0.0,0.0,0.0
p41051,csp,0.0,0.0,0.0,0.0,0.0
p41055,csp,0.0,0.0,0.0,0.0,0.0
p41059,csp,0.0,0.0,0.0,0.0,0.0
p41061,csp,0.0,0.0,0.0,0.0,0.0
p41065,csp,0.0,0.0,0.0,0.0,0.0
p41067,csp,0.0,0.0,0.0,0.0,0.0
p41071,csp,0.0,0.0,0.0,0.0,0.0
p42001,csp,0.0,0.0,0.0,0.0,0.0
p42003,csp,0.0,0.0,0.0,0.0,0.0
p42005,csp,0.0,0.0,0.0,0.0,0.0
p42007,csp,0.0,0.0,0.0,0.0,0.0
p42009,csp,0.0,0.0,0.0,0.0,0.0
p42011,csp,0.0,0.0,0.0,0.0,0.0
p42013,csp,0.0,0.0,0.0,0.0,0.0
p42015,csp,0.0,0.0,0.0,0.0,0.0
p42017,csp,0.0,0.0,0.0,0.0,0.0
p42019,csp,0.0,0.0,0.0,0.0,0.0
p42021,csp,0.0,0.0,0.0,0.0,0.0
p42025,csp,0.0,0.0,0.0,0.0,0.0
p42027,csp,0.0,0.0,0.0,0.0,0.0
p42029,csp,0.0,0.0,0.0,0.0,0.0
p42031,csp,0.0,0.0,0.0,0.0,0.0
p42033,csp,0.0,0.0,0.0,0.0,0.0
p42035,csp,0.0,0.0,0.0,0.0,0.0
p42037,csp,0.0,0.0,0.0,0.0,0.0
p42039,csp,0.0,0.0,0.0,0.0,0.0
p42041,csp,0.0,0.0,0.0,0.0,0.0
p42043,csp,0.0,0.0,0.0,0.0,0.0
p42045,csp,0.0,0.0,0.0,0.0,0.0
p42047,csp,0.0,0.0,0.0,0.0,0.0
p42049,csp,0.0,0.0,0.0,0.0,0.0
p42051,csp,0.0,0.0,0.0,0.0,0.0
p42055,csp,0.0,0.0,0.0,0.0,0.0
p42057,csp,0.0,0.0,0.0,0.0,0.0
p42059,csp,0.0,0.0,0.0,0.0,0.0
p42061,csp,0.0,0.0,0.0,0.0,0.0
p42063,csp,0.0,0.0,0.0,0.0,0.0
p42065,csp,0.0,0.0,0.0,0.0,0.0
p42067,csp,0.0,0.0,0.0,0.0,0.0
p42069,csp,0.0,0.0,0.0,0.0,0.0
p42071,csp,0.0,0.0,0.0,0.0,0.0
p42073,csp,0.0,0.0,0.0,0.0,0.0
p42075,csp,0.0,0.0,0.0,0.0,0.0
p42079,csp,0.0,0.0,0.0,0.0,0.0
p42081,csp,0.0,0.0,0.0,0.0,0.0
p42083,csp,0.0,0.0,0.0,0.0,0.0
p42085,csp,0.0,0.0,0.0,0.0,0.0
p42087,csp,0.0,0.0,0.0,0.0,0.0
p42089,csp,0.0,0.0,0.0,0.0,0.0
p42093,csp,0.0,0.0,0.0,0.0,0.0
p42095,csp,0.0,0.0,0.0,0.0,0.0
p42097,csp,0.0,0.0,0.0,0.0,0.0
p42099,csp,0.0,0.0,0.0,0.0,0.0
p42101,csp,0.0,0.0,0.0,0.0,0.0
p42105,csp,0.0,0.0,0.0,0.0,0.0
p42107,csp,0.0,0.0,0.0,0.0,0.0
p42109,csp,0.0,0.0,0.0,0.0,0.0
p42111,csp,0.0,0.0,0.0,0.0,0.0
p42115,csp,0.0,0.0,0.0,0.0,0.0
p42117,csp,0.0,0.0,0.0,0.0,0.0
p42119,csp,0.0,0.0,0.0,0.0,0.0
p42121,csp,0.0,0.0,0.0,0.0,0.0
p42123,csp,0.0,0.0,0.0,0.0,0.0
p42125,csp,0.0,0.0,0.0,0.0,0.0
p42127,csp,0.0,0.0,0.0,0.0,0.0
p42129,csp,0.0,0.0,0.0,0.0,0.0
p42131,csp,0.0,0.0,0.0,0.0,0.0
p42133,csp,0.0,0.0,0.0,0.0,0.0
p44003,csp,0.0,0.0,0.0,0.0,0.0
p44005,csp,0.0,0.0,0.0,0.0,0.0
p44007,csp,0.0,0.0,0.0,0.0,0.0
p44009,csp,0.0,0.0,0.0,0.0,0.0
p45003,csp,0.0,0.0,0.0,0.0,0.0
p45007,csp,0.0,0.0,0.0,0.0,0.0
p45015,csp,0.0,0.0,0.0,0.0,0.0
p45017,csp,0.0,0.0,0.0,0.0,0.0
p45021,csp,0.0,0.0,0.0,0.0,0.0
p45023,csp,0.0,0.0,0.0,0.0,0.0
p45025,csp,0.0,0.0,0.0,0.0,0.0
p45027,csp,0.0,0.0,0.0,0.0,0.0
p45031,csp,0.0,0.0,0.0,0.0,0.0
p45033,csp,0.0,0.0,0.0,0.0,0.0
p45039,csp,0.0,0.0,0.0,0.0,0.0
p45041,csp,0.0,0.0,0.0,0.0,0.0
p45045,csp,0.0,0.0,0.0,0.0,0.0
p45047,csp,0.0,0.0,0.0,0.0,0.0
p45049,csp,0.0,0.0,0.0,0.0,0.0
p45051,csp,0.0,0.0,0.0,0.0,0.0
p45055,csp,0.0,0.0,0.0,0.0,0.0
p45059,csp,0.0,0.0,0.0,0.0,0.0
p45061,csp,0.0,0.0,0.0,0.0,0.0
p45067,csp,0.0,0.0,0.0,0.0,0.0
p45069,csp,0.0,0.0,0.0,0.0,0.0
p45071,csp,0.0,0.0,0.0,0.0,0.0
p45073,csp,0.0,0.0,0.0,0.0,0.0
p45075,csp,0.0,0.0,0.0,0.0,0.0
p45077,csp,0.0,0.0,0.0,0.0,0.0
p45083,csp,0.0,0.0,0.0,0.0,0.0
p45085,csp,0.0,0.0,0.0,0.0,0.0
p45087,csp,0.0,0.0,0.0,0.0,0.0
p45089,csp,0.0,0.0,0.0,0.0,0.0
p46011,csp,0.0,0.0,0.0,0.0,0.0
p46013,csp,0.0,0.0,0.0,0.0,0.0
p46019,csp,0.0,0.0,0.0,0.0,0.0
p46021,csp,0.0,0.0,0.0,0.0,0.0
p46025,csp,0.0,0.0,0.0,0.0,0.0
p46029,csp,0.0,0.0,0.0,0.0,0.0
p46039,csp,0.0,0.0,0.0,0.0,0.0
p46051,csp,0.0,0.0,0.0,0.0,0.0
p46055,csp,0.0,0.0,0.0,0.0,0.0
p46059,csp,0.0,0.0,0.0,0.0,0.0
p46069,csp,0.0,0.0,0.0,0.0,0.0
p46087,csp,0.0,0.0,0.0,0.0,0.0
p46089,csp,0.0,0.0,0.0,0.0,0.0
p46103,csp,0.0,0.0,0.0,0.0,0.0
p46105,csp,0.0,0.0,0.0,0.0,0.0
p46107,csp,0.0,0.0,0.0,0.0,0.0
p46109,csp,0.0,0.0,0.0,0.0,0.0
p46117,csp,0.0,0.0,0.0,0.0,0.0
p46125,csp,0.0,0.0,0.0,0.0,0.0
p47001,csp,0.0,0.0,0.0,0.0,0.0
p47003,csp,0.0,0.0,0.0,0.0,0.0
p47007,csp,0.0,0.0,0.0,0.0,0.0
p47017,csp,0.0,0.0,0.0,0.0,0.0
p47021,csp,0.0,0.0,0.0,0.0,0.0
p47033,csp,0.0,0.0,0.0,0.0,0.0
p47035,csp,0.0,0.0,0.0,0.0,0.0
p47041,csp,0.0,0.0,0.0,0.0,0.0
p47043,csp,0.0,0.0,0.0,0.0,0.0
p47045,csp,0.0,0.0,0.0,0.0,0.0
p47047,csp,0.0,0.0,0.0,0.0,0.0
p47053,csp,0.0,0.0,0.0,0.0,0.0
p47059,csp,0.0,0.0,0.0,0.0,0.0
p47061,csp,0.0,0.0,0.0,0.0,0.0
p47065,csp,0.0,0.0,0.0,0.0,0.0
p47069,csp,0.0,0.0,0.0,0.0,0.0
p47071,csp,0.0,0.0,0.0,0.0,0.0
p47073,csp,0.0,0.0,0.0,0.0,0.0
p47075,csp,0.0,0.0,0.0,0.0,0.0
p47077,csp,0.0,0.0,0.0,0.0,0.0
p47085,csp,0.0,0.0,0.0,0.0,0.0
p47095,csp,0.0,0.0,0.0,0.0,0.0
p47099,csp,0.0,0.0,0.0,0.0,0.0
p47105,csp,0.0,0.0,0.0,0.0,0.0
p47109,csp,0.0,0.0,0.0,0.0,0.0
p47113,csp,0.0,0.0,0.0,0.0,0.0
p47115,csp,0.0,0.0,0.0,0.0,0.0
p47117,csp,0.0,0.0,0.0,0.0,0.0
p47119,csp,0.0,0.0,0.0,0.0,0.0
p47125,csp,0.0,0.0,0.0,0.0,0.0
p47127,csp,0.0,0.0,0.0,0.0,0.0
p47133,csp,0.0,0.0,0.0,0.0,0.0
p47145,csp,0.0,0.0,0.0,0.0,0.0
p47147,csp,0.0,0.0,0.0,0.0,0.0
p47157,csp,0.0,0.0,0.0,0.0,0.0
p47161,csp,0.0,0.0,0.0,0.0,0.0
p47167,csp,0.0,0.0,0.0,0.0,0.0
p47169,csp,0.0,0.0,0.0,0.0,0.0
p47181,csp,0.0,0.0,0.0,0.0,0.0
p47183,csp,0.0,0.0,0.0,0.0,0.0
p48001,csp,0.0,0.0,0.0,0.0,0.0
p48003,csp,0.0,0.0,0.0,0.0,0.0
p48005,csp,0.0,0.0,0.0,0.0,0.0
p48007,csp,0.0,0.0,0.0,0.0,0.0
p48009,csp,0.0,0.0,0.0,0.0,0.0
p48011,csp,0.0,0.0,0.0,0.0,0.0
p48013,csp,0.0,0.0,0.0,0.0,0.0
p48015,csp,0.0,0.0,0.0,0.0,0.0
p48017,csp,0.0,0.0,0.0,0.0,0.0
p48019,csp,0.0,0.0,0.0,0.0,0.0
p48021,csp,0.0,0.0,0.0,0.0,0.0
p48023,csp,0.0,0.0,0.0,0.0,0.0
p48025,csp,0.0,0.0,0.0,0.0,0.0
p48027,csp,0.0,0.0,0.0,0.0,0.0
p48029,csp,0.0,0.0,0.0,0.0,0.0
p48033,csp,0.0,0.0,0.0,0.0,0.0
p48035,csp,0.0,0.0,0.0,0.0,0.0
p48037,csp,0.0,0.0,0.0,0.0,0.0
p48039,csp,0.0,0.0,0.0,0.0,0.0
p48041,csp,0.0,0.0,0.0,0.0,0.0
p48045,csp,0.0,0.0,0.0,0.0,0.0
p48047,csp,0.0,0.0,0.0,0.0,0.0
p48049,csp,0.0,0.0,0.0,0.0,0.0
p48053,csp,0.0,0.0,0.0,0.0,0.0
p48055,csp,0.0,0.0,0.0,0.0,0.0
p48057,csp,0.0,0.0,0.0,0.0,0.0
p48059,csp,0.0,0.0,0.0,0.0,0.0
p48061,csp,0.0,0.0,0.0,0.0,0.0
p48063,csp,0.0,0.0,0.0,0.0,0.0
p48065,csp,0.0,0.0,0.0,0.0,0.0
p48069,csp,0.0,0.0,0.0,0.0,0.0
p48071,csp,0.0,0.0,0.0,0.0,0.0
p48073,csp,0.0,0.0,0.0,0.0,0.0
p48075,csp,0.0,0.0,0.0,0.0,0.0
p48077,csp,0.0,0.0,0.0,0.0,0.0
p48081,csp,0.0,0.0,0.0,0.0,0.0
p48083,csp,0.0,0.0,0.0,0.0,0.0
p48085,csp,0.0,0.0,0.0,0.0,0.0
p48089,csp,0.0,0.0,0.0,0.0,0.0
p48091,csp,0.0,0.0,0.0,0.0,0.0
p48093,csp,0.0,0.0,0.0,0.0,0.0
p48095,csp,0.0,0.0,0.0,0.0,0.0
p48097,csp,0.0,0.0,0.0,0.0,0.0
p48099,csp,0.0,0.0,0.0,0.0,0.0
p48101,csp,0.0,0.0,0.0,0.0,0.0
p48103,csp,0.0,0.0,0.0,0.0,0.0
p48105,csp,0.0,0.0,0.0,0.0,0.0
p48107,csp,0.0,0.0,0.0,0.0,0.0
p48109,csp,0.0,0.0,0.0,0.0,0.0
p48113,csp,0.0,0.0,0.0,0.0,0.0
p48115,csp,0.0,0.0,0.0,0.0,0.0
p48117,csp,0.0,0.0,0.0,0.0,0.0
p48119,csp,0.0,0.0,0.0,0.0,0.0
p48121,csp,0.0,0.0,0.0,0.0,0.0
p48123,csp,0.0,0.0,0.0,0.0,0.0
p48125,csp,0.0,0.0,0.0,0.0,0.0
p48127,csp,0.0,0.0,0.0,0.0,0.0
p48131,csp,0.0,0.0,0.0,0.0,0.0
p48133,csp,0.0,0.0,0.0,0.0,0.0
p48135,csp,0.0,0.0,0.0,0.0,0.0
p48137,csp,0.0,0.0,0.0,0.0,0.0
p48139,csp,0.0,0.0,0.0,0.0,0.0
p48141,csp,0.0,0.0,0.0,0.0,0.0
p48143,csp,0.0,0.0,0.0,0.0,0.0
p48145,csp,0.0,0.0,0.0,0.0,0.0
p48147,csp,0.0,0.0,0.0,0.0,0.0
p48149,csp,0.0,0.0,0.0,0.0,0.0
p48151,csp,0.0,0.0,0.0,0.0,0.0
p48155,csp,0.0,0.0,0.0,0.0,0.0
p48157,csp,0.0,0.0,0.0,0.0,0.0
p48159,csp,0.0,0.0,0.0,0.0,0.0
p48161,csp,0.0,0.0,0.0,0.0,0.0
p48163,csp,0.0,0.0,0.0,0.0,0.0
p48167,csp,0.0,0.0,0.0,0.0,0.0
p48173,csp,0.0,0.0,0.0,0.0,0.0
p48175,csp,0.0,0.0,0.0,0.0,0.0
p48177,csp,0.0,0.0,0.0,0.0,0.0
p48179,csp,0.0,0.0,0.0,0.0,0.0
p48181,csp,0.0,0.0,0.0,0.0,0.0
p48185,csp,0.0,0.0,0.0,0.0,0.0
p48187,csp,0.0,0.0,0.0,0.0,0.0
p48189,csp,0.0,0.0,0.0,0.0,0.0
p48191,csp,0.0,0.0,0.0,0.0,0.0
p48197,csp,0.0,0.0,0.0,0.0,0.0
p48199,csp,0.0,0.0,0.0,0.0,0.0
p48201,csp,0.0,0.0,0.0,0.0,0.0
p48203,csp,0.0,0.0,0.0,0.0,0.0
p48207,csp,0.0,0.0,0.0,0.0,0.0
p48209,csp,0.0,0.0,0.0,0.0,0.0
p48213,csp,0.0,0.0,0.0,0.0,0.0
p48215,csp,0.0,0.0,0.0,0.0,0.0
p48217,csp,0.0,0.0,0.0,0.0,0.0
p48221,csp,0.0,0.0,0.0,0.0,0.0
p48223,csp,0.0,0.0,0.0,0.0,0.0
p48225,csp,0.0,0.0,0.0,0.0,0.0
p48227,csp,0.0,0.0,0.0,0.0,0.0
p48231,csp,0.0,0.0,0.0,0.0,0.0
p48233,csp,0.0,0.0,0.0,0.0,0.0
p48237,csp,0.0,0.0,0.0,0.0,0.0
p48239,csp,0.0,0.0,0.0,0.0,0.0
p48241,csp,0.0,0.0,0.0,0.0,0.0
p48245,csp,0.0,0.0,0.0,0.0,0.0
p48249,csp,0.0,0.0,0.0,0.0,0.0
p48251,csp,0.0,0.0,0.0,0.0,0.0
p48253,csp,0.0,0.0,0.0,0.0,0.0
p48255,csp,0.0,0.0,0.0,0.0,0.0
p48257,csp,0.0,0.0,0.0,0.0,0.0
p48259,csp,0.0,0.0,0.0,0.0,0.0
p48263,csp,0.0,0.0,0.0,0.0,0.0
p48265,csp,0.0,0.0,0.0,0.0,0.0
p48269,csp,0.0,0.0,0.0,0.0,0.0
p48271,csp,0.0,0.0,0.0,0.0,0.0
p48273,csp,0.0,0.0,0.0,0.0,0.0
p48275,csp,0.0,0.0,0.0,0.0,0.0
p48277,csp,0.0,0.0,0.0,0.0,0.0
p48279,csp,0.0,0.0,0.0,0.0,0.0
p48281,csp,0.0,0.0,0.0,0.0,0.0
p48283,csp,0.0,0.0,0.0,0.0,0.0
p48285,csp,0.0,0.0,0.0,0.0,0.0
p48287,csp,0.0,0.0,0.0,0.0,0.0
p48289,csp,0.0,0.0,0.0,0.0,0.0
p48291,csp,0.0,0.0,0.0,0.0,0.0
p48293,csp,0.0,0.0,0.0,0.0,0.0
p48297,csp,0.0,0.0,0.0,0.0,0.0
p48303,csp,0.0,0.0,0.0,0.0,0.0
p48305,csp,0.0,0.0,0.0,0.0,0.0
p48307,csp,0.0,0.0,0.0,0.0,0.0
p48309,csp,0.0,0.0,0.0,0.0,0.0
p48311,csp,0.0,0.0,0.0,0.0,0.0
p48313,csp,0.0,0.0,0.0,0.0,0.0
p48315,csp,0.0,0.0,0.0,0.0,0.0
p48317,csp,0.0,0.0,0.0,0.0,0.0
p48319,csp,0.0,0.0,0.0,0.0,0.0
p48321,csp,0.0,0.0,0.0,0.0,0.0
p48323,csp,0.0,0.0,0.0,0.0,0.0
p48325,csp,0.0,0.0,0.0,0.0,0.0
p48327,csp,0.0,0.0,0.0,0.0,0.0
p48329,csp,0.0,0.0,0.0,0.0,0.0
p48331,csp,0.0,0.0,0.0,0.0,0.0
p48333,csp,0.0,0.0,0.0,0.0,0.0
p48335,csp,0.0,0.0,0.0,0.0,0.0
p48337,csp,0.0,0.0,0.0,0.0,0.0
p48341,csp,0.0,0.0,0.0,0.0,0.0
p48343,csp,0.0,0.0,0.0,0.0,0.0
p48345,csp,0.0,0.0,0.0,0.0,0.0
p48347,csp,0.0,0.0,0.0,0.0,0.0
p48349,csp,0.0,0.0,0.0,0.0,0.0
p48351,csp,0.0,0.0,0.0,0.0,0.0
p48353,csp,0.0,0.0,0.0,0.0,0.0
p48355,csp,0.0,0.0,0.0,0.0,0.0
p48357,csp,0.0,0.0,0.0,0.0,0.0
p48359,csp,0.0,0.0,0.0,0.0,0.0
p48361,csp,0.0,0.0,0.0,0.0,0.0
p48363,csp,0.0,0.0,0.0,0.0,0.0
p48367,csp,0.0,0.0,0.0,0.0,0.0
p48369,csp,0.0,0.0,0.0,0.0,0.0
p48371,csp,0.0,0.0,0.0,0.0,0.0
p48373,csp,0.0,0.0,0.0,0.0,0.0
p48375,csp,0.0,0.0,0.0,0.0,0.0
p48379,csp,0.0,0.0,0.0,0.0,0.0
p48381,csp,0.0,0.0,0.0,0.0,0.0
p48383,csp,0.0,0.0,0.0,0.0,0.0
p48385,csp,0.0,0.0,0.0,0.0,0.0
p48387,csp,0.0,0.0,0.0,0.0,0.0
p48389,csp,0.0,0.0,0.0,0.0,0.0
p48391,csp,0.0,0.0,0.0,0.0,0.0
p48395,csp,0.0,0.0,0.0,0.0,0.0
p48397,csp,0.0,0.0,0.0,0.0,0.0
p48399,csp,0.0,0.0,0.0,0.0,0.0
p48401,csp,0.0,0.0,0.0,0.0,0.0
p48407,csp,0.0,0.0,0.0,0.0,0.0
p48409,csp,0.0,0.0,0.0,0.0,0.0
p48413,csp,0.0,0.0,0.0,0.0,0.0
p48415,csp,0.0,0.0,0.0,0.0,0.0
p48417,csp,0.0,0.0,0.0,0.0,0.0
p48421,csp,0.0,0.0,0.0,0.0,0.0
p48423,csp,0.0,0.0,0.0,0.0,0.0
p48427,csp,0.0,0.0,0.0,0.0,0.0
p48429,csp,0.0,0.0,0.0,0.0,0.0
p48433,csp,0.0,0.0,0.0,0.0,0.0
p48437,csp,0.0,0.0,0.0,0.0,0.0
p48439,csp,0.0,0.0,0.0,0.0,0.0
p48441,csp,0.0,0.0,0.0,0.0,0.0
p48445,csp,0.0,0.0,0.0,0.0,0.0
p48447,csp,0.0,0.0,0.0,0.0,0.0
p48449,csp,0.0,0.0,0.0,0.0,0.0
p48451,csp,0.0,0.0,0.0,0.0,0.0
p48453,csp,0.0,0.0,0.0,0.0,0.0
p48457,csp,0.0,0.0,0.0,0.0,0.0
p48461,csp,0.0,0.0,0.0,0.0,0.0
p48463,csp,0.0,0.0,0.0,0.0,0.0
p48465,csp,0.0,0.0,0.0,0.0,0.0
p48467,csp,0.0,0.0,0.0,0.0,0.0
p48469,csp,0.0,0.0,0.0,0.0,0.0
p48471,csp,0.0,0.0,0.0,0.0,0.0
p48473,csp,0.0,0.0,0.0,0.0,0.0
p48475,csp,0.0,0.0,0.0,0.0,0.0
p48477,csp,0.0,0.0,0.0,0.0,0.0
p48479,csp,0.0,0.0,0.0,0.0,0.0
p48481,csp,0.0,0.0,0.0,0.0,0.0
p48483,csp,0.0,0.0,0.0,0.0,0.0
p48485,csp,0.0,0.0,0.0,0.0,0.0
p48487,csp,0.0,0.0,0.0,0.0,0.0
p48489,csp,0.0,0.0,0.0,0.0,0.0
p48491,csp,0.0,0.0,0.0,0.0,0.0
p48493,csp,0.0,0.0,0.0,0.0,0.0
p48495,csp,0.0,0.0,0.0,0.0,0.0
p48497,csp,0.0,0.0,0.0,0.0,0.0
p48501,csp,0.0,0.0,0.0,0.0,0.0
p48503,csp,0.0,0.0,0.0,0.0,0.0
p48505,csp,0.0,0.0,0.0,0.0,0.0
p48507,csp,0.0,0.0,0.0,0.0,0.0
p49001,csp,0.0,0.0,0.0,0.0,0.0
p49003,csp,0.0,0.0,0.0,0.0,0.0
p49005,csp,0.0,0.0,0.0,0.0,0.0
p49007,csp,0.0,0.0,0.0,0.0,0.0
p49013,csp,0.0,0.0,0.0,0.0,0.0
p49015,csp,0.0,0.0,0.0,0.0,0.0
p49021,csp,0.0,0.0,0.0,0.0,0.0
p49023,csp,0.0,0.0,0.0,0.0,0.0
p49025,csp,0.0,0.0,0.0,0.0,0.0
p49027,csp,0.0,0.0,0.0,0.0,0.0
p49035,csp,0.0,0.0,0.0,0.0,0.0
p49037,csp,0.0,0.0,0.0,0.0,0.0
p49041,csp,0.0,0.0,0.0,0.0,0.0
p49043,csp,0.0,0.0,0.0,0.0,0.0
p49045,csp,0.0,0.0,0.0,0.0,0.0
p49047,csp,0.0,0.0,0.0,0.0,0.0
p49049,csp,0.0,0.0,0.0,0.0,0.0
p49053,csp,0.0,0.0,0.0,0.0,0.0
p49057,csp,0.0,0.0,0.0,0.0,0.0
p50001,csp,0.0,0.0,0.0,0.0,0.0
p50003,csp,0.0,0.0,0.0,0.0,0.0
p50005,csp,0.0,0.0,0.0,0.0,0.0
p50021,csp,0.0,0.0,0.0,0.0,0.0
p51001,csp,0.0,0.0,0.0,0.0,0.0
p51003,csp,0.0,0.0,0.0,0.0,0.0
p51007,csp,0.0,0.0,0.0,0.0,0.0
p51009,csp,0.0,0.0,0.0,0.0,0.0
p51011,csp,0.0,0.0,0.0,0.0,0.0
p51013,csp,0.0,0.0,0.0,0.0,0.0
p51015,csp,0.0,0.0,0.0,0.0,0.0
p51019,csp,0.0,0.0,0.0,0.0,0.0
p51023,csp,0.0,0.0,0.0,0.0,0.0
p51025,csp,0.0,0.0,0.0,0.0,0.0
p51027,csp,0.0,0.0,0.0,0.0,0.0
p51029,csp,0.0,0.0,0.0,0.0,0.0
p51031,csp,0.0,0.0,0.0,0.0,0.0
p51033,csp,0.0,0.0,0.0,0.0,0.0
p51035,csp,0.0,0.0,0.0,0.0,0.0
p51036,csp,0.0,0.0,0.0,0.0,0.0
p51037,csp,0.0,0.0,0.0,0.0,0.0
p51041,csp,0.0,0.0,0.0,0.0,0.0
p51043,csp,0.0,0.0,0.0,0.0,0.0
p51047,csp,0.0,0.0,0.0,0.0,0.0
p51049,csp,0.0,0.0,0.0,0.0,0.0
p51051,csp,0.0,0.0,0.0,0.0,0.0
p51053,csp,0.0,0.0,0.0,0.0,0.0
p51057,csp,0.0,0.0,0.0,0.0,0.0
p51059,csp,0.0,0.0,0.0,0.0,0.0
p51061,csp,0.0,0.0,0.0,0.0,0.0
p51063,csp,0.0,0.0,0.0,0.0,0.0
p51065,csp,0.0,0.0,0.0,0.0,0.0
p51067,csp,0.0,0.0,0.0,0.0,0.0
p51069,csp,0.0,0.0,0.0,0.0,0.0
p51071,csp,0.0,0.0,0.0,0.0,0.0
p51073,csp,0.0,0.0,0.0,0.0,0.0
p51075,csp,0.0,0.0,0.0,0.0,0.0
p51077,csp,0.0,0.0,0.0,0.0,0.0
p51081,csp,0.0,0.0,0.0,0.0,0.0
p51083,csp,0.0,0.0,0.0,0.0,0.0
p51085,csp,0.0,0.0,0.0,0.0,0.0
p51087,csp,0.0,0.0,0.0,0.0,0.0
p51089,csp,0.0,0.0,0.0,0.0,0.0
p51093,csp,0.0,0.0,0.0,0.0,0.0
p51095,csp,0.0,0.0,0.0,0.0,0.0
p51099,csp,0.0,0.0,0.0,0.0,0.0
p51101,csp,0.0,0.0,0.0,0.0,0.0
p51103,csp,0.0,0.0,0.0,0.0,0.0
p51107,csp,0.0,0.0,0.0,0.0,0.0
p51109,csp,0.0,0.0,0.0,0.0,0.0
p51111,csp,0.0,0.0,0.0,0.0,0.0
p51113,csp,0.0,0.0,0.0,0.0,0.0
p51117,csp,0.0,0.0,0.0,0.0,0.0
p51119,csp,0.0,0.0,0.0,0.0,0.0
p51121,csp,0.0,0.0,0.0,0.0,0.0
p51125,csp,0.0,0.0,0.0,0.0,0.0
p51127,csp,0.0,0.0,0.0,0.0,0.0
p51131,csp,0.0,0.0,0.0,0.0,0.0
p51133,csp,0.0,0.0,0.0,0.0,0.0
p51135,csp,0.0,0.0,0.0,0.0,0.0
p51137,csp,0.0,0.0,0.0,0.0,0.0
p51139,csp,0.0,0.0,0.0,0.0,0.0
p51141,csp,0.0,0.0,0.0,0.0,0.0
p51143,csp,0.0,0.0,0.0,0.0,0.0
p51145,csp,0.0,0.0,0.0,0.0,0.0
p51147,csp,0.0,0.0,0.0,0.0,0.0
p51149,csp,0.0,0.0,0.0,0.0,0.0
p51153,csp,0.0,0.0,0.0,0.0,0.0
p51155,csp,0.0,0.0,0.0,0.0,0.0
p51157,csp,0.0,0.0,0.0,0.0,0.0
p51159,csp,0.0,0.0,0.0,0.0,0.0
p51161,csp,0.0,0.0,0.0,0.0,0.0
p51163,csp,0.0,0.0,0.0,0.0,0.0
p51165,csp,0.0,0.0,0.0,0.0,0.0
p51167,csp,0.0,0.0,0.0,0.0,0.0
p51171,csp,0.0,0.0,0.0,0.0,0.0
p51173,csp,0.0,0.0,0.0,0.0,0.0
p51175,csp,0.0,0.0,0.0,0.0,0.0
p51177,csp,0.0,0.0,0.0,0.0,0.0
p51181,csp,0.0,0.0,0.0,0.0,0.0
p51183,csp,0.0,0.0,0.0,0.0,0.0
p51185,csp,0.0,0.0,0.0,0.0,0.0
p51187,csp,0.0,0.0,0.0,0.0,0.0
p51191,csp,0.0,0.0,0.0,0.0,0.0
p51193,csp,0.0,0.0,0.0,0.0,0.0
p51195,csp,0.0,0.0,0.0,0.0,0.0
p51197,csp,0.0,0.0,0.0,0.0,0.0
p51199,csp,0.0,0.0,0.0,0.0,0.0
p53001,csp,0.0,0.0,0.0,0.0,0.0
p53005,csp,0.0,0.0,0.0,0.0,0.0
p53011,csp,0.0,0.0,0.0,0.0,0.0
p53013,csp,0.0,0.0,0.0,0.0,0.0
p53015,csp,0.0,0.0,0.0,0.0,0.0
p53017,csp,0.0,0.0,0.0,0.0,0.0
p53021,csp,0.0,0.0,0.0,0.0,0.0
p53023,csp,0.0,0.0,0.0,0.0,0.0
p53025,csp,0.0,0.0,0.0,0.0,0.0
p53027,csp,0.0,0.0,0.0,0.0,0.0
p53033,csp,0.0,0.0,0.0,0.0,0.0
p53035,csp,0.0,0.0,0.0,0.0,0.0
p53037,csp,0.0,0.0,0.0,0.0,0.0
p53039,csp,0.0,0.0,0.0,0.0,0.0
p53041,csp,0.0,0.0,0.0,0.0,0.0
p53043,csp,0.0,0.0,0.0,0.0,0.0
p53045,csp,0.0,0.0,0.0,0.0,0.0
p53053,csp,0.0,0.0,0.0,0.0,0.0
p53057,csp,0.0,0.0,0.0,0.0,0.0
p53061,csp,0.0,0.0,0.0,0.0,0.0
p53063,csp,0.0,0.0,0.0,0.0,0.0
p53065,csp,0.0,0.0,0.0,0.0,0.0
p53067,csp,0.0,0.0,0.0,0.0,0.0
p53071,csp,0.0,0.0,0.0,0.0,0.0
p53073,csp,0.0,0.0,0.0,0.0,0.0
p53075,csp,0.0,0.0,0.0,0.0,0.0
p53077,csp,0.0,0.0,0.0,0.0,0.0
p54001,csp,0.0,0.0,0.0,0.0,0.0
p54003,csp,0.0,0.0,0.0,0.0,0.0
p54009,csp,0.0,0.0,0.0,0.0,0.0
p54017,csp,0.0,0.0,0.0,0.0,0.0
p54019,csp,0.0,0.0,0.0,0.0,0.0
p54023,csp,0.0,0.0,0.0,0.0,0.0
p54025,csp,0.0,0.0,0.0,0.0,0.0
p54027,csp,0.0,0.0,0.0,0.0,0.0
p54029,csp,0.0,0.0,0.0,0.0,0.0
p54031,csp,0.0,0.0,0.0,0.0,0.0
p54033,csp,0.0,0.0,0.0,0.0,0.0
p54037,csp,0.0,0.0,0.0,0.0,0.0
p54039,csp,0.0,0.0,0.0,0.0,0.0
p54049,csp,0.0,0.0,0.0,0.0,0.0
p54053,csp,0.0,0.0,0.0,0.0,0.0
p54057,csp,0.0,0.0,0.0,0.0,0.0
p54059,csp,0.0,0.0,0.0,0.0,0.0
p54061,csp,0.0,0.0,0.0,0.0,0.0
p54067,csp,0.0,0.0,0.0,0.0,0.0
p54071,csp,0.0,0.0,0.0,0.0,0.0
p54077,csp,0.0,0.0,0.0,0.0,0.0
p54083,csp,0.0,0.0,0.0,0.0,0.0
p54093,csp,0.0,0.0,0.0,0.0,0.0
p54101,csp,0.0,0.0,0.0,0.0,0.0
p55001,csp,0.0,0.0,0.0,0.0,0.0
p55005,csp,0.0,0.0,0.0,0.0,0.0
p55009,csp,0.0,0.0,0.0,0.0,0.0
p55011,csp,0.0,0.0,0.0,0.0,0.0
p55017,csp,0.0,0.0,0.0,0.0,0.0
p55019,csp,0.0,0.0,0.0,0.0,0.0
p55021,csp,0.0,0.0,0.0,0.0,0.0
p55025,csp,0.0,0.0,0.0,0.0,0.0
p55027,csp,0.0,0.0,0.0,0.0,0.0
p55031,csp,0.0,0.0,0.0,0.0,0.0
p55033,csp,0.0,0.0,0.0,0.0,0.0
p55039,csp,0.0,0.0,0.0,0.0,0.0
p55043,csp,0.0,0.0,0.0,0.0,0.0
p55045,csp,0.0,0.0,0.0,0.0,0.0
p55049,csp,0.0,0.0,0.0,0.0,0.0
p55053,csp,0.0,0.0,0.0,0.0,0.0
p55055,csp,0.0,0.0,0.0,0.0,0.0
p55057,csp,0.0,0.0,0.0,0.0,0.0
p55059,csp,0.0,0.0,0.0,0.0,0.0
p55063,csp,0.0,0.0,0.0,0.0,0.0
p55065,csp,0.0,0.0,0.0,0.0,0.0
p55071,csp,0.0,0.0,0.0,0.0,0.0
p55073,csp,0.0,0.0,0.0,0.0,0.0
p55075,csp,0.0,0.0,0.0,0.0,0.0
p55079,csp,0.0,0.0,0.0,0.0,0.0
p55083,csp,0.0,0.0,0.0,0.0,0.0
p55087,csp,0.0,0.0,0.0,0.0,0.0
p55093,csp,0.0,0.0,0.0,0.0,0.0
p55095,csp,0.0,0.0,0.0,0.0,0.0
p55097,csp,0.0,0.0,0.0,0.0,0.0
p55105,csp,0.0,0.0,0.0,0.0,0.0
p55109,csp,0.0,0.0,0.0,0.0,0.0
p55113,csp,0.0,0.0,0.0,0.0,0.0
p55115,csp,0.0,0.0,0.0,0.0,0.0
p55117,csp,0.0,0.0,0.0,0.0,0.0
p55121,csp,0.0,0.0,0.0,0.0,0.0
p55127,csp,0.0,0.0,0.0,0.0,0.0
p55135,csp,0.0,0.0,0.0,0.0,0.0
p55137,csp,0.0,0.0,0.0,0.0,0.0
p55139,csp,0.0,0.0,0.0,0.0,0.0
p55141,csp,0.0,0.0,0.0,0.0,0.0
p56001,csp,0.0,0.0,0.0,0.0,0.0
p56005,csp,0.0,0.0,0.0,0.0,0.0
p56007,csp,0.0,0.0,0.0,0.0,0.0
p56009,csp,0.0,0.0,0.0,0.0,0.0
p56013,csp,0.0,0.0,0.0,0.0,0.0
p56015,csp,0.0,0.0,0.0,0.0,0.0
p56021,csp,0.0,0.0,0.0,0.0,0.0
p56023,csp,0.0,0.0,0.0,0.0,0.0
p56025,csp,0.0,0.0,0.0,0.0,0.0
p56031,csp,0.0,0.0,0.0,0.0,0.0
p56037,csp,0.0,0.0,0.0,0.0,0.0
p56041,csp,0.0,0.0,0.0,0.0,0.0
